 10  8  9  3 00  0  0  0  0
nnn_pot
  7                                                            Z1  BVs 1 - 7
  7  5
                                    29.979841   
                                    11.989984   
                                    6.832848    
                                    3.862851    
                                    1.117653    
                                    0.460561    
                                    0.140340    
   31.761677    7.636712    0.284368    0.184784    0.060657
  1  1
          1.

  1  1
                      1.

  1  1
                                  1.

  1  1
                                              1.

  1  1
                                                          1.

  1  1
                                                                      1.

  1  1

          1.
  7                                                            Z2  BVs 8 - 14
  7  5
                                    22.796556   
                                    9.320045    
                                    7.736092    
                                    7.058006    
                                    1.991298    
                                    0.359068    
                                    0.029525    
   48.968555   12.987706    1.339125    0.999929    0.343258
  1  1
          1.

  1  1
                      1.

  1  1
                                  1.

  1  1
                                              1.

  1  1
                                                          1.

  1  1
                                                                      1.

  1  1

          1.
eob-tni/123_123
elu-tni/000_000
eob-tni/123_123
elu-tni/000_000
eob-tni/123_123
elu-tni/000_000
