 10  8  9  3 00  0  0  0  0
nnn_pot
  7                                                            Z1  BVs 1 - 7
  7  5
                                    19.270870   
                                    8.121530    
                                    4.685037    
                                    2.015447    
                                    0.559734    
                                    0.123250    
                                    0.020420    
    9.354673    6.986613    0.249999    0.155272    0.008908
  1  1
          1.

  1  1
                      1.

  1  1
                                  1.

  1  1
                                              1.

  1  1
                                                          1.

  1  1
                                                                      1.

  1  1

          1.
  7                                                            Z2  BVs 8 - 14
  7  5
                                    14.740558   
                                    4.950761    
                                    2.615640    
                                    0.902787    
                                    0.902725    
                                    0.340805    
                                    0.056017    
   16.879694    1.487919    0.710777    0.050039    0.034667
  1  1
          1.

  1  1
                      1.

  1  1
                                  1.

  1  1
                                              1.

  1  1
                                                          1.

  1  1
                                                                      1.

  1  1

          1.
eob-tni/123_123
elu-tni/000_000
eob-tni/123_123
elu-tni/000_000
eob-tni/123_123
elu-tni/000_000
