 11  2 12 31  1  1 +2  0  0 -1
  1  1  1  1  0  0  0  0  0  0  0  0  0  0  1  1
   0.0000000   1.0000000   1.0000000   1.0000000   1.0000000   1.0000000   1.0000000
   1.0000000   1.0000000   1.0000000   1.0000000   1.0000000   1.0000000   1.0000000
   1.0000000   1.0000000   1.0000000   1.0000000   1.0000000   1.0000000   1.0000000
   1.0000000   1.0000000   1.0000000   1.0000000   1.0000000   1.0000000   1.0000000
   1.0000000   1.0000000
   0  55   0   0   0   1
  41
-4.054820000        
-0.090915460        
-5.100149000        
0.338594300         
-6.766887000        
0.417921900         
1.404331000         
1.283459000         
-0.632732700        
-1.513263000        
0.081375660         
0.209474300         
0.739677100         
0.082132410         
0.043336840         
0.044101690         
-0.001984130        
0.010061480         
-0.000071218        
0.000103625         
0.479491956         
0.940456056         
0.532394651         
0.235342560         
0.099283622         
0.024595915         
0.461143082         
0.522108627         
0.230795671         
0.097365433         
0.024120714         
0.147783535         
0.130654037         
0.055118828         
0.013654800         
0.028877502         
0.024365020         
0.006036040         
0.005139418         
0.002546416         
0.000315417         
  1  1  0
  20  22  23  24  25  26  27  28  29  30  31  32  33  34  35  36  37  38  39  40
  41
   1   2   3   4   5   6   7   8   9  10  11  12  13  14  15  16  17  18  19  20
  1  1  1  1  1  1  1  1  1  1  1  1  1  1  1  1  1  1  1
  2  2  0
  21   1   2   3   4   5   6   7   8   9  10  11  12  13  14  15  16  17  18  19
  20  21
  21  22  23  24  25  26  27  28  29  30  31  32  33  34  35  36  37  38  39  40
  41
  1  1  1  1  1  1  1  1  1  1  1  1  1  1  1  1  1  1  1
  1  1  0 -1
   1  22
7   
  0  1  0  1  0  1  0  1  0  1  0  0
  1  1  0
   1  23
29  
  0  1  0  1  0  1  0  1  0  1  0  0
  1  1  0
   1  24
3   
  0  1  0  1  0  1  0  1  0  1  0  0
  1  1  0
   1  25
24  
  0  1  0  1  0  1  0  1  0  1  0  0
  1  1  0
   1  26
23  
  0  1  0  1  0  1  0  1  0  1  0  0
  1  1  0
   1  27
22  
  0  1  0  1  0  1  0  1  0  1  0  0
  1  1  0
   1  28
24  
  0  1  0  1  0  1  0  1  0  1  0  0
  1  1  0
   1  29
12  
  0  1  0  1  0  1  0  1  0  1  0  0
  1  1  0
   1  30
4   
  0  1  0  1  0  1  0  1  0  1  0  0
  1  1  0
   1  31
12  
  0  1  0  1  0  1  0  1  0  1  0  0
  1  1  0
   1  32
32  
  0  1  0  1  0  1  0  1  0  1  0  0
  1  1  0
   1  33
21  
  0  1  0  1  0  1  0  1  0  1  0  0
  1  1  0
   1  34
12  
  0  1  0  1  0  1  0  1  0  1  0  0
  1  1  0
   1  35
33  
  0  1  0  1  0  1  0  1  0  1  0  0
  1  1  0
   1  36
27  
  0  1  0  1  0  1  0  1  0  1  0  0
  1  1  0
   1  37
24  
  0  1  0  1  0  1  0  1  0  1  0  0
  2  2  0
   1   1
22  
  0  1  0  1  0  1  0  1  0  1  0  0
  2  2  0
   1   2
10  
  0  1  0  1  0  1  0  1  0  1  0  0
  2  2  0
   1   3
7   
  0  1  0  1  0  1  0  1  0  1  0  0
  2  2  0
   1   4
28  
  0  1  0  1  0  1  0  1  0  1  0  0
  2  2  0
   1   5
21  
  0  1  0  1  0  1  0  1  0  1  0  0
  2  2  0
   1   6
7   
  0  1  0  1  0  1  0  1  0  1  0  0
  2  2  0
   1   7
12  
  0  1  0  1  0  1  0  1  0  1  0  0
  2  2  0
   1   8
4   
  0  1  0  1  0  1  0  1  0  1  0  0
  2  2  0
   1   9
9   
  0  1  0  1  0  1  0  1  0  1  0  0
  2  2  0
   1  10
28  
  0  1  0  1  0  1  0  1  0  1  0  0
  2  2  0
   1  11
8   
  0  1  0  1  0  1  0  1  0  1  0  0
  2  2  0
   1  12
12  
  0  1  0  1  0  1  0  1  0  1  0  0
  2  2  0
   1  13
5   
  0  1  0  1  0  1  0  1  0  1  0  0
  2  2  0
   1  14
28  
  0  1  0  1  0  1  0  1  0  1  0  0
  2  2  0
   1  15
13  
  0  1  0  1  0  1  0  1  0  1  0  0
  2  2  0
   1  16
28  
  0  1  0  1  0  1  0  1  0  1  0  0
  2  2  0
   1  17
28  
  0  1  0  1  0  1  0  1  0  1  0  0
  2  2  0
   1  42
13  
  0  1  0  1  0  1  0  1  0  1
  2  2  0
   1  43
29  
  0  1  0  1  0  1  0  1  0  1
  2  2  0
   1  44
33  
  0  1  0  1  0  1  0  1  0  1
  2  2  0
   1  45
33  
  0  1  0  1  0  1  0  1  0  1
  2  2  0
   1  46
24  
  0  1  0  1  0  1  0  1  0  1
  2  2  0
   1  47
6   
  0  1  0  1  0  1  0  1  0  1
  2  2  0
   1  48
7   
  0  1  0  1  0  1  0  1  0  1
  2  2  0
   1  49
6   
  0  1  0  1  0  1  0  1  0  1
  2  2  0
   1  50
10  
  1  0  1  0  1  0  1  0  1  0
  2  2  0
   1  51
5   
  1  0  1  0  1  0  1  0  1  0
  2  2  0
   1  52
13  
  1  0  1  0  1  0  1  0  1  0
  2  2  0
   1  53
29  
  1  0  1  0  1  0  1  0  1  0
  1  1  0
   1  54
23  
  0  1  0  1  0  1  0  1  0  1
  1  1  0
   1  55
7   
  0  1  0  1  0  1  0  1  0  1
  1  1  0
   1  56
27  
  0  1  0  1  0  1  0  1  0  1
  1  1  0
   1  57
8   
  0  1  0  1  0  1  0  1  0  1
  1  1  0
   1  58
22  
  0  1  0  1  0  1  0  1  0  1
  1  1  0
   1  59
28  
  0  1  0  1  0  1  0  1  0  1
  1  1  0
   1  60
22  
  0  1  0  1  0  1  0  1  0  1
  1  1  0
   1  61
27  
  0  1  0  1  0  1  0  1  0  1
  1  1  0
   1  62
9   
  1  0  1  0  1  0  1  0  1  0
  1  1  0
   1  63
12  
  1  0  1  0  1  0  1  0  1  0
  1  1  0
   1  64
6   
  1  0  1  0  1  0  1  0  1  0
  1  1  0
   1  65
10  
  1  0  1  0  1  0  1  0  1  0
