 10  8  9  3 00  0  0  0  0
nnn_pot
  8
  8 19
                                                7.700480    7.700480    
                                                7.700480    2.551719    
                                                7.700480    0.617004    
                                                7.700480    0.135226    
                                                7.700480    0.032375    
                                                7.700480    0.006571    
                                                2.551719    2.551719    
                                                2.551719    0.617004    
   12.889210    7.485850    5.201040    4.347664    2.525055    1.466512
    1.307430    0.851727    0.494670    0.328660    0.287296    0.166857
    0.096908    0.082618    0.020768    0.005221    0.001312    0.000330
    0.000083
  1  1
          1.

  1  1
                      1.

  1  1
                                  1.

  1  1
                                              1.

  1  1
                                                          1.

  1  1
                                                                      1.

  1  1

          1.
  1  1

                      1.
  8
  8 19
                                                2.551719    0.135226    
                                                2.551719    0.032375    
                                                2.551719    0.006571    
                                                0.617004    0.617004    
                                                0.617004    0.135226    
                                                0.617004    0.032375    
                                                0.617004    0.006571    
                                                0.135226    0.135226    
   12.889210    7.485850    5.201040    4.347664    2.525055    1.466512
    1.307430    0.851727    0.494670    0.328660    0.287296    0.166857
    0.096908    0.082618    0.020768    0.005221    0.001312    0.000330
    0.000083
  1  1
          1.

  1  1
                      1.

  1  1
                                  1.

  1  1
                                              1.

  1  1
                                                          1.

  1  1
                                                                      1.

  1  1

          1.
  1  1

                      1.
  5
  5 19
                                                0.135226    0.032375    
                                                0.135226    0.006571    
                                                0.032375    0.032375    
                                                0.032375    0.006571    
                                                0.006571    0.006571    
   12.889210    7.485850    5.201040    4.347664    2.525055    1.466512
    1.307430    0.851727    0.494670    0.328660    0.287296    0.166857
    0.096908    0.082618    0.020768    0.005221    0.001312    0.000330
    0.000083
  1  1
          1.
  1  1
                      1.
  1  1
                                  1.
  1  1
                                              1.
  1  1
                                                          1.
  8
  8 19
                                                31.546665   13.569424   
                                                31.546665   0.793179    
                                                18.619165   13.569424   
                                                18.619165   0.793179    
                                                7.514902    13.569424   
                                                7.514902    0.793179    
                                                1.886541    13.569424   
                                                1.886541    0.793179    
   12.988761    7.232047    5.580877    4.026751    2.242065    1.386285
    1.248366    0.695081    0.387016    0.344352    0.215488    0.119982
    0.085537    0.066805    0.021247    0.005278    0.001311    0.000326
    0.000081
  1  1
          1.

  1  1
                      1.

  1  1
                                  1.

  1  1
                                              1.

  1  1
                                                          1.

  1  1
                                                                      1.

  1  1

          1.
  1  1

                      1.
  8
  8 19
                                                1.461493    13.569424   
                                                1.461493    0.793179    
                                                5.331568    0.715686    
                                                5.331568    0.174411    
                                                1.287935    0.715686    
                                                1.287935    0.174411    
                                                0.518283    0.715686    
                                                0.518283    0.174411    
   12.988761    7.232047    5.580877    4.026751    2.242065    1.386285
    1.248366    0.695081    0.387016    0.344352    0.215488    0.119982
    0.085537    0.066805    0.021247    0.005278    0.001311    0.000326
    0.000081
  1  1
          1.

  1  1
                      1.

  1  1
                                  1.

  1  1
                                              1.

  1  1
                                                          1.

  1  1
                                                                      1.

  1  1

          1.
  1  1

                      1.
  4
  4 19
                                                0.107893    0.715686    
                                                0.107893    0.174411    
                                                0.007279    0.715686    
                                                0.007279    0.174411    
   12.988761    7.232047    5.580877    4.026751    2.242065    1.386285
    1.248366    0.695081    0.387016    0.344352    0.215488    0.119982
    0.085537    0.066805    0.021247    0.005278    0.001311    0.000326
    0.000081
  1  1
          1.
  1  1
                      1.
  1  1
                                  1.
  1  1
                                              1.
  8                                                            Z1  BVs 1 - 8
  8 10
                                                30.743404   1.820487    
                                                19.747406   0.955215    
                                                11.444488   0.364513    
                                                9.241865    0.346479    
                                                6.902181    0.189643    
                                                4.964840    0.156124    
                                                2.102817    0.153438    
                                                1.843344    0.007901    
   13.979690   10.968513    6.489262    5.327216    4.273179    0.311900
    0.309701    0.266725    0.060685    0.002140
  1  1
          1.

  1  1
                      1.

  1  1
                                  1.

  1  1
                                              1.

  1  1
                                                          1.

  1  1
                                                                      1.

  1  1

          1.
  1  1

                      1.
  4                                                            Z2  BVs 9 - 12
  4 10
                                                19.818150   0.624597    
                                                1.796172    0.185505    
                                                0.796472    0.074069    
                                                0.756532    0.043201    
    8.119724    7.892197    7.347122    2.207116    1.426052    0.633996
    0.331534    0.083614    0.083583    0.005013
  1  1
          1.
  1  1
                      1.
  1  1
                                  1.
  1  1
                                              1.
  8                                                            Z3  BVs 13 - 20
  8 10
                                                31.481112   0.663000    
                                                11.176091   0.298906    
                                                7.058746    0.282280    
                                                6.526399    0.172388    
                                                1.492262    0.126947    
                                                1.445967    0.090321    
                                                0.980505    0.088376    
                                                0.935460    0.042265    
   20.588800   20.272091    9.654090    1.643699    0.900095    0.197905
    0.135220    0.058118    0.038266    0.009060
  1  1
          1.

  1  1
                      1.

  1  1
                                  1.

  1  1
                                              1.

  1  1
                                                          1.

  1  1
                                                                      1.

  1  1

          1.
  1  1

                      1.
  4                                                            Z4  BVs 21 - 24
  4 10
                                                19.418776   9.947246    
                                                14.985559   5.861906    
                                                10.935755   1.952774    
                                                10.454496   0.021072    
   31.130758   11.565269    7.827038    0.888954    0.295357    0.285957
    0.266498    0.100707    0.018355    0.016402
  1  1
          1.
  1  1
                      1.
  1  1
                                  1.
  1  1
                                              1.
eob-tni/np3s_np3s_12-34_np3s_np3s_12-34
elu-tni/000-0_000-0
eob-tni/np3s_np3s_12-34_np3s_np3s_12-34
elu-tni/000-0_000-0
eob-tni/np3s_np3s_12-34_np3s_np3s_12-34
elu-tni/000-0_000-0
eob-tni/np3s_np3s_12-34_np3s_np3s_12-34
elu-tni/000-0_000-0
eob-tni/np3s_np3s_12-34_np3s_np3s_12-34
elu-tni/000-0_000-0
eob-tni/np3s_np3s_12-34_np3s_np3s_12-34
elu-tni/000-0_000-0
eob-tni/tp_123-4_np3s_np3s_12-34
elu-tni/000-0_000-0
eob-tni/tp_123-4_np3s_np3s_12-34
elu-tni/000-0_000-0
eob-tni/tp_123-4_np3s_np3s_12-34
elu-tni/000-0_000-0
eob-tni/tp_123-4_tp_123-4
elu-tni/000-0_000-0
eob-tni/tp_123-4_np3s_np3s_12-34
elu-tni/000-0_000-0
eob-tni/tp_123-4_np3s_np3s_12-34
elu-tni/000-0_000-0
eob-tni/tp_123-4_np3s_np3s_12-34
elu-tni/000-0_000-0
eob-tni/tp_123-4_tp_123-4
elu-tni/000-0_000-0
eob-tni/tp_123-4_tp_123-4
elu-tni/000-0_000-0
eob-tni/tp_123-4_np3s_np3s_12-34
elu-tni/000-0_000-0
eob-tni/tp_123-4_np3s_np3s_12-34
elu-tni/000-0_000-0
eob-tni/tp_123-4_np3s_np3s_12-34
elu-tni/000-0_000-0
eob-tni/tp_123-4_tp_123-4
elu-tni/000-0_000-0
eob-tni/tp_123-4_tp_123-4
elu-tni/000-0_000-0
eob-tni/tp_123-4_tp_123-4
elu-tni/000-0_000-0
eob-tni/np3s_np3s_12-34_np3s_np3s_12-34
elu-tni/000-0_000-0
eob-tni/np3s_np3s_12-34_np3s_np3s_12-34
elu-tni/000-0_000-0
eob-tni/np3s_np3s_12-34_np3s_np3s_12-34
elu-tni/000-0_000-0
eob-tni/np3s_np3s_12-34_tp_123-4
elu-tni/000-0_000-0
eob-tni/np3s_np3s_12-34_tp_123-4
elu-tni/000-0_000-0
eob-tni/np3s_np3s_12-34_tp_123-4
elu-tni/000-0_000-0
eob-tni/np3s_np3s_12-34_np3s_np3s_12-34
elu-tni/000-0_000-0
eob-tni/np3s_np3s_12-34_np3s_np3s_12-34
elu-tni/000-0_000-0
eob-tni/np3s_np3s_12-34_np3s_np3s_12-34
elu-tni/000-0_000-0
eob-tni/np3s_np3s_12-34_np3s_np3s_12-34
elu-tni/000-0_000-0
eob-tni/np3s_np3s_12-34_tp_123-4
elu-tni/000-0_000-0
eob-tni/np3s_np3s_12-34_tp_123-4
elu-tni/000-0_000-0
eob-tni/np3s_np3s_12-34_tp_123-4
elu-tni/000-0_000-0
eob-tni/np3s_np3s_12-34_np3s_np3s_12-34
elu-tni/000-0_000-0
eob-tni/np3s_np3s_12-34_np3s_np3s_12-34
elu-tni/000-0_000-0
eob-tni/tp_123-4_np3s_np3s_12-34
elu-tni/000-0_000-0
eob-tni/tp_123-4_np3s_np3s_12-34
elu-tni/000-0_000-0
eob-tni/tp_123-4_np3s_np3s_12-34
elu-tni/000-0_000-0
eob-tni/tp_123-4_tp_123-4
elu-tni/000-0_000-0
eob-tni/tp_123-4_tp_123-4
elu-tni/000-0_000-0
eob-tni/tp_123-4_tp_123-4
elu-tni/000-0_000-0
eob-tni/tp_123-4_np3s_np3s_12-34
elu-tni/000-0_000-0
eob-tni/tp_123-4_np3s_np3s_12-34
elu-tni/000-0_000-0
eob-tni/tp_123-4_tp_123-4
elu-tni/000-0_000-0
eob-tni/tp_123-4_np3s_np3s_12-34
elu-tni/000-0_000-0
eob-tni/tp_123-4_np3s_np3s_12-34
elu-tni/000-0_000-0
eob-tni/tp_123-4_np3s_np3s_12-34
elu-tni/000-0_000-0
eob-tni/tp_123-4_tp_123-4
elu-tni/000-0_000-0
eob-tni/tp_123-4_tp_123-4
elu-tni/000-0_000-0
eob-tni/tp_123-4_tp_123-4
elu-tni/000-0_000-0
eob-tni/tp_123-4_np3s_np3s_12-34
elu-tni/000-0_000-0
eob-tni/tp_123-4_np3s_np3s_12-34
elu-tni/000-0_000-0
eob-tni/tp_123-4_tp_123-4
elu-tni/000-0_000-0
eob-tni/tp_123-4_tp_123-4
elu-tni/000-0_000-0
