 10  8  9  3 00  0  0  0  0
nnn_pot
  8                                                            Z1  BVs 1 - 8
  8  8
                                                9.728180    1.915884    
                                                1.679111    1.526851    
                                                0.518110    0.460083    
                                                0.334823    0.324889    
                                                0.229669    0.084707    
                                                0.084707    0.081952    
                                                0.081396    0.005020    
                                                0.001760    0.001261    
    9.807981    2.990792    2.386833    0.351038    0.131257    0.104498
    0.096506    0.011653
  1  1
          1.

  1  1
                      1.

  1  1
                                  1.

  1  1
                                              1.

  1  1
                                                          1.

  1  1
                                                                      1.

  1  1

          1.
  1  1

                      1.
  8                                                            Z2  BVs 9 - 16
  8  8
                                                10.432495   10.302338   
                                                8.389830    6.990701    
                                                3.456544    2.872937    
                                                1.227973    1.095867    
                                                0.264484    0.118916    
                                                0.118901    0.048652    
                                                0.019269    0.007717    
                                                0.003734    0.001685    
    7.274318    5.703809    1.611974    0.826800    0.432478    0.065448
    0.007265    0.001755
  1  1
          1.

  1  1
                      1.

  1  1
                                  1.

  1  1
                                              1.

  1  1
                                                          1.

  1  1
                                                                      1.

  1  1

          1.
  1  1

                      1.
  8                                                            Z3  BVs 17 - 24
  8  8
                                                11.981685   9.693603    
                                                6.846350    5.295748    
                                                4.419962    3.804240    
                                                2.530237    1.002806    
                                                0.363125    0.319318    
                                                0.254608    0.158552    
                                                0.105811    0.054596    
                                                0.006442    0.005248    
    5.919372    5.787848    1.172118    0.699607    0.083587    0.073359
    0.062608    0.018916
  1  1
          1.

  1  1
                      1.

  1  1
                                  1.

  1  1
                                              1.

  1  1
                                                          1.

  1  1
                                                                      1.

  1  1

          1.
  1  1

                      1.
  8                                                            Z4  BVs 25 - 32
  8  8
                                                9.857312    7.945254    
                                                7.938086    5.794924    
                                                5.771239    5.659503    
                                                5.632148    0.960022    
                                                0.456066    0.426984    
                                                0.158805    0.058950    
                                                0.025180    0.005966    
                                                0.004864    0.002562    
    7.078324    6.421715    0.558371    0.128121    0.103951    0.053824
    0.006769    0.006477
  1  1
          1.

  1  1
                      1.

  1  1
                                  1.

  1  1
                                              1.

  1  1
                                                          1.

  1  1
                                                                      1.

  1  1

          1.
  1  1

                      1.
eob-tni/tp_1s0_tp_1s0
elu-tni/000-0_000-0
eob-tni/tp_6s0_tp_1s0
elu-tni/000-0_000-0
eob-tni/tp_6s0_tp_6s0
elu-tni/000-0_000-0
eob-tni/hen_1s0_tp_1s0
elu-tni/000-0_000-0
eob-tni/hen_1s0_tp_6s0
elu-tni/000-0_000-0
eob-tni/hen_1s0_hen_1s0
elu-tni/000-0_000-0
eob-tni/hen_6s0_tp_1s0
elu-tni/000-0_000-0
eob-tni/hen_6s0_tp_6s0
elu-tni/000-0_000-0
eob-tni/hen_6s0_hen_1s0
elu-tni/000-0_000-0
eob-tni/hen_6s0_hen_6s0
elu-tni/000-0_000-0
