 10  8  9  3 00  0  0  0  0
nn_pot
  6                                                            Z1  BVs 1 - 6
  6 10
                                    12.067198   
                                    4.406194    
                                    2.542397    
                                    1.530990    
                                    0.827871    
                                    0.458395    
    8.597090    8.391221    0.637292    0.489988    0.108573    0.100638
    0.023131    0.015562    0.000353    0.000220
  1  1
          1.
  1  1
                      1.
  1  1
                                  1.
  1  1
                                              1.
  1  1
                                                          1.
  1  1
                                                                      1.
  6                                                            Z2  BVs 7 - 12
  6 10
                                    6.839593    
                                    1.884027    
                                    0.283690    
                                    0.166235    
                                    0.086377    
                                    0.026326    
    9.502402    9.356246    3.731901    2.865286    1.372586    0.217560
    0.121549    0.029681    0.000469    0.000349
  1  1
          1.
  1  1
                      1.
  1  1
                                  1.
  1  1
                                              1.
  1  1
                                                          1.
  1  1
                                                                      1.
  6                                                            Z3  BVs 13 - 18
  6 10
                                    28.794390   
                                    5.761928    
                                    3.491069    
                                    1.706459    
                                    0.603236    
                                    0.123792    
  137.987305    5.481556    0.984348    0.984347    0.280804    0.147148
    0.096022    0.055838    0.006248    0.006237
  1  1
          1.
  1  1
                      1.
  1  1
                                  1.
  1  1
                                              1.
  1  1
                                                          1.
  1  1
                                                                      1.
  6                                                            Z4  BVs 19 - 24
  6 10
                                    7.369041    
                                    1.861722    
                                    0.977751    
                                    0.914744    
                                    0.192866    
                                    0.051908    
    7.795531    7.765263    6.780422    6.289987    5.070305    1.937339
    0.050766    0.020351    0.005642    0.002005
  1  1
          1.
  1  1
                      1.
  1  1
                                  1.
  1  1
                                              1.
  1  1
                                                          1.
  1  1
                                                                      1.
eob/t_no1_t_no1
elu/000_000
eob/t_no1_t_no1
elu/000_000
eob/t_no1_t_no1
elu/000_000
eob/t_no6_t_no1
elu/000_000
eob/t_no6_t_no1
elu/000_000
eob/t_no6_t_no6
elu/000_000
eob/t_no6_t_no1
elu/000_000
eob/t_no6_t_no1
elu/000_000
eob/t_no6_t_no6
elu/000_000
eob/t_no6_t_no6
elu/000_000
