 11  2 12 31  1  1 +2  0  0 -1
  1  1  1  1  0  0  0  0  0  0  0  0  0  0  1  1
   0.0000000   1.0000000   0.0000000   0.0000000   0.0000000   0.0000000   0.0000000
   0.0000000   0.0000000   0.0000000   0.0000000   0.0000000   0.0000000   1.0000000
   0.0000000   0.0000000   0.0000000   0.0000000   0.0000000   0.0000000   0.0000000
   0.0000000   0.0000000   0.0000000   0.0000000   0.0000000   0.0000000   0.0000000
   0.0000000   0.0000000
   0  37   0   0   0   1
  78
0.000000030         
-0.000000615        
-0.000053117        
-0.000112667        
-0.000094303        
-0.000058055        
-0.000028760        
-0.000028285        
-0.000011319        
-0.000002319        
-0.000000133        
-0.000000001        
0.000003163         
0.000546760         
0.001159732         
0.000970705         
0.000597591         
0.000296045         
0.000291154         
0.000116516         
0.000023874         
0.000001365         
0.000000014         
0.023625332         
0.100223261         
0.083887687         
0.051643392         
0.025584014         
0.025161365         
0.010069220         
0.002063179         
0.000118003         
0.000001219         
0.106291650         
0.177933955         
0.109540665         
0.054266185         
0.053369705         
0.021357797         
0.004376203         
0.000250297         
0.000002585         
0.074466086         
0.091686430         
0.045421240         
0.044670879         
0.017876650         
0.003662918         
0.000209500         
0.000002164         
0.028222249         
0.027962470         
0.027500528         
0.011005320         
0.002254985         
0.000128974         
0.000001332         
0.006926271         
0.013623696         
0.005452010         
0.001117114         
0.000063893         
0.000000660         
0.006699316         
0.005361942         
0.001098660         
0.000062838         
0.000000649         
0.001072886         
0.000439668         
0.000025147         
0.000000260         
0.000045044         
0.000005153         
0.000000053         
0.000000147         
0.000000003         
0.000000000         
  0  0  0
  78   1   2   3   4   5   6   7   8   9  10  11  12  13  14  15  16  17  18  19
  20  21  22  23  24  25  26  27  28  29  30  31  32  33  34  35  36  37  38  39
  40  41  42  43  44  45  46  47  48  49  50  51  52  53  54  55  56  57  58  59
  60  61  62  63  64  65  66  67  68  69  70  71  72  73  74  75  76  77  78
   1   2   3   4   5   6   7   8   9  10  11  12  13  14  15  16  17  18  19  20
  21  22  23  24  25  26  27  28  29  30  31  32  33  34  35  36  37  38  39  40
  41  42  43  44  45  46  47  48  49  50  51  52  53  54  55  56  57  58  59  60
  61  62  63  64  65  66  67  68  69  70  71  72  73  74  75  76  77  78
  1  1  1  1  1  1  1  1  1  1  1  1  1  1  1  1  1  1  1  1
  0  0  0 -1
   1   2
34  
  0  1  0  1  0  1  0
  0  0  0
   1   3
25  
  0  1  0  1  0  1  0
  0  0  0
   1   4
35  
  0  1  0  1  0  1  0
  0  0  0
   1   5
34  
  0  1  0  1  0  1  0
  0  0  0
   1   6
34  
  0  1  0  1  0  1  0
  0  0  0
   1   7
34  
  0  1  0  1  0  1  0
  0  0  0
   1   8
35  
  0  1  0  1  0  1  0
  0  0  0
   1   9
35  
  0  1  0  1  0  1  0
  0  0  0
   1  10
35  
  0  1  0  1  0  1  0
  0  0  0
   1  11
25  
  0  1  0  1  0  1  0
  0  0  0
   1  12
35  
  0  1  0  1  0  1  0
  0  0  0
   1  13
34  
  0  1  0  1  0  1  0
  0  0  0
   1  14
35  
  0  1  0  1  0  1  0
  0  0  0
   1  15
35  
  0  1  0  1  0  1  0
  0  0  0
   1  16
36  
  0  1  0  1  0  1  0
  0  0  0
   1  17
34  
  0  1  0  1  0  1  0
  0  0  0
   1  18
36  
  0  1  0  1  0  1  0
  0  0  0
   1  19
36  
  0  1  0  1  0  1  0
  0  0  0
   1  20
25  
  0  1  0  1  0  1  0
  0  0  0
   1  21
36  
  0  1  0  1  0  1  0
  0  0  0
   1  22
34  
  0  1  0  1  0  1  0
  0  0  0
   1  23
35  
  0  1  0  1  0  1  0
  0  0  0
   1  24
35  
  0  1  0  1  0  1  0
  0  0  0
   1  25
35  
  0  1  0  1  0  1  0
  0  0  0
   1  26
35  
  0  1  0  1  0  1  0
  0  0  0
   1  27
34  
  0  1  0  1  0  1  0
  0  0  0
   1  28
35  
  0  1  0  1  0  1  0
  0  0  0
   1  29
34  
  0  1  0  1  0  1  0
  0  0  0
   1  30
35  
  0  1  0  1  0  1  0
  0  0  0
   1  31
35  
  0  1  0  1  0  1  0
  0  0  0
   1  32
35  
  0  1  0  1  0  1  0
  0  0  0
   1  33
25  
  0  1  0  1  0  1  0
  0  0  0
   1  34
36  
  0  1  0  1  0  1  0
  0  0  0
   1  35
36  
  0  1  0  1  0  1  0
  0  0  0
   1  36
35  
  0  1  0  1  0  1  0
  0  0  0
   1  37
34  
  0  1  0  1  0  1  0
  0  0  0
   1  38
25  
  0  1  0  1  0  1  0
  0  0  0
   1  39
36  
  0  1  0  1  0  1  0
  0  0  0
   1  40
34  
  0  1  0  1  0  1  0
  0  0  0
   1  41
35  
  0  1  0  1  0  1  0
  0  0  0
   1  42
36  
  0  1  0  1  0  1  0
  0  0  0
   1  43
34  
  0  1  0  1  0  1  0
  0  0  0
   1  44
36  
  0  1  0  1  0  1  0
  0  0  0
   1  45
36  
  0  1  0  1  0  1  0
  0  0  0
   1  46
25  
  0  1  0  1  0  1  0
  0  0  0
   1  47
35  
  0  1  0  1  0  1  0
  0  0  0
   1  48
36  
  0  1  0  1  0  1  0
  0  0  0
   1  49
36  
  0  1  0  1  0  1  0
  0  0  0
   1  50
25  
  0  1  0  1  0  1  0
  0  0  0
   1  51
34  
  0  1  0  1  0  1  0
  0  0  0
   1  52
34  
  0  1  0  1  0  1  0
  0  0  0
   1  53
35  
  0  1  0  1  0  1  0
  0  0  0
   1  54
34  
  0  1  0  1  0  1  0
  0  0  0
   1  55
34  
  0  1  0  1  0  1  0
  0  0  0
   1  56
35  
  0  1  0  1  0  1  0
  0  0  0
   1  57
25  
  0  1  0  1  0  1  0
  0  0  0
   1  58
35  
  0  1  0  1  0  1  0
  0  0  0
   1  59
35  
  0  1  0  1  0  1  0
  0  0  0
   1  60
35  
  0  1  0  1  0  1  0
  0  0  0
   1  61
35  
  0  1  0  1  0  1  0
  0  0  0
   1  62
35  
  0  1  0  1  0  1  0
  0  0  0
   1  63
35  
  0  1  0  1  0  1  0
  0  0  0
   1  64
25  
  0  1  0  1  0  1  0
  0  0  0
   1  65
35  
  0  1  0  1  0  1  0
  0  0  0
   1  66
25  
  0  1  0  1  0  1  0
  0  0  0
   1  67
36  
  0  1  0  1  0  1  0
  0  0  0
   1  68
25  
  0  1  0  1  0  1  0
  0  0  0
   1  69
34  
  0  1  0  1  0  1  0
  0  0  0
   1  70
25  
  0  1  0  1  0  1  0
  0  0  0
   1  71
34  
  0  1  0  1  0  1  0
  0  0  0
   1  72
35  
  0  1  0  1  0  1  0
  0  0  0
   1  73
36  
  0  1  0  1  0  1  0
  0  0  0
   1  74
35  
  0  1  0  1  0  1  0
  0  0  0
   1  75
34  
  0  1  0  1  0  1  0
