 10  8  9  3 00  0  0  0  0
nnn_pot
  8
  8 20
                                                11.887969   11.887969   
                                                11.887969   5.304210    
                                                11.887969   1.702621    
                                                11.887969   0.938917    
                                                11.887969   0.482700    
                                                11.887969   0.228232    
                                                11.887969   0.133235    
                                                11.887969   0.068130    
   12.956650    5.134670    2.947287    1.342339    0.821446    0.444741
    2.939000    1.690174    1.185236    0.843000    0.500110    0.257369
    0.138520    0.071429    0.038519    0.018573    0.009726    0.005619
    0.002765    0.001010
  1  1
          1.

  1  1
                      1.

  1  1
                                  1.

  1  1
                                              1.

  1  1
                                                          1.

  1  1
                                                                      1.

  1  1

          1.
  1  1

                      1.
  8
  8 20
                                                11.887969   0.029515    
                                                11.887969   0.013123    
                                                11.887969   0.005971    
                                                11.887969   0.003674    
                                                5.304210    5.304210    
                                                5.304210    1.702621    
                                                5.304210    0.938917    
                                                5.304210    0.482700    
   12.956650    5.134670    2.947287    1.342339    0.821446    0.444741
    2.939000    1.690174    1.185236    0.843000    0.500110    0.257369
    0.138520    0.071429    0.038519    0.018573    0.009726    0.005619
    0.002765    0.001010
  1  1
          1.

  1  1
                      1.

  1  1
                                  1.

  1  1
                                              1.

  1  1
                                                          1.

  1  1
                                                                      1.

  1  1

          1.
  1  1

                      1.
  8
  8 20
                                                5.304210    0.228232    
                                                5.304210    0.133235    
                                                5.304210    0.068130    
                                                5.304210    0.029515    
                                                5.304210    0.013123    
                                                5.304210    0.005971    
                                                5.304210    0.003674    
                                                1.702621    1.702621    
   12.956650    5.134670    2.947287    1.342339    0.821446    0.444741
    2.939000    1.690174    1.185236    0.843000    0.500110    0.257369
    0.138520    0.071429    0.038519    0.018573    0.009726    0.005619
    0.002765    0.001010
  1  1
          1.

  1  1
                      1.

  1  1
                                  1.

  1  1
                                              1.

  1  1
                                                          1.

  1  1
                                                                      1.

  1  1

          1.
  1  1

                      1.
  8
  8 20
                                                1.702621    0.938917    
                                                1.702621    0.482700    
                                                1.702621    0.228232    
                                                1.702621    0.133235    
                                                1.702621    0.068130    
                                                1.702621    0.029515    
                                                1.702621    0.013123    
                                                1.702621    0.005971    
   12.956650    5.134670    2.947287    1.342339    0.821446    0.444741
    2.939000    1.690174    1.185236    0.843000    0.500110    0.257369
    0.138520    0.071429    0.038519    0.018573    0.009726    0.005619
    0.002765    0.001010
  1  1
          1.

  1  1
                      1.

  1  1
                                  1.

  1  1
                                              1.

  1  1
                                                          1.

  1  1
                                                                      1.

  1  1

          1.
  1  1

                      1.
  8
  8 20
                                                1.702621    0.003674    
                                                0.938917    0.938917    
                                                0.938917    0.482700    
                                                0.938917    0.228232    
                                                0.938917    0.133235    
                                                0.938917    0.068130    
                                                0.938917    0.029515    
                                                0.938917    0.013123    
   12.956650    5.134670    2.947287    1.342339    0.821446    0.444741
    2.939000    1.690174    1.185236    0.843000    0.500110    0.257369
    0.138520    0.071429    0.038519    0.018573    0.009726    0.005619
    0.002765    0.001010
  1  1
          1.

  1  1
                      1.

  1  1
                                  1.

  1  1
                                              1.

  1  1
                                                          1.

  1  1
                                                                      1.

  1  1

          1.
  1  1

                      1.
  8
  8 20
                                                0.938917    0.005971    
                                                0.938917    0.003674    
                                                0.482700    0.482700    
                                                0.482700    0.228232    
                                                0.482700    0.133235    
                                                0.482700    0.068130    
                                                0.482700    0.029515    
                                                0.482700    0.013123    
   12.956650    5.134670    2.947287    1.342339    0.821446    0.444741
    2.939000    1.690174    1.185236    0.843000    0.500110    0.257369
    0.138520    0.071429    0.038519    0.018573    0.009726    0.005619
    0.002765    0.001010
  1  1
          1.

  1  1
                      1.

  1  1
                                  1.

  1  1
                                              1.

  1  1
                                                          1.

  1  1
                                                                      1.

  1  1

          1.
  1  1

                      1.
  8
  8 20
                                                0.482700    0.005971    
                                                0.482700    0.003674    
                                                0.228232    0.228232    
                                                0.228232    0.133235    
                                                0.228232    0.068130    
                                                0.228232    0.029515    
                                                0.228232    0.013123    
                                                0.228232    0.005971    
   12.956650    5.134670    2.947287    1.342339    0.821446    0.444741
    2.939000    1.690174    1.185236    0.843000    0.500110    0.257369
    0.138520    0.071429    0.038519    0.018573    0.009726    0.005619
    0.002765    0.001010
  1  1
          1.

  1  1
                      1.

  1  1
                                  1.

  1  1
                                              1.

  1  1
                                                          1.

  1  1
                                                                      1.

  1  1

          1.
  1  1

                      1.
  8
  8 20
                                                0.228232    0.003674    
                                                0.133235    0.133235    
                                                0.133235    0.068130    
                                                0.133235    0.029515    
                                                0.133235    0.013123    
                                                0.133235    0.005971    
                                                0.133235    0.003674    
                                                0.068130    0.068130    
   12.956650    5.134670    2.947287    1.342339    0.821446    0.444741
    2.939000    1.690174    1.185236    0.843000    0.500110    0.257369
    0.138520    0.071429    0.038519    0.018573    0.009726    0.005619
    0.002765    0.001010
  1  1
          1.

  1  1
                      1.

  1  1
                                  1.

  1  1
                                              1.

  1  1
                                                          1.

  1  1
                                                                      1.

  1  1

          1.
  1  1

                      1.
  8
  8 20
                                                0.068130    0.029515    
                                                0.068130    0.013123    
                                                0.068130    0.005971    
                                                0.068130    0.003674    
                                                0.029515    0.029515    
                                                0.029515    0.013123    
                                                0.029515    0.005971    
                                                0.029515    0.003674    
   12.956650    5.134670    2.947287    1.342339    0.821446    0.444741
    2.939000    1.690174    1.185236    0.843000    0.500110    0.257369
    0.138520    0.071429    0.038519    0.018573    0.009726    0.005619
    0.002765    0.001010
  1  1
          1.

  1  1
                      1.

  1  1
                                  1.

  1  1
                                              1.

  1  1
                                                          1.

  1  1
                                                                      1.

  1  1

          1.
  1  1

                      1.
  6
  6 20
                                                0.013123    0.013123    
                                                0.013123    0.005971    
                                                0.013123    0.003674    
                                                0.005971    0.005971    
                                                0.005971    0.003674    
                                                0.003674    0.003674    
   12.956650    5.134670    2.947287    1.342339    0.821446    0.444741
    2.939000    1.690174    1.185236    0.843000    0.500110    0.257369
    0.138520    0.071429    0.038519    0.018573    0.009726    0.005619
    0.002765    0.001010
  1  1
          1.
  1  1
                      1.
  1  1
                                  1.
  1  1
                                              1.
  1  1
                                                          1.
  1  1
                                                                      1.
eob-tni/nn1s_nn1s_S0_nn1s_nn1s_S0
elu-tni/000-0_000-0
eob-tni/nn1s_nn1s_S0_nn1s_nn1s_S0
elu-tni/000-0_000-0
eob-tni/nn1s_nn1s_S0_nn1s_nn1s_S0
elu-tni/000-0_000-0
eob-tni/nn1s_nn1s_S0_nn1s_nn1s_S0
elu-tni/000-0_000-0
eob-tni/nn1s_nn1s_S0_nn1s_nn1s_S0
elu-tni/000-0_000-0
eob-tni/nn1s_nn1s_S0_nn1s_nn1s_S0
elu-tni/000-0_000-0
eob-tni/nn1s_nn1s_S0_nn1s_nn1s_S0
elu-tni/000-0_000-0
eob-tni/nn1s_nn1s_S0_nn1s_nn1s_S0
elu-tni/000-0_000-0
eob-tni/nn1s_nn1s_S0_nn1s_nn1s_S0
elu-tni/000-0_000-0
eob-tni/nn1s_nn1s_S0_nn1s_nn1s_S0
elu-tni/000-0_000-0
eob-tni/nn1s_nn1s_S0_nn1s_nn1s_S0
elu-tni/000-0_000-0
eob-tni/nn1s_nn1s_S0_nn1s_nn1s_S0
elu-tni/000-0_000-0
eob-tni/nn1s_nn1s_S0_nn1s_nn1s_S0
elu-tni/000-0_000-0
eob-tni/nn1s_nn1s_S0_nn1s_nn1s_S0
elu-tni/000-0_000-0
eob-tni/nn1s_nn1s_S0_nn1s_nn1s_S0
elu-tni/000-0_000-0
eob-tni/nn1s_nn1s_S0_nn1s_nn1s_S0
elu-tni/000-0_000-0
eob-tni/nn1s_nn1s_S0_nn1s_nn1s_S0
elu-tni/000-0_000-0
eob-tni/nn1s_nn1s_S0_nn1s_nn1s_S0
elu-tni/000-0_000-0
eob-tni/nn1s_nn1s_S0_nn1s_nn1s_S0
elu-tni/000-0_000-0
eob-tni/nn1s_nn1s_S0_nn1s_nn1s_S0
elu-tni/000-0_000-0
eob-tni/nn1s_nn1s_S0_nn1s_nn1s_S0
elu-tni/000-0_000-0
eob-tni/nn1s_nn1s_S0_nn1s_nn1s_S0
elu-tni/000-0_000-0
eob-tni/nn1s_nn1s_S0_nn1s_nn1s_S0
elu-tni/000-0_000-0
eob-tni/nn1s_nn1s_S0_nn1s_nn1s_S0
elu-tni/000-0_000-0
eob-tni/nn1s_nn1s_S0_nn1s_nn1s_S0
elu-tni/000-0_000-0
eob-tni/nn1s_nn1s_S0_nn1s_nn1s_S0
elu-tni/000-0_000-0
eob-tni/nn1s_nn1s_S0_nn1s_nn1s_S0
elu-tni/000-0_000-0
eob-tni/nn1s_nn1s_S0_nn1s_nn1s_S0
elu-tni/000-0_000-0
eob-tni/nn1s_nn1s_S0_nn1s_nn1s_S0
elu-tni/000-0_000-0
eob-tni/nn1s_nn1s_S0_nn1s_nn1s_S0
elu-tni/000-0_000-0
eob-tni/nn1s_nn1s_S0_nn1s_nn1s_S0
elu-tni/000-0_000-0
eob-tni/nn1s_nn1s_S0_nn1s_nn1s_S0
elu-tni/000-0_000-0
eob-tni/nn1s_nn1s_S0_nn1s_nn1s_S0
elu-tni/000-0_000-0
eob-tni/nn1s_nn1s_S0_nn1s_nn1s_S0
elu-tni/000-0_000-0
eob-tni/nn1s_nn1s_S0_nn1s_nn1s_S0
elu-tni/000-0_000-0
eob-tni/nn1s_nn1s_S0_nn1s_nn1s_S0
elu-tni/000-0_000-0
eob-tni/nn1s_nn1s_S0_nn1s_nn1s_S0
elu-tni/000-0_000-0
eob-tni/nn1s_nn1s_S0_nn1s_nn1s_S0
elu-tni/000-0_000-0
eob-tni/nn1s_nn1s_S0_nn1s_nn1s_S0
elu-tni/000-0_000-0
eob-tni/nn1s_nn1s_S0_nn1s_nn1s_S0
elu-tni/000-0_000-0
eob-tni/nn1s_nn1s_S0_nn1s_nn1s_S0
elu-tni/000-0_000-0
eob-tni/nn1s_nn1s_S0_nn1s_nn1s_S0
elu-tni/000-0_000-0
eob-tni/nn1s_nn1s_S0_nn1s_nn1s_S0
elu-tni/000-0_000-0
eob-tni/nn1s_nn1s_S0_nn1s_nn1s_S0
elu-tni/000-0_000-0
eob-tni/nn1s_nn1s_S0_nn1s_nn1s_S0
elu-tni/000-0_000-0
eob-tni/nn1s_nn1s_S0_nn1s_nn1s_S0
elu-tni/000-0_000-0
eob-tni/nn1s_nn1s_S0_nn1s_nn1s_S0
elu-tni/000-0_000-0
eob-tni/nn1s_nn1s_S0_nn1s_nn1s_S0
elu-tni/000-0_000-0
eob-tni/nn1s_nn1s_S0_nn1s_nn1s_S0
elu-tni/000-0_000-0
eob-tni/nn1s_nn1s_S0_nn1s_nn1s_S0
elu-tni/000-0_000-0
eob-tni/nn1s_nn1s_S0_nn1s_nn1s_S0
elu-tni/000-0_000-0
eob-tni/nn1s_nn1s_S0_nn1s_nn1s_S0
elu-tni/000-0_000-0
eob-tni/nn1s_nn1s_S0_nn1s_nn1s_S0
elu-tni/000-0_000-0
eob-tni/nn1s_nn1s_S0_nn1s_nn1s_S0
elu-tni/000-0_000-0
eob-tni/nn1s_nn1s_S0_nn1s_nn1s_S0
elu-tni/000-0_000-0
