#E_tot          E_tot-Eth    Phase(s)
  1.20000000   0.02028000 -47.60860000
  1.25000000   0.07028000 -48.24260000
  1.30000000   0.12028000 -48.68990000
  1.35000000   0.17028000 -49.06610000
  1.40000000   0.22028000 -49.40250000
  1.45000000   0.27028000 -49.71310000
  1.50000000   0.32028000 -50.00560000
  1.55000000   0.37028000 -50.28480000
  1.60000000   0.42028000 -50.55390000
  1.65000000   0.47028000 -50.81500000
  1.70000000   0.52028000 -51.06990000
  1.75000000   0.57028000 -51.31960000
  1.80000000   0.62028000 -51.56510000
  1.85000000   0.67028000 -51.80720000
  1.90000000   0.72028000 -52.04620000
  1.95000000   0.77028000 -52.28280000
  2.00000000   0.82028000 -52.51720000
  2.05000000   0.87028000 -52.74970000
  2.10000000   0.92028000 -52.98060000
  2.15000000   0.97028000 -53.21000000
  2.20000000   1.02028000 -53.43800000
  2.25000000   1.07028000 -53.66480000
  2.30000000   1.12028000 -53.89040000
  2.35000000   1.17028000 -54.11510000
  2.40000000   1.22028000 -54.33870000
  2.45000000   1.27028000 -54.56130000
  2.50000000   1.32028000 -54.78310000
  2.55000000   1.37028000 -55.00400000
  2.60000000   1.42028000 -55.22400000
  2.65000000   1.47028000 -55.44320000
  2.70000000   1.52028000 -55.66160000
  2.75000000   1.57028000 -55.87920000
  2.80000000   1.62028000 -56.09600000
  2.85000000   1.67028000 -56.31190000
  2.90000000   1.72028000 -56.52710000
  2.95000000   1.77028000 -56.74140000
  3.00000000   1.82028000 -56.95500000
  3.05000000   1.87028000 -57.16780000
  3.10000000   1.92028000 -57.37970000
  3.15000000   1.97028000 -57.59090000
  3.20000000   2.02028000 -57.80120000
  3.25000000   2.07028000 -58.01070000
  3.30000000   2.12028000 -58.21940000
  3.35000000   2.17028000 -58.42730000
  3.40000000   2.22028000 -58.63440000
  3.45000000   2.27028000 -58.84060000
  3.50000000   2.32028000 -59.04600000
  3.55000000   2.37028000 -59.25060000
  3.60000000   2.42028000 -59.45430000
  3.65000000   2.47028000 -59.65720000
  3.70000000   2.52028000 -59.85920000
  3.75000000   2.57028000 -60.06040000
  3.80000000   2.62028000 -60.26080000
  3.85000000   2.67028000 -60.46030000
  3.90000000   2.72028000 -60.65890000
  3.95000000   2.77028000 -60.85670000
  4.00000000   2.82028000 -61.05360000
  4.05000000   2.87028000 -61.24970000
  4.10000000   2.92028000 -61.44490000
  4.15000000   2.97028000 -61.63930000
  4.20000000   3.02028000 -61.83280000
  4.25000000   3.07028000 -62.02540000
  4.30000000   3.12028000 -62.21720000
  4.35000000   3.17028000 -62.40820000
  4.40000000   3.22028000 -62.59830000
  4.45000000   3.27028000 -62.78750000
  4.50000000   3.32028000 -62.97590000
  4.55000000   3.37028000 -63.16340000
  4.60000000   3.42028000 -63.35010000
  4.65000000   3.47028000 -63.53590000
  4.70000000   3.52028000 -63.72090000
  4.75000000   3.57028000 -63.90500000
  4.80000000   3.62028000 -64.08840000
  4.85000000   3.67028000 -64.27080000
  4.90000000   3.72028000 -64.45250000
  4.95000000   3.77028000 -64.63330000
  5.00000000   3.82028000 -64.81320000
  5.05000000   3.87028000 -64.99240000
  5.10000000   3.92028000 -65.17070000
  5.15000000   3.97028000 -65.34820000
  5.20000000   4.02028000 -65.52490000
  5.25000000   4.07028000 -65.70070000
  5.30000000   4.12028000 -65.87580000
  5.35000000   4.17028000 -66.05000000
  5.40000000   4.22028000 -66.22350000
  5.45000000   4.27028000 -66.39610000
  5.50000000   4.32028000 -66.56800000
  5.55000000   4.37028000 -66.73900000
  5.60000000   4.42028000 -66.90930000
  5.65000000   4.47028000 -67.07880000
  5.70000000   4.52028000 -67.24750000
  5.75000000   4.57028000 -67.41540000
  5.80000000   4.62028000 -67.58260000
  5.85000000   4.67028000 -67.74900000
  5.90000000   4.72028000 -67.91460000
  5.95000000   4.77028000 -68.07940000
  6.00000000   4.82028000 -68.24350000
  6.05000000   4.87028000 -68.40690000
  6.10000000   4.92028000 -68.56950000
  6.15000000   4.97028000 -68.73130000
  6.20000000   5.02028000 -68.89240000
  6.25000000   5.07028000 -69.05280000
  6.30000000   5.12028000 -69.21240000
  6.35000000   5.17028000 -69.37140000
  6.40000000   5.22028000 -69.52950000
  6.45000000   5.27028000 -69.68700000
  6.50000000   5.32028000 -69.84380000
  6.55000000   5.37028000 -69.99980000
  6.60000000   5.42028000 -70.15510000
  6.65000000   5.47028000 -66.46350000
  6.70000000   5.52028000 -66.35390000
  6.75000000   5.57028000 -66.55710000
  6.80000000   5.62028000 -66.93960000
  6.85000000   5.67028000 -67.41880000
  6.90000000   5.72028000 -67.94800000
  6.95000000   5.77028000 -68.49920000
  7.00000000   5.82028000 -69.05520000
  7.05000000   5.87028000 -69.60560000
  7.10000000   5.92028000 -70.14380000
  7.15000000   5.97028000 -70.66610000
  7.20000000   6.02028000 -71.17080000
  7.25000000   6.07028000 -71.65680000
  7.30000000   6.12028000 -72.12430000
  7.35000000   6.17028000 -72.57350000
  7.40000000   6.22028000 -73.00540000
  7.45000000   6.27028000 -73.42060000
  7.50000000   6.32028000 -73.82010000
  7.55000000   6.37028000 -74.20500000
  7.60000000   6.42028000 -74.57610000
  7.65000000   6.47028000 -74.93450000
  7.70000000   6.52028000 -75.28100000
  7.75000000   6.57028000 -75.61630000
  7.80000000   6.62028000 -75.94140000
  7.85000000   6.67028000 -76.25700000
  7.90000000   6.72028000 -76.56360000
  7.95000000   6.77028000 -76.86190000
  8.00000000   6.82028000 -77.15260000
  8.05000000   6.87028000 -77.43600000
  8.10000000   6.92028000 -77.71270000
  8.15000000   6.97028000 -77.98320000
  8.20000000   7.02028000 -78.24770000
  8.25000000   7.07028000 -78.50680000
  8.30000000   7.12028000 -78.76070000
  8.35000000   7.17028000 -79.00980000
  8.40000000   7.22028000 -79.25430000
  8.45000000   7.27028000 -79.49450000
  8.50000000   7.32028000 -79.73070000
  8.55000000   7.37028000 -79.96310000
  8.60000000   7.42028000 -80.19180000
  8.65000000   7.47028000 -80.41720000
  8.70000000   7.52028000 -80.63930000
  8.75000000   7.57028000 -80.85830000
  8.80000000   7.62028000 -81.07440000
  8.85000000   7.67028000 -81.28770000
  8.90000000   7.72028000 -81.49840000
  8.95000000   7.77028000 -81.70660000
  9.00000000   7.82028000 -81.91230000
  9.05000000   7.87028000 -82.11580000
  9.10000000   7.92028000 -82.31700000
  9.15000000   7.97028000 -82.51620000
  9.20000000   8.02028000 -82.71330000
  9.25000000   8.07028000 -82.90850000
  9.30000000   8.12028000 -83.10180000
  9.35000000   8.17028000 -83.29340000
  9.40000000   8.22028000 -83.48320000
  9.45000000   8.27028000 -83.67140000
  9.50000000   8.32028000 -83.85800000
  9.55000000   8.37028000 -84.04300000
  9.60000000   8.42028000 -84.22650000
  9.65000000   8.47028000 -84.40860000
  9.70000000   8.52028000 -84.58940000
  9.75000000   8.57028000 -84.76870000
  9.80000000   8.62028000 -84.94680000
  9.85000000   8.67028000 -85.12360000
  9.90000000   8.72028000 -85.29920000
  9.95000000   8.77028000 -85.47360000
 10.00000000   8.82028000 -85.64680000
