 10  8  9  3 00  0  0  0
nn_pot
  8
  8 15
                                                5.268775    5.268775    
                                                5.268775    0.878993    
                                                5.268775    0.103993    
                                                5.268775    0.017416    
                                                0.878993    5.268775    
                                                0.878993    0.878993    
                                                0.878993    0.103993    
                                                0.878993    0.017416    
   39.810717   13.226002    4.393971    1.459774    0.484969    0.161118
    0.053527    0.017783    0.005908    0.001963    0.000652    0.000217
    0.000072    0.000024    0.000008
  1  1
          1.

  1  1
                      1.

  1  1
                                  1.

  1  1
                                              1.

  1  1
                                                          1.

  1  1
                                                                      1.

  1  1

          1.
  1  1

                      1.
  8
  8 15
                                                0.103993    5.268775    
                                                0.103993    0.878993    
                                                0.103993    0.103993    
                                                0.103993    0.017416    
                                                0.017416    5.268775    
                                                0.017416    0.878993    
                                                0.017416    0.103993    
                                                0.017416    0.017416    
   39.810717   13.226002    4.393971    1.459774    0.484969    0.161118
    0.053527    0.017783    0.005908    0.001963    0.000652    0.000217
    0.000072    0.000024    0.000008
  1  1
          1.

  1  1
                      1.

  1  1
                                  1.

  1  1
                                              1.

  1  1
                                                          1.

  1  1
                                                                      1.

  1  1

          1.
  1  1

                      1.
  8
  8 15
                                                5.268775    5.268775    
                                                5.268775    0.878993    
                                                5.268775    0.103993    
                                                5.268775    0.017416    
                                                0.878993    0.878993    
                                                0.878993    0.103993    
                                                0.878993    0.017416    
                                                0.103993    0.103993    
   39.810717   13.226002    4.393971    1.459774    0.484969    0.161118
    0.053527    0.017783    0.005908    0.001963    0.000652    0.000217
    0.000072    0.000024    0.000008
  1  1
          1.

  1  1
                      1.

  1  1
                                  1.

  1  1
                                              1.

  1  1
                                                          1.

  1  1
                                                                      1.

  1  1

          1.
  1  1

                      1.
  2
  2 15
                                                0.103993    0.017416    
                                                0.017416    0.017416    
   39.810717   13.226002    4.393971    1.459774    0.484969    0.161118
    0.053527    0.017783    0.005908    0.001963    0.000652    0.000217
    0.000072    0.000024    0.000008
  1  1
          1.
  1  1
                      1.
  8
  8 15
                                                5.268775    5.268775    
                                                5.268775    0.878993    
                                                5.268775    0.103993    
                                                5.268775    0.017416    
                                                0.878993    0.878993    
                                                0.878993    0.103993    
                                                0.878993    0.017416    
                                                0.103993    0.103993    
   39.810717   13.226002    4.393971    1.459774    0.484969    0.161118
    0.053527    0.017783    0.005908    0.001963    0.000652    0.000217
    0.000072    0.000024    0.000008
  1  1
          1.

  1  1
                      1.

  1  1
                                  1.

  1  1
                                              1.

  1  1
                                                          1.

  1  1
                                                                      1.

  1  1

          1.
  1  1

                      1.
  2
  2 15
                                                0.103993    0.017416    
                                                0.017416    0.017416    
   39.810717   13.226002    4.393971    1.459774    0.484969    0.161118
    0.053527    0.017783    0.005908    0.001963    0.000652    0.000217
    0.000072    0.000024    0.000008
  1  1
          1.
  1  1
                      1.
  8
  8 15
                                                7.945030    6.742175    
                                                7.945030    0.622047    
                                                7.945030    0.214336    
                                                7.945030    0.060274    
                                                3.474593    6.742175    
                                                3.474593    0.622047    
                                                3.474593    0.214336    
                                                3.474593    0.060274    
   39.810717   13.226002    4.393971    1.459774    0.484969    0.161118
    0.053527    0.017783    0.005908    0.001963    0.000652    0.000217
    0.000072    0.000024    0.000008
  1  1
          1.

  1  1
                      1.

  1  1
                                  1.

  1  1
                                              1.

  1  1
                                                          1.

  1  1
                                                                      1.

  1  1

          1.
  1  1

                      1.
  8
  8 15
                                                3.413459    6.742175    
                                                3.413459    0.622047    
                                                3.413459    0.214336    
                                                3.413459    0.060274    
                                                1.514592    6.742175    
                                                1.514592    0.622047    
                                                1.514592    0.214336    
                                                1.514592    0.060274    
   39.810717   13.226002    4.393971    1.459774    0.484969    0.161118
    0.053527    0.017783    0.005908    0.001963    0.000652    0.000217
    0.000072    0.000024    0.000008
  1  1
          1.

  1  1
                      1.

  1  1
                                  1.

  1  1
                                              1.

  1  1
                                                          1.

  1  1
                                                                      1.

  1  1

          1.
  1  1

                      1.
  8
  8 15
                                                1.466551    6.742175    
                                                1.466551    0.622047    
                                                1.466551    0.214336    
                                                1.466551    0.060274    
                                                0.819242    6.742175    
                                                0.819242    0.622047    
                                                0.819242    0.214336    
                                                0.819242    0.060274    
   39.810717   13.226002    4.393971    1.459774    0.484969    0.161118
    0.053527    0.017783    0.005908    0.001963    0.000652    0.000217
    0.000072    0.000024    0.000008
  1  1
          1.

  1  1
                      1.

  1  1
                                  1.

  1  1
                                              1.

  1  1
                                                          1.

  1  1
                                                                      1.

  1  1

          1.
  1  1

                      1.
  8
  8 15
                                                0.478760    6.742175    
                                                0.478760    0.622047    
                                                0.478760    0.214336    
                                                0.478760    0.060274    
                                                0.021312    6.742175    
                                                0.021312    0.622047    
                                                0.021312    0.214336    
                                                0.021312    0.060274    
   39.810717   13.226002    4.393971    1.459774    0.484969    0.161118
    0.053527    0.017783    0.005908    0.001963    0.000652    0.000217
    0.000072    0.000024    0.000008
  1  1
          1.

  1  1
                      1.

  1  1
                                  1.

  1  1
                                              1.

  1  1
                                                          1.

  1  1
                                                                      1.

  1  1

          1.
  1  1

                      1.
  8
  8 15
                                                10.711362   1.761859    
                                                10.711362   0.448955    
                                                10.711362   0.093609    
                                                10.711362   0.000164    
                                                6.033095    1.761859    
                                                6.033095    0.448955    
                                                6.033095    0.093609    
                                                6.033095    0.000164    
   39.810717   13.226002    4.393971    1.459774    0.484969    0.161118
    0.053527    0.017783    0.005908    0.001963    0.000652    0.000217
    0.000072    0.000024    0.000008
  1  1
          1.

  1  1
                      1.

  1  1
                                  1.

  1  1
                                              1.

  1  1
                                                          1.

  1  1
                                                                      1.

  1  1

          1.
  1  1

                      1.
  8
  8 15
                                                2.432327    1.761859    
                                                2.432327    0.448955    
                                                2.432327    0.093609    
                                                2.432327    0.000164    
                                                0.795557    1.761859    
                                                0.795557    0.448955    
                                                0.795557    0.093609    
                                                0.795557    0.000164    
   39.810717   13.226002    4.393971    1.459774    0.484969    0.161118
    0.053527    0.017783    0.005908    0.001963    0.000652    0.000217
    0.000072    0.000024    0.000008
  1  1
          1.

  1  1
                      1.

  1  1
                                  1.

  1  1
                                              1.

  1  1
                                                          1.

  1  1
                                                                      1.

  1  1

          1.
  1  1

                      1.
  8
  8 15
                                                0.587219    1.761859    
                                                0.587219    0.448955    
                                                0.587219    0.093609    
                                                0.587219    0.000164    
                                                0.207359    1.761859    
                                                0.207359    0.448955    
                                                0.207359    0.093609    
                                                0.207359    0.000164    
   39.810717   13.226002    4.393971    1.459774    0.484969    0.161118
    0.053527    0.017783    0.005908    0.001963    0.000652    0.000217
    0.000072    0.000024    0.000008
  1  1
          1.

  1  1
                      1.

  1  1
                                  1.

  1  1
                                              1.

  1  1
                                                          1.

  1  1
                                                                      1.

  1  1

          1.
  1  1

                      1.
  8
  8 15
                                                0.175133    1.761859    
                                                0.175133    0.448955    
                                                0.175133    0.093609    
                                                0.175133    0.000164    
                                                0.046813    1.761859    
                                                0.046813    0.448955    
                                                0.046813    0.093609    
                                                0.046813    0.000164    
   39.810717   13.226002    4.393971    1.459774    0.484969    0.161118
    0.053527    0.017783    0.005908    0.001963    0.000652    0.000217
    0.000072    0.000024    0.000008
  1  1
          1.

  1  1
                      1.

  1  1
                                  1.

  1  1
                                              1.

  1  1
                                                          1.

  1  1
                                                                      1.

  1  1

          1.
  1  1

                      1.
  8
  8 15
                                                7.945030    6.742175    
                                                7.945030    0.622047    
                                                7.945030    0.214336    
                                                7.945030    0.060274    
                                                3.474593    6.742175    
                                                3.474593    0.622047    
                                                3.474593    0.214336    
                                                3.474593    0.060274    
   39.810717   13.226002    4.393971    1.459774    0.484969    0.161118
    0.053527    0.017783    0.005908    0.001963    0.000652    0.000217
    0.000072    0.000024    0.000008
  1  1
          1.

  1  1
                      1.

  1  1
                                  1.

  1  1
                                              1.

  1  1
                                                          1.

  1  1
                                                                      1.

  1  1

          1.
  1  1

                      1.
  8
  8 15
                                                3.413459    6.742175    
                                                3.413459    0.622047    
                                                3.413459    0.214336    
                                                3.413459    0.060274    
                                                1.514592    6.742175    
                                                1.514592    0.622047    
                                                1.514592    0.214336    
                                                1.514592    0.060274    
   39.810717   13.226002    4.393971    1.459774    0.484969    0.161118
    0.053527    0.017783    0.005908    0.001963    0.000652    0.000217
    0.000072    0.000024    0.000008
  1  1
          1.

  1  1
                      1.

  1  1
                                  1.

  1  1
                                              1.

  1  1
                                                          1.

  1  1
                                                                      1.

  1  1

          1.
  1  1

                      1.
  8
  8 15
                                                1.466551    6.742175    
                                                1.466551    0.622047    
                                                1.466551    0.214336    
                                                1.466551    0.060274    
                                                0.819242    6.742175    
                                                0.819242    0.622047    
                                                0.819242    0.214336    
                                                0.819242    0.060274    
   39.810717   13.226002    4.393971    1.459774    0.484969    0.161118
    0.053527    0.017783    0.005908    0.001963    0.000652    0.000217
    0.000072    0.000024    0.000008
  1  1
          1.

  1  1
                      1.

  1  1
                                  1.

  1  1
                                              1.

  1  1
                                                          1.

  1  1
                                                                      1.

  1  1

          1.
  1  1

                      1.
  8
  8 15
                                                0.478760    6.742175    
                                                0.478760    0.622047    
                                                0.478760    0.214336    
                                                0.478760    0.060274    
                                                0.021312    6.742175    
                                                0.021312    0.622047    
                                                0.021312    0.214336    
                                                0.021312    0.060274    
   39.810717   13.226002    4.393971    1.459774    0.484969    0.161118
    0.053527    0.017783    0.005908    0.001963    0.000652    0.000217
    0.000072    0.000024    0.000008
  1  1
          1.

  1  1
                      1.

  1  1
                                  1.

  1  1
                                              1.

  1  1
                                                          1.

  1  1
                                                                      1.

  1  1

          1.
  1  1

                      1.
  8
  8 15
                                                10.711362   1.761859    
                                                10.711362   0.448955    
                                                10.711362   0.093609    
                                                10.711362   0.000164    
                                                6.033095    1.761859    
                                                6.033095    0.448955    
                                                6.033095    0.093609    
                                                6.033095    0.000164    
   39.810717   13.226002    4.393971    1.459774    0.484969    0.161118
    0.053527    0.017783    0.005908    0.001963    0.000652    0.000217
    0.000072    0.000024    0.000008
  1  1
          1.

  1  1
                      1.

  1  1
                                  1.

  1  1
                                              1.

  1  1
                                                          1.

  1  1
                                                                      1.

  1  1

          1.
  1  1

                      1.
  8
  8 15
                                                2.432327    1.761859    
                                                2.432327    0.448955    
                                                2.432327    0.093609    
                                                2.432327    0.000164    
                                                0.795557    1.761859    
                                                0.795557    0.448955    
                                                0.795557    0.093609    
                                                0.795557    0.000164    
   39.810717   13.226002    4.393971    1.459774    0.484969    0.161118
    0.053527    0.017783    0.005908    0.001963    0.000652    0.000217
    0.000072    0.000024    0.000008
  1  1
          1.

  1  1
                      1.

  1  1
                                  1.

  1  1
                                              1.

  1  1
                                                          1.

  1  1
                                                                      1.

  1  1

          1.
  1  1

                      1.
  8
  8 15
                                                0.587219    1.761859    
                                                0.587219    0.448955    
                                                0.587219    0.093609    
                                                0.587219    0.000164    
                                                0.207359    1.761859    
                                                0.207359    0.448955    
                                                0.207359    0.093609    
                                                0.207359    0.000164    
   39.810717   13.226002    4.393971    1.459774    0.484969    0.161118
    0.053527    0.017783    0.005908    0.001963    0.000652    0.000217
    0.000072    0.000024    0.000008
  1  1
          1.

  1  1
                      1.

  1  1
                                  1.

  1  1
                                              1.

  1  1
                                                          1.

  1  1
                                                                      1.

  1  1

          1.
  1  1

                      1.
  8
  8 15
                                                0.175133    1.761859    
                                                0.175133    0.448955    
                                                0.175133    0.093609    
                                                0.175133    0.000164    
                                                0.046813    1.761859    
                                                0.046813    0.448955    
                                                0.046813    0.093609    
                                                0.046813    0.000164    
   39.810717   13.226002    4.393971    1.459774    0.484969    0.161118
    0.053527    0.017783    0.005908    0.001963    0.000652    0.000217
    0.000072    0.000024    0.000008
  1  1
          1.

  1  1
                      1.

  1  1
                                  1.

  1  1
                                              1.

  1  1
                                                          1.

  1  1
                                                                      1.

  1  1

          1.
  1  1

                      1.
