 10  8  9  3 00  0  0  0  0
nnn_pot
  8                                                            Z1  BVs 1 - 8
  8  7
                                    22.355721   
                                    6.573670    
                                    1.678416    
                                    1.172267    
                                    0.075130    
                                    0.057210    
                                    0.000888    
                                    0.000423    
   13.925410    0.868595    0.760865    0.296087    0.205906    0.002587
    0.000626
  1  1
          1.

  1  1
                      1.

  1  1
                                  1.

  1  1
                                              1.

  1  1
                                                          1.

  1  1
                                                                      1.

  1  1

          1.
  1  1

                      1.
  8                                                            Z2  BVs 9 - 16
  8  7
                                    9.158396    
                                    5.681439    
                                    3.142190    
                                    0.848363    
                                    0.349163    
                                    0.052679    
                                    0.008725    
                                    0.003150    
    9.465214    3.146928    0.192678    0.051878    0.024388    0.007309
    0.000523
  1  1
          1.

  1  1
                      1.

  1  1
                                  1.

  1  1
                                              1.

  1  1
                                                          1.

  1  1
                                                                      1.

  1  1

          1.
  1  1

                      1.
eob-tni/123_123
elu-tni/000_000
eob-tni/123_123
elu-tni/000_000
eob-tni/123_123
elu-tni/000_000
