 11  2 12 31  1  1 +2  0  0 -1
  1  1  1  1  0  0  0  0  0  0  0  0  0  0  1  1
   0.0000000   1.0000000   0.0000000   0.0000000   0.0000000   0.0000000   0.0000000
   0.0000000   0.0000000   0.0000000   0.0000000   0.0000000   0.0000000   1.0000000
   0.0000000   0.0000000   0.0000000   0.0000000   0.0000000   0.0000000   0.0000000
   0.0000000   0.0000000   0.0000000   0.0000000   0.0000000   0.0000000   0.0000000
   0.0000000   0.0000000
   0 223   0   0   0   1
 236
0.229543732         
0.965018365         
0.632849464         
0.229382410         
0.226504696         
0.229124547         
0.084341791         
0.007977190         
1.014251661         
1.330272341         
0.482170078         
0.476121020         
0.481628040         
0.177289478         
0.016768340         
0.436189697         
0.316202351         
0.312235438         
0.315846887         
0.116264680         
0.010996511         
0.057305300         
0.113172755         
0.114481760         
0.042141258         
0.003985792         
0.055876474         
0.113045530         
0.041612575         
0.003935788         
0.057176532         
0.042093884         
0.003981311         
0.007747475         
0.001465539         
0.000069307         
-0.363793900        
-0.271406000        
-0.231245700        
-0.078752510        
-0.021999430        
0.384611800         
-0.228235500        
-0.151421200        
-0.148833500        
-0.019865260        
-0.039551150        
0.105870600         
-0.100668100        
0.113034300         
-0.007266932        
0.019894450         
-0.065363230        
-0.042442550        
-0.165732900        
-0.006861957        
0.000197182         
-0.001557744        
-0.090581710        
-0.009817772        
-0.008288560        
-0.331540900        
0.207480800         
-0.215115600        
-0.045689070        
-0.032951230        
2.197082000         
-0.274335700        
0.108337500         
-0.014158180        
0.021619700         
1.156177000         
0.425916800         
-0.230807300        
0.044867970         
0.021674520         
0.033981860         
0.178753700         
-0.133379900        
-0.305123100        
-0.075083230        
-0.052039450        
-0.086627470        
0.167390400         
0.229688900         
0.056058350         
0.447669600         
-13.739510000       
0.079058130         
0.068069390         
0.010637350         
0.275515600         
-0.778279600        
0.056769420         
0.049051400         
0.001499917         
-0.276629900        
-0.038124250        
0.228536300         
0.134762600         
0.017645500         
0.032829160         
0.130358200         
0.088853500         
0.076327140         
0.006719654         
-0.001360087        
0.000031132         
0.001606750         
0.015454060         
0.003294362         
13.057530000        
0.033693570         
0.081168380         
0.013542560         
-0.000239261        
1.247498000         
-0.094446350        
0.392453600         
0.223485600         
0.064223580         
-0.079456540        
0.127124200         
-0.031783550        
0.009543956         
0.020194130         
0.007391104         
-0.019660540        
0.029279970         
-0.027383940        
0.015018220         
0.000237149         
-0.001012254        
0.001248399         
-0.001027552        
0.001709402         
-2.621208000        
-0.348112300        
-0.125778600        
-0.037081930        
-0.010496140        
0.867099700         
-0.382481700        
-0.163920700        
-0.052778070        
-0.029293070        
0.094455340         
0.044811200         
-0.134269300        
0.119919600         
-0.023814010        
-0.004861258        
0.008985196         
-0.018868600        
-0.028057670        
-0.008267737        
0.001823263         
-0.000306537        
-0.021641360        
0.001325441         
-0.004853533        
2.883190000         
0.022926270         
-0.032245510        
0.013129230         
-0.020088500        
-0.210391600        
-0.120613700        
0.126485700         
-0.144313600        
0.020384980         
-0.045325580        
-0.103368500        
0.035911930         
-0.108595300        
0.002395925         
-0.000853387        
-0.002814034        
0.014209870         
-0.018429590        
0.002446350         
0.000232377         
0.001173073         
-0.005051662        
0.004527278         
-0.002896999        
0.985177300         
-1.899060000        
0.239864500         
0.084048580         
0.009884233         
-0.487163500        
0.689138400         
0.394199500         
0.128333000         
0.022479270         
0.091740880         
-0.026275490        
0.194198100         
0.082960730         
0.011763650         
-0.026893100        
0.059404520         
0.114782600         
0.051566580         
0.006985634         
0.007519924         
-0.005944801        
0.024317340         
0.014442240         
0.007226982         
0.560247600         
-0.196666800        
0.367648000         
-0.118730700        
-0.002254210        
-0.669182800        
-0.991062300        
0.110259700         
-0.032284580        
-0.004758040        
-0.017045430        
-0.000726635        
0.019167520         
-0.034798760        
-0.003262812        
-0.000131613        
0.000262148         
-0.000359737        
0.000683979         
0.000106500         
-0.000000476        
-0.000000118        
-0.000020319        
-0.000037650        
0.000028977         
  1  1  0
 100 137 138 139 140 141 142 143 144 145 146 147 148 149 150 151 152 153 154 155
 156 157 158 159 160 161 162 163 164 165 166 167 168 169 170 171 172 173 174 175
 176 177 178 179 180 181 182 183 184 185 186 187 188 189 190 191 192 193 194 195
 196 197 198 199 200 201 202 203 204 205 206 207 208 209 210 211 212 213 214 215
 216 217 218 219 220 221 222 223 224 225 226 227 228 229 230 231 232 233 234 235
 236
 137 138 139 140 141 142 143 144 145 146 147 148 149 150 151 152 153 154 155 156
 157 158 159 160 161 162 163 164 165 166 167 168 169 170 171 172 173 174 175 176
 177 178 179 180 181 182 183 184 185 186 187 188 189 190 191 192 193 194 195 196
 197 198 199 200 201 202 203 204 205 206 207 208 209 210 211 212 213 214 215 216
 217 218 219 220 221 222 223 224 225 226 227 228 229 230 231 232 233 234 235 236
  1  1  1  1  1  1  1  1  1  1  1  1  1  1  1  1  1  1  1  1
  1  1  0
 100  37  38  39  40  41  42  43  44  45  46  47  48  49  50  51  52  53  54  55
  56  57  58  59  60  61  62  63  64  65  66  67  68  69  70  71  72  73  74  75
  76  77  78  79  80  81  82  83  84  85  86  87  88  89  90  91  92  93  94  95
  96  97  98  99 100 101 102 103 104 105 106 107 108 109 110 111 112 113 114 115
 116 117 118 119 120 121 122 123 124 125 126 127 128 129 130 131 132 133 134 135
 136
  37  38  39  40  41  42  43  44  45  46  47  48  49  50  51  52  53  54  55  56
  57  58  59  60  61  62  63  64  65  66  67  68  69  70  71  72  73  74  75  76
  77  78  79  80  81  82  83  84  85  86  87  88  89  90  91  92  93  94  95  96
  97  98  99 100 101 102 103 104 105 106 107 108 109 110 111 112 113 114 115 116
 117 118 119 120 121 122 123 124 125 126 127 128 129 130 131 132 133 134 135 136
  1  1  1  1  1  1  1  1  1  1  1  1  1  1  1  1  1  1  1  1
  0  0  0
  36   1   2   3   4   5   6   7   8   9  10  11  12  13  14  15  16  17  18  19
  20  21  22  23  24  25  26  27  28  29  30  31  32  33  34  35  36
   1   2   3   4   5   6   7   8   9  10  11  12  13  14  15  16  17  18  19  20
  21  22  23  24  25  26  27  28  29  30  31  32  33  34  35  36
  1  1  1  1  1  1  1  1  1  1  1  1  1  1  1  1  1  1  1  1
  0  0  0 -1
   1   1
100 
  0  1  0  1  0  1
  0  0  0
   1   2
16  
  0  1  0  1  0  1
  0  0  0
   1   3
6   
  0  1  0  1  0  1
  0  0  0
   1   4
100 
  0  1  0  1  0  1
  0  0  0
   1   5
44  
  0  1  0  1  0  1
  0  0  0
   1   6
23  
  0  1  0  1  0  1
  0  0  0
   1   7
17  
  0  1  0  1  0  1
  0  0  0
   1   8
12  
  0  1  0  1  0  1
  0  0  0
   1   9
78  
  0  1  0  1  0  1
  0  0  0
   1  10
69  
  0  1  0  1  0  1
  0  0  0
   1  11
14  
  0  1  0  1  0  1
  0  0  0
   1  12
16  
  0  1  0  1  0  1
  0  0  0
   1  13
44  
  0  1  0  1  0  1
  0  0  0
   1  14
24  
  0  1  0  1  0  1
  0  0  0
   1  15
212 
  0  1  0  1  0  1
  0  0  0
   1  16
67  
  0  1  0  1  0  1
  0  0  0
   1  17
12  
  0  1  0  1  0  1
  0  0  0
   1  18
97  
  0  1  0  1  0  1
  0  0  0
   1  19
73  
  0  1  0  1  0  1
  0  0  0
   1  20
49  
  0  1  0  1  0  1
  0  0  0
   1  21
3   
  0  1  0  1  0  1
  0  0  0
   1  22
24  
  0  1  0  1  0  1
  0  0  0
   1  23
5   
  0  1  0  1  0  1
  0  0  0
   1  24
74  
  0  1  0  1  0  1
  0  0  0
   1  25
93  
  0  1  0  1  0  1
  0  0  0
   1  26
112 
  0  1  0  1  0  1
  0  0  0
   1  27
187 
  0  1  0  1  0  1
  0  0  0
   1  28
218 
  0  1  0  1  0  1
  0  0  0
   1  29
142 
  0  1  0  1  0  1
  0  0  0
   1  30
17  
  0  1  0  1  0  1
  0  0  0
   1  31
103 
  0  1  0  1  0  1
  1  1  0
   1  37
173 
  0  1  0  1  0  1
  1  1  0
   1  38
119 
  0  1  0  1  0  1
  1  1  0
   1  39
137 
  0  1  0  1  0  1
  1  1  0
   1  40
175 
  0  1  0  1  0  1
  1  1  0
   1  41
62  
  0  1  0  1  0  1
  1  1  0
   1  42
138 
  0  1  0  1  0  1
  1  1  0
   1  43
14  
  0  1  0  1  0  1
  1  1  0
   1  44
67  
  0  1  0  1  0  1
  1  1  0
   1  45
103 
  0  1  0  1  0  1
  1  1  0
   1  46
167 
  0  1  0  1  0  1
  1  1  0
   1  47
13  
  0  1  0  1  0  1
  1  1  0
   1  48
187 
  0  1  0  1  0  1
  1  1  0
   1  49
112 
  0  1  0  1  0  1
  1  1  0
   1  50
175 
  0  1  0  1  0  1
  1  1  0
   1  51
87  
  0  1  0  1  0  1
  1  1  0
   1  52
188 
  0  1  0  1  0  1
  1  1  0
   1  53
137 
  0  1  0  1  0  1
  1  1  0
   1  54
204 
  0  1  0  1  0  1
  1  1  0
   1  55
173 
  0  1  0  1  0  1
  1  1  0
   1  56
50  
  0  1  0  1  0  1
  1  1  0
   1  57
139 
  0  1  0  1  0  1
  1  1  0
   1  58
99  
  0  1  0  1  0  1
  1  1  0
   1  59
150 
  0  1  0  1  0  1
  1  1  0
   1  60
12  
  0  1  0  1  0  1
  1  1  0
   1  61
50  
  0  1  0  1  0  1
  1  1  0
   1  62
55  
  0  1  0  1  0  1
  1  1  0
   1  63
68  
  0  1  0  1  0  1
  1  1  0
   1  64
1   
  0  1  0  1  0  1
  1  1  0
   1  65
9   
  0  1  0  1  0  1
  1  1  0
   1  66
99  
  0  1  0  1  0  1
  1  1  0
   1  67
42  
  0  1  0  1  0  1
  1  1  0
   1  68
170 
  0  1  0  1  0  1
  1  1  0
   1  69
212 
  0  1  0  1  0  1
  1  1  0
   1  70
2   
  0  1  0  1  0  1
  1  1  0
   1  71
175 
  0  1  0  1  0  1
  1  1  0
   1  72
44  
  0  1  0  1  0  1
  1  1  0
   1  73
20  
  0  1  0  1  0  1
  1  1  0
   1  74
100 
  0  1  0  1  0  1
  1  1  0
   1  75
189 
  0  1  0  1  0  1
  1  1  0
   1  76
169 
  0  1  0  1  0  1
  1  1  0
   1  77
73  
  0  1  0  1  0  1
  1  1  0
   1  78
92  
  0  1  0  1  0  1
  1  1  0
   1  79
170 
  0  1  0  1  0  1
  1  1  0
   1  80
193 
  0  1  0  1  0  1
  1  1  0
   1  81
74  
  0  1  0  1  0  1
  1  1  0
   1  82
39  
  0  1  0  1  0  1
  1  1  0
   1  83
42  
  0  1  0  1  0  1
  1  1  0
   1  84
142 
  0  1  0  1  0  1
  1  1  0
   1  85
137 
  0  1  0  1  0  1
  1  1  0
   1  86
5   
  0  1  0  1  0  1
  1  1  0
   1  87
69  
  0  1  0  1  0  1
  1  1  0
   1  88
93  
  0  1  0  1  0  1
  1  1  0
   1  89
19  
  0  1  0  1  0  1
  1  1  0
   1  90
120 
  0  1  0  1  0  1
  1  1  0
   1  91
149 
  0  1  0  1  0  1
  1  1  0
   1  92
175 
  0  1  0  1  0  1
  1  1  0
   1  93
18  
  0  1  0  1  0  1
  1  1  0
   1  94
14  
  0  1  0  1  0  1
  1  1  0
   1  95
97  
  0  1  0  1  0  1
  1  1  0
   1  96
219 
  0  1  0  1  0  1
  1  1  0
   1  97
79  
  0  1  0  1  0  1
  1  1  0
   1  98
79  
  0  1  0  1  0  1
  1  1  0
   1  99
167 
  0  1  0  1  0  1
  1  1  0
   1 100
39  
  0  1  0  1  0  1
  1  1  0
   1 101
214 
  0  1  0  1  0  1
  1  1  0
   1 102
4   
  0  1  0  1  0  1
  1  1  0
   1 103
48  
  0  1  0  1  0  1
  1  1  0
   1 104
18  
  0  1  0  1  0  1
  1  1  0
   1 105
103 
  0  1  0  1  0  1
  1  1  0
   1 106
199 
  0  1  0  1  0  1
  1  1  0
   1 107
167 
  0  1  0  1  0  1
  1  1  0
   1 108
112 
  0  1  0  1  0  1
  1  1  0
   1 109
19  
  0  1  0  1  0  1
  1  1  0
   1 110
2   
  0  1  0  1  0  1
  1  1  0
   1 111
55  
  0  1  0  1  0  1
  1  1  0
   1 112
168 
  0  1  0  1  0  1
  1  1  0
   1 113
119 
  0  1  0  1  0  1
  1  1  0
   1 114
103 
  0  1  0  1  0  1
  1  1  0
   1 115
219 
  0  1  0  1  0  1
  1  1  0
   1 116
87  
  0  1  0  1  0  1
  1  1  0
   1 117
14  
  0  1  0  1  0  1
  1  1  0
   1 118
204 
  0  1  0  1  0  1
  1  1  0
   1 119
93  
  0  1  0  1  0  1
  1  1  0
   1 120
188 
  0  1  0  1  0  1
  1  1  0
   1 121
169 
  0  1  0  1  0  1
  1  1  0
   1 122
99  
  0  1  0  1  0  1
  1  1  0
   1 123
123 
  0  1  0  1  0  1
  1  1  0
   1 124
214 
  0  1  0  1  0  1
  1  1  0
   1 125
80  
  0  1  0  1  0  1
  1  1  0
   1 126
24  
  0  1  0  1  0  1
  1  1  0
   1 127
88  
  0  1  0  1  0  1
  1  1  0
   1 128
5   
  0  1  0  1  0  1
  1  1  0
   1 129
149 
  0  1  0  1  0  1
  1  1  0
   1 130
169 
  0  1  0  1  0  1
  1  1  0
   1 131
167 
  0  1  0  1  0  1
  1  1  0
   1 137
19  
  0  1  0  1  0  1
  1  1  0
   1 138
173 
  0  1  0  1  0  1
  1  1  0
   1 139
28  
  0  1  0  1  0  1
  1  1  0
   1 140
119 
  0  1  0  1  0  1
  1  1  0
   1 141
167 
  0  1  0  1  0  1
  1  1  0
   1 142
167 
  0  1  0  1  0  1
  1  1  0
   1 143
112 
  0  1  0  1  0  1
  1  1  0
   1 144
142 
  0  1  0  1  0  1
  1  1  0
   1 145
18  
  0  1  0  1  0  1
  1  1  0
   1 146
18  
  0  1  0  1  0  1
  1  1  0
   1 147
99  
  0  1  0  1  0  1
  1  1  0
   1 148
39  
  0  1  0  1  0  1
  1  1  0
   1 149
62  
  0  1  0  1  0  1
  1  1  0
   1 150
88  
  0  1  0  1  0  1
  1  1  0
   1 151
193 
  0  1  0  1  0  1
  1  1  0
   1 152
173 
  0  1  0  1  0  1
  1  1  0
   1 153
175 
  0  1  0  1  0  1
  1  1  0
   1 154
39  
  0  1  0  1  0  1
  1  1  0
   1 155
4   
  0  1  0  1  0  1
  1  1  0
   1 156
19  
  0  1  0  1  0  1
  1  1  0
   1 157
97  
  0  1  0  1  0  1
  1  1  0
   1 158
144 
  0  1  0  1  0  1
  1  1  0
   1 159
212 
  0  1  0  1  0  1
  1  1  0
   1 160
24  
  0  1  0  1  0  1
  1  1  0
   1 161
88  
  0  1  0  1  0  1
  1  1  0
   1 162
170 
  0  1  0  1  0  1
  1  1  0
   1 163
10  
  0  1  0  1  0  1
  1  1  0
   1 164
80  
  0  1  0  1  0  1
  1  1  0
   1 165
137 
  0  1  0  1  0  1
  1  1  0
   1 166
10  
  0  1  0  1  0  1
  1  1  0
   1 167
87  
  0  1  0  1  0  1
  1  1  0
   1 168
69  
  0  1  0  1  0  1
  1  1  0
   1 169
139 
  0  1  0  1  0  1
  1  1  0
   1 170
14  
  0  1  0  1  0  1
  1  1  0
   1 171
119 
  0  1  0  1  0  1
  1  1  0
   1 172
13  
  0  1  0  1  0  1
  1  1  0
   1 173
120 
  0  1  0  1  0  1
  1  1  0
   1 174
88  
  0  1  0  1  0  1
  1  1  0
   1 175
93  
  0  1  0  1  0  1
  1  1  0
   1 176
214 
  0  1  0  1  0  1
  1  1  0
   1 177
85  
  0  1  0  1  0  1
  1  1  0
   1 178
42  
  0  1  0  1  0  1
  1  1  0
   1 179
137 
  0  1  0  1  0  1
  1  1  0
   1 180
218 
  0  1  0  1  0  1
  1  1  0
   1 181
149 
  0  1  0  1  0  1
  1  1  0
   1 182
55  
  0  1  0  1  0  1
  1  1  0
   1 183
195 
  0  1  0  1  0  1
  1  1  0
   1 184
13  
  0  1  0  1  0  1
  1  1  0
   1 185
68  
  0  1  0  1  0  1
  1  1  0
   1 186
195 
  0  1  0  1  0  1
  1  1  0
   1 187
13  
  0  1  0  1  0  1
  1  1  0
   1 188
93  
  0  1  0  1  0  1
  1  1  0
   1 189
99  
  0  1  0  1  0  1
  1  1  0
   1 190
170 
  0  1  0  1  0  1
  1  1  0
   1 191
139 
  0  1  0  1  0  1
  1  1  0
   1 192
84  
  0  1  0  1  0  1
  1  1  0
   1 193
137 
  0  1  0  1  0  1
  1  1  0
   1 194
45  
  0  1  0  1  0  1
  1  1  0
   1 195
218 
  0  1  0  1  0  1
  1  1  0
   1 196
139 
  0  1  0  1  0  1
  1  1  0
   1 197
92  
  0  1  0  1  0  1
  1  1  0
   1 198
68  
  0  1  0  1  0  1
  1  1  0
   1 199
199 
  0  1  0  1  0  1
  1  1  0
   1 200
194 
  0  1  0  1  0  1
  1  1  0
   1 201
193 
  0  1  0  1  0  1
  1  1  0
   1 202
112 
  0  1  0  1  0  1
  1  1  0
   1 203
195 
  0  1  0  1  0  1
  1  1  0
   1 204
175 
  0  1  0  1  0  1
  1  1  0
   1 205
143 
  0  1  0  1  0  1
  1  1  0
   1 206
72  
  0  1  0  1  0  1
  1  1  0
   1 207
123 
  0  1  0  1  0  1
  1  1  0
   1 208
215 
  0  1  0  1  0  1
  1  1  0
   1 209
219 
  0  1  0  1  0  1
  1  1  0
   1 210
88  
  0  1  0  1  0  1
  1  1  0
   1 211
142 
  0  1  0  1  0  1
  1  1  0
   1 212
73  
  0  1  0  1  0  1
  1  1  0
   1 213
93  
  0  1  0  1  0  1
  1  1  0
   1 214
69  
  0  1  0  1  0  1
  1  1  0
   1 215
55  
  0  1  0  1  0  1
  1  1  0
   1 216
55  
  0  1  0  1  0  1
  1  1  0
   1 217
170 
  0  1  0  1  0  1
  1  1  0
   1 218
28  
  0  1  0  1  0  1
  1  1  0
   1 219
168 
  0  1  0  1  0  1
  1  1  0
   1 220
173 
  0  1  0  1  0  1
  1  1  0
   1 221
39  
  0  1  0  1  0  1
  1  1  0
   1 222
44  
  0  1  0  1  0  1
  1  1  0
   1 223
3   
  0  1  0  1  0  1
  1  1  0
   1 224
49  
  0  1  0  1  0  1
  1  1  0
   1 225
62  
  0  1  0  1  0  1
  1  1  0
   1 226
219 
  0  1  0  1  0  1
  1  1  0
   1 227
28  
  0  1  0  1  0  1
  1  1  0
   1 228
69  
  0  1  0  1  0  1
  1  1  0
   1 229
138 
  0  1  0  1  0  1
  1  1  0
   1 230
138 
  0  1  0  1  0  1
  1  1  0
   1 231
144 
  0  1  0  1  0  1
