 10  8  9  3 00  0  0  0  0
nnn_pot
  8
  8 20
                                                11.326655   11.326655   
                                                11.326655   4.954243    
                                                11.326655   1.986640    
                                                11.326655   0.709683    
                                                11.326655   0.618611    
                                                11.326655   0.185750    
                                                11.326655   0.049477    
                                                11.326655   0.011332    
  129.566500   51.346700   29.472870   13.423390    8.214456    4.447413
    2.939000    1.690174    1.185236    0.843000    0.500110    0.257369
    0.138520    0.071429    0.038519    0.018573    0.009726    0.005619
    0.002765    0.001010
  1  1
          1.

  1  1
                      1.

  1  1
                                  1.

  1  1
                                              1.

  1  1
                                                          1.

  1  1
                                                                      1.

  1  1

          1.
  1  1

                      1.
  8
  8 20
                                                4.954243    4.954243    
                                                4.954243    1.986640    
                                                4.954243    0.709683    
                                                4.954243    0.618611    
                                                4.954243    0.185750    
                                                4.954243    0.049477    
                                                4.954243    0.011332    
                                                1.986640    1.986640    
  129.566500   51.346700   29.472870   13.423390    8.214456    4.447413
    2.939000    1.690174    1.185236    0.843000    0.500110    0.257369
    0.138520    0.071429    0.038519    0.018573    0.009726    0.005619
    0.002765    0.001010
  1  1
          1.

  1  1
                      1.

  1  1
                                  1.

  1  1
                                              1.

  1  1
                                                          1.

  1  1
                                                                      1.

  1  1

          1.
  1  1

                      1.
  8
  8 20
                                                1.986640    0.709683    
                                                1.986640    0.618611    
                                                1.986640    0.185750    
                                                1.986640    0.049477    
                                                1.986640    0.011332    
                                                0.709683    0.709683    
                                                0.709683    0.618611    
                                                0.709683    0.185750    
  129.566500   51.346700   29.472870   13.423390    8.214456    4.447413
    2.939000    1.690174    1.185236    0.843000    0.500110    0.257369
    0.138520    0.071429    0.038519    0.018573    0.009726    0.005619
    0.002765    0.001010
  1  1
          1.

  1  1
                      1.

  1  1
                                  1.

  1  1
                                              1.

  1  1
                                                          1.

  1  1
                                                                      1.

  1  1

          1.
  1  1

                      1.
  8
  8 20
                                                0.709683    0.049477    
                                                0.709683    0.011332    
                                                0.618611    0.618611    
                                                0.618611    0.185750    
                                                0.618611    0.049477    
                                                0.618611    0.011332    
                                                0.185750    0.185750    
                                                0.185750    0.049477    
  129.566500   51.346700   29.472870   13.423390    8.214456    4.447413
    2.939000    1.690174    1.185236    0.843000    0.500110    0.257369
    0.138520    0.071429    0.038519    0.018573    0.009726    0.005619
    0.002765    0.001010
  1  1
          1.

  1  1
                      1.

  1  1
                                  1.

  1  1
                                              1.

  1  1
                                                          1.

  1  1
                                                                      1.

  1  1

          1.
  1  1

                      1.
  4
  4 20
                                                0.185750    0.011332    
                                                0.049477    0.049477    
                                                0.049477    0.011332    
                                                0.011332    0.011332    
  129.566500   51.346700   29.472870   13.423390    8.214456    4.447413
    2.939000    1.690174    1.185236    0.843000    0.500110    0.257369
    0.138520    0.071429    0.038519    0.018573    0.009726    0.005619
    0.002765    0.001010
  1  1
          1.
  1  1
                      1.
  1  1
                                  1.
  1  1
                                              1.
  8
  8 20
                                                6.876914    14.233274   
                                                6.876914    1.110500    
                                                6.876914    0.304443    
                                                6.876914    0.108336    
                                                6.876914    0.038237    
                                                3.590105    14.233274   
                                                3.590105    1.110500    
                                                3.590105    0.304443    
  129.566500   51.346700   29.472870   13.423390    8.214456    4.447413
    2.939000    1.690174    1.185236    0.843000    0.500110    0.257369
    0.138520    0.071429    0.038519    0.018573    0.009726    0.005619
    0.002765    0.001010
  1  1
          1.

  1  1
                      1.

  1  1
                                  1.

  1  1
                                              1.

  1  1
                                                          1.

  1  1
                                                                      1.

  1  1

          1.
  1  1

                      1.
  8
  8 20
                                                3.590105    0.108336    
                                                3.590105    0.038237    
                                                1.147138    14.233274   
                                                1.147138    1.110500    
                                                1.147138    0.304443    
                                                1.147138    0.108336    
                                                1.147138    0.038237    
                                                0.798618    14.233274   
  129.566500   51.346700   29.472870   13.423390    8.214456    4.447413
    2.939000    1.690174    1.185236    0.843000    0.500110    0.257369
    0.138520    0.071429    0.038519    0.018573    0.009726    0.005619
    0.002765    0.001010
  1  1
          1.

  1  1
                      1.

  1  1
                                  1.

  1  1
                                              1.

  1  1
                                                          1.

  1  1
                                                                      1.

  1  1

          1.
  1  1

                      1.
  8
  8 20
                                                0.798618    1.110500    
                                                0.798618    0.304443    
                                                0.798618    0.108336    
                                                0.798618    0.038237    
                                                0.244720    14.233274   
                                                0.244720    1.110500    
                                                0.244720    0.304443    
                                                0.244720    0.108336    
  129.566500   51.346700   29.472870   13.423390    8.214456    4.447413
    2.939000    1.690174    1.185236    0.843000    0.500110    0.257369
    0.138520    0.071429    0.038519    0.018573    0.009726    0.005619
    0.002765    0.001010
  1  1
          1.

  1  1
                      1.

  1  1
                                  1.

  1  1
                                              1.

  1  1
                                                          1.

  1  1
                                                                      1.

  1  1

          1.
  1  1

                      1.
  8
  8 20
                                                0.244720    0.038237    
                                                11.490061   4.186475    
                                                11.490061   1.574686    
                                                11.490061   0.560903    
                                                11.490061   0.163866    
                                                11.490061   0.062477    
                                                9.366861    4.186475    
                                                9.366861    1.574686    
  129.566500   51.346700   29.472870   13.423390    8.214456    4.447413
    2.939000    1.690174    1.185236    0.843000    0.500110    0.257369
    0.138520    0.071429    0.038519    0.018573    0.009726    0.005619
    0.002765    0.001010
  1  1
          1.

  1  1
                      1.

  1  1
                                  1.

  1  1
                                              1.

  1  1
                                                          1.

  1  1
                                                                      1.

  1  1

          1.
  1  1

                      1.
  8
  8 20
                                                9.366861    0.560903    
                                                9.366861    0.163866    
                                                9.366861    0.062477    
                                                3.721975    4.186475    
                                                3.721975    1.574686    
                                                3.721975    0.560903    
                                                3.721975    0.163866    
                                                3.721975    0.062477    
  129.566500   51.346700   29.472870   13.423390    8.214456    4.447413
    2.939000    1.690174    1.185236    0.843000    0.500110    0.257369
    0.138520    0.071429    0.038519    0.018573    0.009726    0.005619
    0.002765    0.001010
  1  1
          1.

  1  1
                      1.

  1  1
                                  1.

  1  1
                                              1.

  1  1
                                                          1.

  1  1
                                                                      1.

  1  1

          1.
  1  1

                      1.
  8
  8 20
                                                1.313003    4.186475    
                                                1.313003    1.574686    
                                                1.313003    0.560903    
                                                1.313003    0.163866    
                                                1.313003    0.062477    
                                                1.041847    4.186475    
                                                1.041847    1.574686    
                                                1.041847    0.560903    
  129.566500   51.346700   29.472870   13.423390    8.214456    4.447413
    2.939000    1.690174    1.185236    0.843000    0.500110    0.257369
    0.138520    0.071429    0.038519    0.018573    0.009726    0.005619
    0.002765    0.001010
  1  1
          1.

  1  1
                      1.

  1  1
                                  1.

  1  1
                                              1.

  1  1
                                                          1.

  1  1
                                                                      1.

  1  1

          1.
  1  1

                      1.
  2
  2 20
                                                1.041847    0.163866    
                                                1.041847    0.062477    
  129.566500   51.346700   29.472870   13.423390    8.214456    4.447413
    2.939000    1.690174    1.185236    0.843000    0.500110    0.257369
    0.138520    0.071429    0.038519    0.018573    0.009726    0.005619
    0.002765    0.001010
  1  1
          1.
  1  1
                      1.
  8
  8 20
                                                11.400928   12.092374   
                                                11.400928   5.487658    
                                                11.400928   0.433340    
                                                11.400928   0.137562    
                                                11.400928   0.037074    
                                                7.027018    12.092374   
                                                7.027018    5.487658    
                                                7.027018    0.433340    
  129.566500   51.346700   29.472870   13.423390    8.214456    4.447413
    2.939000    1.690174    1.185236    0.843000    0.500110    0.257369
    0.138520    0.071429    0.038519    0.018573    0.009726    0.005619
    0.002765    0.001010
  1  1
          1.

  1  1
                      1.

  1  1
                                  1.

  1  1
                                              1.

  1  1
                                                          1.

  1  1
                                                                      1.

  1  1

          1.
  1  1

                      1.
  8
  8 20
                                                7.027018    0.137562    
                                                7.027018    0.037074    
                                                2.419626    12.092374   
                                                2.419626    5.487658    
                                                2.419626    0.433340    
                                                2.419626    0.137562    
                                                2.419626    0.037074    
                                                0.966469    12.092374   
  129.566500   51.346700   29.472870   13.423390    8.214456    4.447413
    2.939000    1.690174    1.185236    0.843000    0.500110    0.257369
    0.138520    0.071429    0.038519    0.018573    0.009726    0.005619
    0.002765    0.001010
  1  1
          1.

  1  1
                      1.

  1  1
                                  1.

  1  1
                                              1.

  1  1
                                                          1.

  1  1
                                                                      1.

  1  1

          1.
  1  1

                      1.
  8
  8 20
                                                0.966469    5.487658    
                                                0.966469    0.433340    
                                                0.966469    0.137562    
                                                0.966469    0.037074    
                                                0.104726    12.092374   
                                                0.104726    5.487658    
                                                0.104726    0.433340    
                                                0.104726    0.137562    
  129.566500   51.346700   29.472870   13.423390    8.214456    4.447413
    2.939000    1.690174    1.185236    0.843000    0.500110    0.257369
    0.138520    0.071429    0.038519    0.018573    0.009726    0.005619
    0.002765    0.001010
  1  1
          1.

  1  1
                      1.

  1  1
                                  1.

  1  1
                                              1.

  1  1
                                                          1.

  1  1
                                                                      1.

  1  1

          1.
  1  1

                      1.
  8
  8 20
                                                0.104726    0.037074    
                                                11.486769   5.733796    
                                                11.486769   1.178541    
                                                11.486769   0.780488    
                                                11.486769   0.249830    
                                                11.486769   0.060774    
                                                5.428695    5.733796    
                                                5.428695    1.178541    
  129.566500   51.346700   29.472870   13.423390    8.214456    4.447413
    2.939000    1.690174    1.185236    0.843000    0.500110    0.257369
    0.138520    0.071429    0.038519    0.018573    0.009726    0.005619
    0.002765    0.001010
  1  1
          1.

  1  1
                      1.

  1  1
                                  1.

  1  1
                                              1.

  1  1
                                                          1.

  1  1
                                                                      1.

  1  1

          1.
  1  1

                      1.
  8
  8 20
                                                5.428695    0.780488    
                                                5.428695    0.249830    
                                                5.428695    0.060774    
                                                0.674614    5.733796    
                                                0.674614    1.178541    
                                                0.674614    0.780488    
                                                0.674614    0.249830    
                                                0.674614    0.060774    
  129.566500   51.346700   29.472870   13.423390    8.214456    4.447413
    2.939000    1.690174    1.185236    0.843000    0.500110    0.257369
    0.138520    0.071429    0.038519    0.018573    0.009726    0.005619
    0.002765    0.001010
  1  1
          1.

  1  1
                      1.

  1  1
                                  1.

  1  1
                                              1.

  1  1
                                                          1.

  1  1
                                                                      1.

  1  1

          1.
  1  1

                      1.
  8
  8 20
                                                0.248682    5.733796    
                                                0.248682    1.178541    
                                                0.248682    0.780488    
                                                0.248682    0.249830    
                                                0.248682    0.060774    
                                                0.031199    5.733796    
                                                0.031199    1.178541    
                                                0.031199    0.780488    
  129.566500   51.346700   29.472870   13.423390    8.214456    4.447413
    2.939000    1.690174    1.185236    0.843000    0.500110    0.257369
    0.138520    0.071429    0.038519    0.018573    0.009726    0.005619
    0.002765    0.001010
  1  1
          1.

  1  1
                      1.

  1  1
                                  1.

  1  1
                                              1.

  1  1
                                                          1.

  1  1
                                                                      1.

  1  1

          1.
  1  1

                      1.
  2
  2 20
                                                0.031199    0.249830    
                                                0.031199    0.060774    
  129.566500   51.346700   29.472870   13.423390    8.214456    4.447413
    2.939000    1.690174    1.185236    0.843000    0.500110    0.257369
    0.138520    0.071429    0.038519    0.018573    0.009726    0.005619
    0.002765    0.001010
  1  1
          1.
  1  1
                      1.
  8
  8 20
                                                9.026814    7.972613    
                                                9.026814    0.549071    
                                                9.026814    0.179183    
                                                9.026814    0.106864    
                                                9.026814    0.040208    
                                                3.857128    7.972613    
                                                3.857128    0.549071    
                                                3.857128    0.179183    
  129.566500   51.346700   29.472870   13.423390    8.214456    4.447413
    2.939000    1.690174    1.185236    0.843000    0.500110    0.257369
    0.138520    0.071429    0.038519    0.018573    0.009726    0.005619
    0.002765    0.001010
  1  1
          1.

  1  1
                      1.

  1  1
                                  1.

  1  1
                                              1.

  1  1
                                                          1.

  1  1
                                                                      1.

  1  1

          1.
  1  1

                      1.
  8
  8 20
                                                3.857128    0.106864    
                                                3.857128    0.040208    
                                                1.382781    7.972613    
                                                1.382781    0.549071    
                                                1.382781    0.179183    
                                                1.382781    0.106864    
                                                1.382781    0.040208    
                                                0.394760    7.972613    
  129.566500   51.346700   29.472870   13.423390    8.214456    4.447413
    2.939000    1.690174    1.185236    0.843000    0.500110    0.257369
    0.138520    0.071429    0.038519    0.018573    0.009726    0.005619
    0.002765    0.001010
  1  1
          1.

  1  1
                      1.

  1  1
                                  1.

  1  1
                                              1.

  1  1
                                                          1.

  1  1
                                                                      1.

  1  1

          1.
  1  1

                      1.
  8
  8 20
                                                0.394760    0.549071    
                                                0.394760    0.179183    
                                                0.394760    0.106864    
                                                0.394760    0.040208    
                                                0.143225    7.972613    
                                                0.143225    0.549071    
                                                0.143225    0.179183    
                                                0.143225    0.106864    
  129.566500   51.346700   29.472870   13.423390    8.214456    4.447413
    2.939000    1.690174    1.185236    0.843000    0.500110    0.257369
    0.138520    0.071429    0.038519    0.018573    0.009726    0.005619
    0.002765    0.001010
  1  1
          1.

  1  1
                      1.

  1  1
                                  1.

  1  1
                                              1.

  1  1
                                                          1.

  1  1
                                                                      1.

  1  1

          1.
  1  1

                      1.
  8
  8 20
                                                0.143225    0.040208    
                                                9.774850    5.494819    
                                                9.774850    0.312284    
                                                9.774850    0.160003    
                                                9.774850    0.103652    
                                                9.774850    0.052945    
                                                1.901428    5.494819    
                                                1.901428    0.312284    
  129.566500   51.346700   29.472870   13.423390    8.214456    4.447413
    2.939000    1.690174    1.185236    0.843000    0.500110    0.257369
    0.138520    0.071429    0.038519    0.018573    0.009726    0.005619
    0.002765    0.001010
  1  1
          1.

  1  1
                      1.

  1  1
                                  1.

  1  1
                                              1.

  1  1
                                                          1.

  1  1
                                                                      1.

  1  1

          1.
  1  1

                      1.
  8
  8 20
                                                1.901428    0.160003    
                                                1.901428    0.103652    
                                                1.901428    0.052945    
                                                1.089471    5.494819    
                                                1.089471    0.312284    
                                                1.089471    0.160003    
                                                1.089471    0.103652    
                                                1.089471    0.052945    
  129.566500   51.346700   29.472870   13.423390    8.214456    4.447413
    2.939000    1.690174    1.185236    0.843000    0.500110    0.257369
    0.138520    0.071429    0.038519    0.018573    0.009726    0.005619
    0.002765    0.001010
  1  1
          1.

  1  1
                      1.

  1  1
                                  1.

  1  1
                                              1.

  1  1
                                                          1.

  1  1
                                                                      1.

  1  1

          1.
  1  1

                      1.
  8
  8 20
                                                0.074095    5.494819    
                                                0.074095    0.312284    
                                                0.074095    0.160003    
                                                0.074095    0.103652    
                                                0.074095    0.052945    
                                                0.044781    5.494819    
                                                0.044781    0.312284    
                                                0.044781    0.160003    
  129.566500   51.346700   29.472870   13.423390    8.214456    4.447413
    2.939000    1.690174    1.185236    0.843000    0.500110    0.257369
    0.138520    0.071429    0.038519    0.018573    0.009726    0.005619
    0.002765    0.001010
  1  1
          1.

  1  1
                      1.

  1  1
                                  1.

  1  1
                                              1.

  1  1
                                                          1.

  1  1
                                                                      1.

  1  1

          1.
  1  1

                      1.
  2
  2 20
                                                0.044781    0.103652    
                                                0.044781    0.052945    
  129.566500   51.346700   29.472870   13.423390    8.214456    4.447413
    2.939000    1.690174    1.185236    0.843000    0.500110    0.257369
    0.138520    0.071429    0.038519    0.018573    0.009726    0.005619
    0.002765    0.001010
  1  1
          1.
  1  1
                      1.
  8
  8 20
                                                9.913569    11.716283   
                                                9.913569    5.445443    
                                                9.913569    0.325741    
                                                9.913569    0.105163    
                                                9.913569    0.030838    
                                                4.499755    11.716283   
                                                4.499755    5.445443    
                                                4.499755    0.325741    
  129.566500   51.346700   29.472870   13.423390    8.214456    4.447413
    2.939000    1.690174    1.185236    0.843000    0.500110    0.257369
    0.138520    0.071429    0.038519    0.018573    0.009726    0.005619
    0.002765    0.001010
  1  1
          1.

  1  1
                      1.

  1  1
                                  1.

  1  1
                                              1.

  1  1
                                                          1.

  1  1
                                                                      1.

  1  1

          1.
  1  1

                      1.
  8
  8 20
                                                4.499755    0.105163    
                                                4.499755    0.030838    
                                                1.745948    11.716283   
                                                1.745948    5.445443    
                                                1.745948    0.325741    
                                                1.745948    0.105163    
                                                1.745948    0.030838    
                                                0.652191    11.716283   
  129.566500   51.346700   29.472870   13.423390    8.214456    4.447413
    2.939000    1.690174    1.185236    0.843000    0.500110    0.257369
    0.138520    0.071429    0.038519    0.018573    0.009726    0.005619
    0.002765    0.001010
  1  1
          1.

  1  1
                      1.

  1  1
                                  1.

  1  1
                                              1.

  1  1
                                                          1.

  1  1
                                                                      1.

  1  1

          1.
  1  1

                      1.
  8
  8 20
                                                0.652191    5.445443    
                                                0.652191    0.325741    
                                                0.652191    0.105163    
                                                0.652191    0.030838    
                                                0.290187    11.716283   
                                                0.290187    5.445443    
                                                0.290187    0.325741    
                                                0.290187    0.105163    
  129.566500   51.346700   29.472870   13.423390    8.214456    4.447413
    2.939000    1.690174    1.185236    0.843000    0.500110    0.257369
    0.138520    0.071429    0.038519    0.018573    0.009726    0.005619
    0.002765    0.001010
  1  1
          1.

  1  1
                      1.

  1  1
                                  1.

  1  1
                                              1.

  1  1
                                                          1.

  1  1
                                                                      1.

  1  1

          1.
  1  1

                      1.
  8
  8 20
                                                0.290187    0.030838    
                                                6.635520    7.527839    
                                                6.635520    2.871227    
                                                6.635520    0.843719    
                                                6.635520    0.331539    
                                                6.635520    0.022445    
                                                3.374086    7.527839    
                                                3.374086    2.871227    
  129.566500   51.346700   29.472870   13.423390    8.214456    4.447413
    2.939000    1.690174    1.185236    0.843000    0.500110    0.257369
    0.138520    0.071429    0.038519    0.018573    0.009726    0.005619
    0.002765    0.001010
  1  1
          1.

  1  1
                      1.

  1  1
                                  1.

  1  1
                                              1.

  1  1
                                                          1.

  1  1
                                                                      1.

  1  1

          1.
  1  1

                      1.
  8
  8 20
                                                3.374086    0.843719    
                                                3.374086    0.331539    
                                                3.374086    0.022445    
                                                0.489248    7.527839    
                                                0.489248    2.871227    
                                                0.489248    0.843719    
                                                0.489248    0.331539    
                                                0.489248    0.022445    
  129.566500   51.346700   29.472870   13.423390    8.214456    4.447413
    2.939000    1.690174    1.185236    0.843000    0.500110    0.257369
    0.138520    0.071429    0.038519    0.018573    0.009726    0.005619
    0.002765    0.001010
  1  1
          1.

  1  1
                      1.

  1  1
                                  1.

  1  1
                                              1.

  1  1
                                                          1.

  1  1
                                                                      1.

  1  1

          1.
  1  1

                      1.
  8
  8 20
                                                0.030764    7.527839    
                                                0.030764    2.871227    
                                                0.030764    0.843719    
                                                0.030764    0.331539    
                                                0.030764    0.022445    
                                                0.013183    7.527839    
                                                0.013183    2.871227    
                                                0.013183    0.843719    
  129.566500   51.346700   29.472870   13.423390    8.214456    4.447413
    2.939000    1.690174    1.185236    0.843000    0.500110    0.257369
    0.138520    0.071429    0.038519    0.018573    0.009726    0.005619
    0.002765    0.001010
  1  1
          1.

  1  1
                      1.

  1  1
                                  1.

  1  1
                                              1.

  1  1
                                                          1.

  1  1
                                                                      1.

  1  1

          1.
  1  1

                      1.
  2
  2 20
                                                0.013183    0.331539    
                                                0.013183    0.022445    
  129.566500   51.346700   29.472870   13.423390    8.214456    4.447413
    2.939000    1.690174    1.185236    0.843000    0.500110    0.257369
    0.138520    0.071429    0.038519    0.018573    0.009726    0.005619
    0.002765    0.001010
  1  1
          1.
  1  1
                      1.
eob-tni/np1s_np1s_S0_np1s_np1s_S0
elu-tni/000-0_000-0
eob-tni/np1s_np1s_S0_np1s_np1s_S0
elu-tni/000-0_000-0
eob-tni/np1s_np1s_S0_np1s_np1s_S0
elu-tni/000-0_000-0
eob-tni/np1s_np1s_S0_np1s_np1s_S0
elu-tni/000-0_000-0
eob-tni/np1s_np1s_S0_np1s_np1s_S0
elu-tni/000-0_000-0
eob-tni/np1s_np1s_S0_np1s_np1s_S0
elu-tni/000-0_000-0
eob-tni/np1s_np1s_S0_np1s_np1s_S0
elu-tni/000-0_000-0
eob-tni/np1s_np1s_S0_np1s_np1s_S0
elu-tni/000-0_000-0
eob-tni/np1s_np1s_S0_np1s_np1s_S0
elu-tni/000-0_000-0
eob-tni/np1s_np1s_S0_np1s_np1s_S0
elu-tni/000-0_000-0
eob-tni/np1s_np1s_S0_np1s_np1s_S0
elu-tni/000-0_000-0
eob-tni/np1s_np1s_S0_np1s_np1s_S0
elu-tni/000-0_000-0
eob-tni/np1s_np1s_S0_np1s_np1s_S0
elu-tni/000-0_000-0
eob-tni/np1s_np1s_S0_np1s_np1s_S0
elu-tni/000-0_000-0
eob-tni/np1s_np1s_S0_np1s_np1s_S0
elu-tni/000-0_000-0
eob-tni/hen_1s0_np1s_np1s_S0
elu-tni/000-0_000-0
eob-tni/hen_1s0_np1s_np1s_S0
elu-tni/000-0_000-0
eob-tni/hen_1s0_np1s_np1s_S0
elu-tni/000-0_000-0
eob-tni/hen_1s0_np1s_np1s_S0
elu-tni/000-0_000-0
eob-tni/hen_1s0_np1s_np1s_S0
elu-tni/000-0_000-0
eob-tni/hen_1s0_hen_1s0
elu-tni/000-0_000-0
eob-tni/hen_1s0_np1s_np1s_S0
elu-tni/000-0_000-0
eob-tni/hen_1s0_np1s_np1s_S0
elu-tni/000-0_000-0
eob-tni/hen_1s0_np1s_np1s_S0
elu-tni/000-0_000-0
eob-tni/hen_1s0_np1s_np1s_S0
elu-tni/000-0_000-0
eob-tni/hen_1s0_np1s_np1s_S0
elu-tni/000-0_000-0
eob-tni/hen_1s0_hen_1s0
elu-tni/000-0_000-0
eob-tni/hen_1s0_hen_1s0
elu-tni/000-0_000-0
eob-tni/hen_1s0_np1s_np1s_S0
elu-tni/000-0_000-0
eob-tni/hen_1s0_np1s_np1s_S0
elu-tni/000-0_000-0
eob-tni/hen_1s0_np1s_np1s_S0
elu-tni/000-0_000-0
eob-tni/hen_1s0_np1s_np1s_S0
elu-tni/000-0_000-0
eob-tni/hen_1s0_np1s_np1s_S0
elu-tni/000-0_000-0
eob-tni/hen_1s0_hen_1s0
elu-tni/000-0_000-0
eob-tni/hen_1s0_hen_1s0
elu-tni/000-0_000-0
eob-tni/hen_1s0_hen_1s0
elu-tni/000-0_000-0
eob-tni/hen_1s0_np1s_np1s_S0
elu-tni/000-0_000-0
eob-tni/hen_1s0_np1s_np1s_S0
elu-tni/000-0_000-0
eob-tni/hen_1s0_np1s_np1s_S0
elu-tni/000-0_000-0
eob-tni/hen_1s0_np1s_np1s_S0
elu-tni/000-0_000-0
eob-tni/hen_1s0_np1s_np1s_S0
elu-tni/000-0_000-0
eob-tni/hen_1s0_hen_1s0
elu-tni/000-0_000-0
eob-tni/hen_1s0_hen_1s0
elu-tni/000-0_000-0
eob-tni/hen_1s0_hen_1s0
elu-tni/000-0_000-0
eob-tni/hen_1s0_hen_1s0
elu-tni/000-0_000-0
eob-tni/hen_1s0_np1s_np1s_S0
elu-tni/000-0_000-0
eob-tni/hen_1s0_np1s_np1s_S0
elu-tni/000-0_000-0
eob-tni/hen_1s0_np1s_np1s_S0
elu-tni/000-0_000-0
eob-tni/hen_1s0_np1s_np1s_S0
elu-tni/000-0_000-0
eob-tni/hen_1s0_np1s_np1s_S0
elu-tni/000-0_000-0
eob-tni/hen_1s0_hen_1s0
elu-tni/000-0_000-0
eob-tni/hen_1s0_hen_1s0
elu-tni/000-0_000-0
eob-tni/hen_1s0_hen_1s0
elu-tni/000-0_000-0
eob-tni/hen_1s0_hen_1s0
elu-tni/000-0_000-0
eob-tni/hen_1s0_hen_1s0
elu-tni/000-0_000-0
eob-tni/hen_1s0_np1s_np1s_S0
elu-tni/000-0_000-0
eob-tni/hen_1s0_np1s_np1s_S0
elu-tni/000-0_000-0
eob-tni/hen_1s0_np1s_np1s_S0
elu-tni/000-0_000-0
eob-tni/hen_1s0_np1s_np1s_S0
elu-tni/000-0_000-0
eob-tni/hen_1s0_np1s_np1s_S0
elu-tni/000-0_000-0
eob-tni/hen_1s0_hen_1s0
elu-tni/000-0_000-0
eob-tni/hen_1s0_hen_1s0
elu-tni/000-0_000-0
eob-tni/hen_1s0_hen_1s0
elu-tni/000-0_000-0
eob-tni/hen_1s0_hen_1s0
elu-tni/000-0_000-0
eob-tni/hen_1s0_hen_1s0
elu-tni/000-0_000-0
eob-tni/hen_1s0_hen_1s0
elu-tni/000-0_000-0
eob-tni/hen_1s0_np1s_np1s_S0
elu-tni/000-0_000-0
eob-tni/hen_1s0_np1s_np1s_S0
elu-tni/000-0_000-0
eob-tni/hen_1s0_np1s_np1s_S0
elu-tni/000-0_000-0
eob-tni/hen_1s0_np1s_np1s_S0
elu-tni/000-0_000-0
eob-tni/hen_1s0_np1s_np1s_S0
elu-tni/000-0_000-0
eob-tni/hen_1s0_hen_1s0
elu-tni/000-0_000-0
eob-tni/hen_1s0_hen_1s0
elu-tni/000-0_000-0
eob-tni/hen_1s0_hen_1s0
elu-tni/000-0_000-0
eob-tni/hen_1s0_hen_1s0
elu-tni/000-0_000-0
eob-tni/hen_1s0_hen_1s0
elu-tni/000-0_000-0
eob-tni/hen_1s0_hen_1s0
elu-tni/000-0_000-0
eob-tni/hen_1s0_hen_1s0
elu-tni/000-0_000-0
eob-tni/hen_6s0_np1s_np1s_S0
elu-tni/000-0_000-0
eob-tni/hen_6s0_np1s_np1s_S0
elu-tni/000-0_000-0
eob-tni/hen_6s0_np1s_np1s_S0
elu-tni/000-0_000-0
eob-tni/hen_6s0_np1s_np1s_S0
elu-tni/000-0_000-0
eob-tni/hen_6s0_np1s_np1s_S0
elu-tni/000-0_000-0
eob-tni/hen_6s0_hen_1s0
elu-tni/000-0_000-0
eob-tni/hen_6s0_hen_1s0
elu-tni/000-0_000-0
eob-tni/hen_6s0_hen_1s0
elu-tni/000-0_000-0
eob-tni/hen_6s0_hen_1s0
elu-tni/000-0_000-0
eob-tni/hen_6s0_hen_1s0
elu-tni/000-0_000-0
eob-tni/hen_6s0_hen_1s0
elu-tni/000-0_000-0
eob-tni/hen_6s0_hen_1s0
elu-tni/000-0_000-0
eob-tni/hen_6s0_hen_6s0
elu-tni/000-0_000-0
eob-tni/hen_6s0_np1s_np1s_S0
elu-tni/000-0_000-0
eob-tni/hen_6s0_np1s_np1s_S0
elu-tni/000-0_000-0
eob-tni/hen_6s0_np1s_np1s_S0
elu-tni/000-0_000-0
eob-tni/hen_6s0_np1s_np1s_S0
elu-tni/000-0_000-0
eob-tni/hen_6s0_np1s_np1s_S0
elu-tni/000-0_000-0
eob-tni/hen_6s0_hen_1s0
elu-tni/000-0_000-0
eob-tni/hen_6s0_hen_1s0
elu-tni/000-0_000-0
eob-tni/hen_6s0_hen_1s0
elu-tni/000-0_000-0
eob-tni/hen_6s0_hen_1s0
elu-tni/000-0_000-0
eob-tni/hen_6s0_hen_1s0
elu-tni/000-0_000-0
eob-tni/hen_6s0_hen_1s0
elu-tni/000-0_000-0
eob-tni/hen_6s0_hen_1s0
elu-tni/000-0_000-0
eob-tni/hen_6s0_hen_6s0
elu-tni/000-0_000-0
eob-tni/hen_6s0_hen_6s0
elu-tni/000-0_000-0
eob-tni/hen_6s0_np1s_np1s_S0
elu-tni/000-0_000-0
eob-tni/hen_6s0_np1s_np1s_S0
elu-tni/000-0_000-0
eob-tni/hen_6s0_np1s_np1s_S0
elu-tni/000-0_000-0
eob-tni/hen_6s0_np1s_np1s_S0
elu-tni/000-0_000-0
eob-tni/hen_6s0_np1s_np1s_S0
elu-tni/000-0_000-0
eob-tni/hen_6s0_hen_1s0
elu-tni/000-0_000-0
eob-tni/hen_6s0_hen_1s0
elu-tni/000-0_000-0
eob-tni/hen_6s0_hen_1s0
elu-tni/000-0_000-0
eob-tni/hen_6s0_hen_1s0
elu-tni/000-0_000-0
eob-tni/hen_6s0_hen_1s0
elu-tni/000-0_000-0
eob-tni/hen_6s0_hen_1s0
elu-tni/000-0_000-0
eob-tni/hen_6s0_hen_1s0
elu-tni/000-0_000-0
eob-tni/hen_6s0_hen_6s0
elu-tni/000-0_000-0
eob-tni/hen_6s0_hen_6s0
elu-tni/000-0_000-0
eob-tni/hen_6s0_hen_6s0
elu-tni/000-0_000-0
eob-tni/hen_6s0_np1s_np1s_S0
elu-tni/000-0_000-0
eob-tni/hen_6s0_np1s_np1s_S0
elu-tni/000-0_000-0
eob-tni/hen_6s0_np1s_np1s_S0
elu-tni/000-0_000-0
eob-tni/hen_6s0_np1s_np1s_S0
elu-tni/000-0_000-0
eob-tni/hen_6s0_np1s_np1s_S0
elu-tni/000-0_000-0
eob-tni/hen_6s0_hen_1s0
elu-tni/000-0_000-0
eob-tni/hen_6s0_hen_1s0
elu-tni/000-0_000-0
eob-tni/hen_6s0_hen_1s0
elu-tni/000-0_000-0
eob-tni/hen_6s0_hen_1s0
elu-tni/000-0_000-0
eob-tni/hen_6s0_hen_1s0
elu-tni/000-0_000-0
eob-tni/hen_6s0_hen_1s0
elu-tni/000-0_000-0
eob-tni/hen_6s0_hen_1s0
elu-tni/000-0_000-0
eob-tni/hen_6s0_hen_6s0
elu-tni/000-0_000-0
eob-tni/hen_6s0_hen_6s0
elu-tni/000-0_000-0
eob-tni/hen_6s0_hen_6s0
elu-tni/000-0_000-0
eob-tni/hen_6s0_hen_6s0
elu-tni/000-0_000-0
eob-tni/hen_6s0_np1s_np1s_S0
elu-tni/000-0_000-0
eob-tni/hen_6s0_np1s_np1s_S0
elu-tni/000-0_000-0
eob-tni/hen_6s0_np1s_np1s_S0
elu-tni/000-0_000-0
eob-tni/hen_6s0_np1s_np1s_S0
elu-tni/000-0_000-0
eob-tni/hen_6s0_np1s_np1s_S0
elu-tni/000-0_000-0
eob-tni/hen_6s0_hen_1s0
elu-tni/000-0_000-0
eob-tni/hen_6s0_hen_1s0
elu-tni/000-0_000-0
eob-tni/hen_6s0_hen_1s0
elu-tni/000-0_000-0
eob-tni/hen_6s0_hen_1s0
elu-tni/000-0_000-0
eob-tni/hen_6s0_hen_1s0
elu-tni/000-0_000-0
eob-tni/hen_6s0_hen_1s0
elu-tni/000-0_000-0
eob-tni/hen_6s0_hen_1s0
elu-tni/000-0_000-0
eob-tni/hen_6s0_hen_6s0
elu-tni/000-0_000-0
eob-tni/hen_6s0_hen_6s0
elu-tni/000-0_000-0
eob-tni/hen_6s0_hen_6s0
elu-tni/000-0_000-0
eob-tni/hen_6s0_hen_6s0
elu-tni/000-0_000-0
eob-tni/hen_6s0_hen_6s0
elu-tni/000-0_000-0
eob-tni/hen_6s0_np1s_np1s_S0
elu-tni/000-0_000-0
eob-tni/hen_6s0_np1s_np1s_S0
elu-tni/000-0_000-0
eob-tni/hen_6s0_np1s_np1s_S0
elu-tni/000-0_000-0
eob-tni/hen_6s0_np1s_np1s_S0
elu-tni/000-0_000-0
eob-tni/hen_6s0_np1s_np1s_S0
elu-tni/000-0_000-0
eob-tni/hen_6s0_hen_1s0
elu-tni/000-0_000-0
eob-tni/hen_6s0_hen_1s0
elu-tni/000-0_000-0
eob-tni/hen_6s0_hen_1s0
elu-tni/000-0_000-0
eob-tni/hen_6s0_hen_1s0
elu-tni/000-0_000-0
eob-tni/hen_6s0_hen_1s0
elu-tni/000-0_000-0
eob-tni/hen_6s0_hen_1s0
elu-tni/000-0_000-0
eob-tni/hen_6s0_hen_1s0
elu-tni/000-0_000-0
eob-tni/hen_6s0_hen_6s0
elu-tni/000-0_000-0
eob-tni/hen_6s0_hen_6s0
elu-tni/000-0_000-0
eob-tni/hen_6s0_hen_6s0
elu-tni/000-0_000-0
eob-tni/hen_6s0_hen_6s0
elu-tni/000-0_000-0
eob-tni/hen_6s0_hen_6s0
elu-tni/000-0_000-0
eob-tni/hen_6s0_hen_6s0
elu-tni/000-0_000-0
eob-tni/hen_6s0_np1s_np1s_S0
elu-tni/000-0_000-0
eob-tni/hen_6s0_np1s_np1s_S0
elu-tni/000-0_000-0
eob-tni/hen_6s0_np1s_np1s_S0
elu-tni/000-0_000-0
eob-tni/hen_6s0_np1s_np1s_S0
elu-tni/000-0_000-0
eob-tni/hen_6s0_np1s_np1s_S0
elu-tni/000-0_000-0
eob-tni/hen_6s0_hen_1s0
elu-tni/000-0_000-0
eob-tni/hen_6s0_hen_1s0
elu-tni/000-0_000-0
eob-tni/hen_6s0_hen_1s0
elu-tni/000-0_000-0
eob-tni/hen_6s0_hen_1s0
elu-tni/000-0_000-0
eob-tni/hen_6s0_hen_1s0
elu-tni/000-0_000-0
eob-tni/hen_6s0_hen_1s0
elu-tni/000-0_000-0
eob-tni/hen_6s0_hen_1s0
elu-tni/000-0_000-0
eob-tni/hen_6s0_hen_6s0
elu-tni/000-0_000-0
eob-tni/hen_6s0_hen_6s0
elu-tni/000-0_000-0
eob-tni/hen_6s0_hen_6s0
elu-tni/000-0_000-0
eob-tni/hen_6s0_hen_6s0
elu-tni/000-0_000-0
eob-tni/hen_6s0_hen_6s0
elu-tni/000-0_000-0
eob-tni/hen_6s0_hen_6s0
elu-tni/000-0_000-0
eob-tni/hen_6s0_hen_6s0
elu-tni/000-0_000-0
eob-tni/hen_1s0_np1s_np1s_S0
elu-tni/000-0_000-0
eob-tni/hen_1s0_np1s_np1s_S0
elu-tni/000-0_000-0
eob-tni/hen_1s0_np1s_np1s_S0
elu-tni/000-0_000-0
eob-tni/hen_1s0_np1s_np1s_S0
elu-tni/000-0_000-0
eob-tni/hen_1s0_np1s_np1s_S0
elu-tni/000-0_000-0
eob-tni/hen_1s0_hen_1s0
elu-tni/000-0_000-0
eob-tni/hen_1s0_hen_1s0
elu-tni/000-0_000-0
eob-tni/hen_1s0_hen_1s0
elu-tni/000-0_000-0
eob-tni/hen_1s0_hen_1s0
elu-tni/000-0_000-0
eob-tni/hen_1s0_hen_1s0
elu-tni/000-0_000-0
eob-tni/hen_1s0_hen_1s0
elu-tni/000-0_000-0
eob-tni/hen_1s0_hen_1s0
elu-tni/000-0_000-0
eob-tni/hen_1s0_hen_6s0
elu-tni/000-0_000-0
eob-tni/hen_1s0_hen_6s0
elu-tni/000-0_000-0
eob-tni/hen_1s0_hen_6s0
elu-tni/000-0_000-0
eob-tni/hen_1s0_hen_6s0
elu-tni/000-0_000-0
eob-tni/hen_1s0_hen_6s0
elu-tni/000-0_000-0
eob-tni/hen_1s0_hen_6s0
elu-tni/000-0_000-0
eob-tni/hen_1s0_hen_6s0
elu-tni/000-0_000-0
eob-tni/hen_1s0_hen_1s0
elu-tni/000-0_000-0
eob-tni/hen_1s0_np1s_np1s_S0
elu-tni/000-0_000-0
eob-tni/hen_1s0_np1s_np1s_S0
elu-tni/000-0_000-0
eob-tni/hen_1s0_np1s_np1s_S0
elu-tni/000-0_000-0
eob-tni/hen_1s0_np1s_np1s_S0
elu-tni/000-0_000-0
eob-tni/hen_1s0_np1s_np1s_S0
elu-tni/000-0_000-0
eob-tni/hen_1s0_hen_1s0
elu-tni/000-0_000-0
eob-tni/hen_1s0_hen_1s0
elu-tni/000-0_000-0
eob-tni/hen_1s0_hen_1s0
elu-tni/000-0_000-0
eob-tni/hen_1s0_hen_1s0
elu-tni/000-0_000-0
eob-tni/hen_1s0_hen_1s0
elu-tni/000-0_000-0
eob-tni/hen_1s0_hen_1s0
elu-tni/000-0_000-0
eob-tni/hen_1s0_hen_1s0
elu-tni/000-0_000-0
eob-tni/hen_1s0_hen_6s0
elu-tni/000-0_000-0
eob-tni/hen_1s0_hen_6s0
elu-tni/000-0_000-0
eob-tni/hen_1s0_hen_6s0
elu-tni/000-0_000-0
eob-tni/hen_1s0_hen_6s0
elu-tni/000-0_000-0
eob-tni/hen_1s0_hen_6s0
elu-tni/000-0_000-0
eob-tni/hen_1s0_hen_6s0
elu-tni/000-0_000-0
eob-tni/hen_1s0_hen_6s0
elu-tni/000-0_000-0
eob-tni/hen_1s0_hen_1s0
elu-tni/000-0_000-0
eob-tni/hen_1s0_hen_1s0
elu-tni/000-0_000-0
eob-tni/hen_1s0_np1s_np1s_S0
elu-tni/000-0_000-0
eob-tni/hen_1s0_np1s_np1s_S0
elu-tni/000-0_000-0
eob-tni/hen_1s0_np1s_np1s_S0
elu-tni/000-0_000-0
eob-tni/hen_1s0_np1s_np1s_S0
elu-tni/000-0_000-0
eob-tni/hen_1s0_np1s_np1s_S0
elu-tni/000-0_000-0
eob-tni/hen_1s0_hen_1s0
elu-tni/000-0_000-0
eob-tni/hen_1s0_hen_1s0
elu-tni/000-0_000-0
eob-tni/hen_1s0_hen_1s0
elu-tni/000-0_000-0
eob-tni/hen_1s0_hen_1s0
elu-tni/000-0_000-0
eob-tni/hen_1s0_hen_1s0
elu-tni/000-0_000-0
eob-tni/hen_1s0_hen_1s0
elu-tni/000-0_000-0
eob-tni/hen_1s0_hen_1s0
elu-tni/000-0_000-0
eob-tni/hen_1s0_hen_6s0
elu-tni/000-0_000-0
eob-tni/hen_1s0_hen_6s0
elu-tni/000-0_000-0
eob-tni/hen_1s0_hen_6s0
elu-tni/000-0_000-0
eob-tni/hen_1s0_hen_6s0
elu-tni/000-0_000-0
eob-tni/hen_1s0_hen_6s0
elu-tni/000-0_000-0
eob-tni/hen_1s0_hen_6s0
elu-tni/000-0_000-0
eob-tni/hen_1s0_hen_6s0
elu-tni/000-0_000-0
eob-tni/hen_1s0_hen_1s0
elu-tni/000-0_000-0
eob-tni/hen_1s0_hen_1s0
elu-tni/000-0_000-0
eob-tni/hen_1s0_hen_1s0
elu-tni/000-0_000-0
eob-tni/hen_1s0_np1s_np1s_S0
elu-tni/000-0_000-0
eob-tni/hen_1s0_np1s_np1s_S0
elu-tni/000-0_000-0
eob-tni/hen_1s0_np1s_np1s_S0
elu-tni/000-0_000-0
eob-tni/hen_1s0_np1s_np1s_S0
elu-tni/000-0_000-0
eob-tni/hen_1s0_np1s_np1s_S0
elu-tni/000-0_000-0
eob-tni/hen_1s0_hen_1s0
elu-tni/000-0_000-0
eob-tni/hen_1s0_hen_1s0
elu-tni/000-0_000-0
eob-tni/hen_1s0_hen_1s0
elu-tni/000-0_000-0
eob-tni/hen_1s0_hen_1s0
elu-tni/000-0_000-0
eob-tni/hen_1s0_hen_1s0
elu-tni/000-0_000-0
eob-tni/hen_1s0_hen_1s0
elu-tni/000-0_000-0
eob-tni/hen_1s0_hen_1s0
elu-tni/000-0_000-0
eob-tni/hen_1s0_hen_6s0
elu-tni/000-0_000-0
eob-tni/hen_1s0_hen_6s0
elu-tni/000-0_000-0
eob-tni/hen_1s0_hen_6s0
elu-tni/000-0_000-0
eob-tni/hen_1s0_hen_6s0
elu-tni/000-0_000-0
eob-tni/hen_1s0_hen_6s0
elu-tni/000-0_000-0
eob-tni/hen_1s0_hen_6s0
elu-tni/000-0_000-0
eob-tni/hen_1s0_hen_6s0
elu-tni/000-0_000-0
eob-tni/hen_1s0_hen_1s0
elu-tni/000-0_000-0
eob-tni/hen_1s0_hen_1s0
elu-tni/000-0_000-0
eob-tni/hen_1s0_hen_1s0
elu-tni/000-0_000-0
eob-tni/hen_1s0_hen_1s0
elu-tni/000-0_000-0
eob-tni/hen_1s0_np1s_np1s_S0
elu-tni/000-0_000-0
eob-tni/hen_1s0_np1s_np1s_S0
elu-tni/000-0_000-0
eob-tni/hen_1s0_np1s_np1s_S0
elu-tni/000-0_000-0
eob-tni/hen_1s0_np1s_np1s_S0
elu-tni/000-0_000-0
eob-tni/hen_1s0_np1s_np1s_S0
elu-tni/000-0_000-0
eob-tni/hen_1s0_hen_1s0
elu-tni/000-0_000-0
eob-tni/hen_1s0_hen_1s0
elu-tni/000-0_000-0
eob-tni/hen_1s0_hen_1s0
elu-tni/000-0_000-0
eob-tni/hen_1s0_hen_1s0
elu-tni/000-0_000-0
eob-tni/hen_1s0_hen_1s0
elu-tni/000-0_000-0
eob-tni/hen_1s0_hen_1s0
elu-tni/000-0_000-0
eob-tni/hen_1s0_hen_1s0
elu-tni/000-0_000-0
eob-tni/hen_1s0_hen_6s0
elu-tni/000-0_000-0
eob-tni/hen_1s0_hen_6s0
elu-tni/000-0_000-0
eob-tni/hen_1s0_hen_6s0
elu-tni/000-0_000-0
eob-tni/hen_1s0_hen_6s0
elu-tni/000-0_000-0
eob-tni/hen_1s0_hen_6s0
elu-tni/000-0_000-0
eob-tni/hen_1s0_hen_6s0
elu-tni/000-0_000-0
eob-tni/hen_1s0_hen_6s0
elu-tni/000-0_000-0
eob-tni/hen_1s0_hen_1s0
elu-tni/000-0_000-0
eob-tni/hen_1s0_hen_1s0
elu-tni/000-0_000-0
eob-tni/hen_1s0_hen_1s0
elu-tni/000-0_000-0
eob-tni/hen_1s0_hen_1s0
elu-tni/000-0_000-0
eob-tni/hen_1s0_hen_1s0
elu-tni/000-0_000-0
eob-tni/hen_1s0_np1s_np1s_S0
elu-tni/000-0_000-0
eob-tni/hen_1s0_np1s_np1s_S0
elu-tni/000-0_000-0
eob-tni/hen_1s0_np1s_np1s_S0
elu-tni/000-0_000-0
eob-tni/hen_1s0_np1s_np1s_S0
elu-tni/000-0_000-0
eob-tni/hen_1s0_np1s_np1s_S0
elu-tni/000-0_000-0
eob-tni/hen_1s0_hen_1s0
elu-tni/000-0_000-0
eob-tni/hen_1s0_hen_1s0
elu-tni/000-0_000-0
eob-tni/hen_1s0_hen_1s0
elu-tni/000-0_000-0
eob-tni/hen_1s0_hen_1s0
elu-tni/000-0_000-0
eob-tni/hen_1s0_hen_1s0
elu-tni/000-0_000-0
eob-tni/hen_1s0_hen_1s0
elu-tni/000-0_000-0
eob-tni/hen_1s0_hen_1s0
elu-tni/000-0_000-0
eob-tni/hen_1s0_hen_6s0
elu-tni/000-0_000-0
eob-tni/hen_1s0_hen_6s0
elu-tni/000-0_000-0
eob-tni/hen_1s0_hen_6s0
elu-tni/000-0_000-0
eob-tni/hen_1s0_hen_6s0
elu-tni/000-0_000-0
eob-tni/hen_1s0_hen_6s0
elu-tni/000-0_000-0
eob-tni/hen_1s0_hen_6s0
elu-tni/000-0_000-0
eob-tni/hen_1s0_hen_6s0
elu-tni/000-0_000-0
eob-tni/hen_1s0_hen_1s0
elu-tni/000-0_000-0
eob-tni/hen_1s0_hen_1s0
elu-tni/000-0_000-0
eob-tni/hen_1s0_hen_1s0
elu-tni/000-0_000-0
eob-tni/hen_1s0_hen_1s0
elu-tni/000-0_000-0
eob-tni/hen_1s0_hen_1s0
elu-tni/000-0_000-0
eob-tni/hen_1s0_hen_1s0
elu-tni/000-0_000-0
eob-tni/hen_1s0_np1s_np1s_S0
elu-tni/000-0_000-0
eob-tni/hen_1s0_np1s_np1s_S0
elu-tni/000-0_000-0
eob-tni/hen_1s0_np1s_np1s_S0
elu-tni/000-0_000-0
eob-tni/hen_1s0_np1s_np1s_S0
elu-tni/000-0_000-0
eob-tni/hen_1s0_np1s_np1s_S0
elu-tni/000-0_000-0
eob-tni/hen_1s0_hen_1s0
elu-tni/000-0_000-0
eob-tni/hen_1s0_hen_1s0
elu-tni/000-0_000-0
eob-tni/hen_1s0_hen_1s0
elu-tni/000-0_000-0
eob-tni/hen_1s0_hen_1s0
elu-tni/000-0_000-0
eob-tni/hen_1s0_hen_1s0
elu-tni/000-0_000-0
eob-tni/hen_1s0_hen_1s0
elu-tni/000-0_000-0
eob-tni/hen_1s0_hen_1s0
elu-tni/000-0_000-0
eob-tni/hen_1s0_hen_6s0
elu-tni/000-0_000-0
eob-tni/hen_1s0_hen_6s0
elu-tni/000-0_000-0
eob-tni/hen_1s0_hen_6s0
elu-tni/000-0_000-0
eob-tni/hen_1s0_hen_6s0
elu-tni/000-0_000-0
eob-tni/hen_1s0_hen_6s0
elu-tni/000-0_000-0
eob-tni/hen_1s0_hen_6s0
elu-tni/000-0_000-0
eob-tni/hen_1s0_hen_6s0
elu-tni/000-0_000-0
eob-tni/hen_1s0_hen_1s0
elu-tni/000-0_000-0
eob-tni/hen_1s0_hen_1s0
elu-tni/000-0_000-0
eob-tni/hen_1s0_hen_1s0
elu-tni/000-0_000-0
eob-tni/hen_1s0_hen_1s0
elu-tni/000-0_000-0
eob-tni/hen_1s0_hen_1s0
elu-tni/000-0_000-0
eob-tni/hen_1s0_hen_1s0
elu-tni/000-0_000-0
eob-tni/hen_1s0_hen_1s0
elu-tni/000-0_000-0
eob-tni/hen_6s0_np1s_np1s_S0
elu-tni/000-0_000-0
eob-tni/hen_6s0_np1s_np1s_S0
elu-tni/000-0_000-0
eob-tni/hen_6s0_np1s_np1s_S0
elu-tni/000-0_000-0
eob-tni/hen_6s0_np1s_np1s_S0
elu-tni/000-0_000-0
eob-tni/hen_6s0_np1s_np1s_S0
elu-tni/000-0_000-0
eob-tni/hen_6s0_hen_1s0
elu-tni/000-0_000-0
eob-tni/hen_6s0_hen_1s0
elu-tni/000-0_000-0
eob-tni/hen_6s0_hen_1s0
elu-tni/000-0_000-0
eob-tni/hen_6s0_hen_1s0
elu-tni/000-0_000-0
eob-tni/hen_6s0_hen_1s0
elu-tni/000-0_000-0
eob-tni/hen_6s0_hen_1s0
elu-tni/000-0_000-0
eob-tni/hen_6s0_hen_1s0
elu-tni/000-0_000-0
eob-tni/hen_6s0_hen_6s0
elu-tni/000-0_000-0
eob-tni/hen_6s0_hen_6s0
elu-tni/000-0_000-0
eob-tni/hen_6s0_hen_6s0
elu-tni/000-0_000-0
eob-tni/hen_6s0_hen_6s0
elu-tni/000-0_000-0
eob-tni/hen_6s0_hen_6s0
elu-tni/000-0_000-0
eob-tni/hen_6s0_hen_6s0
elu-tni/000-0_000-0
eob-tni/hen_6s0_hen_6s0
elu-tni/000-0_000-0
eob-tni/hen_6s0_hen_1s0
elu-tni/000-0_000-0
eob-tni/hen_6s0_hen_1s0
elu-tni/000-0_000-0
eob-tni/hen_6s0_hen_1s0
elu-tni/000-0_000-0
eob-tni/hen_6s0_hen_1s0
elu-tni/000-0_000-0
eob-tni/hen_6s0_hen_1s0
elu-tni/000-0_000-0
eob-tni/hen_6s0_hen_1s0
elu-tni/000-0_000-0
eob-tni/hen_6s0_hen_1s0
elu-tni/000-0_000-0
eob-tni/hen_6s0_hen_6s0
elu-tni/000-0_000-0
eob-tni/hen_6s0_np1s_np1s_S0
elu-tni/000-0_000-0
eob-tni/hen_6s0_np1s_np1s_S0
elu-tni/000-0_000-0
eob-tni/hen_6s0_np1s_np1s_S0
elu-tni/000-0_000-0
eob-tni/hen_6s0_np1s_np1s_S0
elu-tni/000-0_000-0
eob-tni/hen_6s0_np1s_np1s_S0
elu-tni/000-0_000-0
eob-tni/hen_6s0_hen_1s0
elu-tni/000-0_000-0
eob-tni/hen_6s0_hen_1s0
elu-tni/000-0_000-0
eob-tni/hen_6s0_hen_1s0
elu-tni/000-0_000-0
eob-tni/hen_6s0_hen_1s0
elu-tni/000-0_000-0
eob-tni/hen_6s0_hen_1s0
elu-tni/000-0_000-0
eob-tni/hen_6s0_hen_1s0
elu-tni/000-0_000-0
eob-tni/hen_6s0_hen_1s0
elu-tni/000-0_000-0
eob-tni/hen_6s0_hen_6s0
elu-tni/000-0_000-0
eob-tni/hen_6s0_hen_6s0
elu-tni/000-0_000-0
eob-tni/hen_6s0_hen_6s0
elu-tni/000-0_000-0
eob-tni/hen_6s0_hen_6s0
elu-tni/000-0_000-0
eob-tni/hen_6s0_hen_6s0
elu-tni/000-0_000-0
eob-tni/hen_6s0_hen_6s0
elu-tni/000-0_000-0
eob-tni/hen_6s0_hen_6s0
elu-tni/000-0_000-0
eob-tni/hen_6s0_hen_1s0
elu-tni/000-0_000-0
eob-tni/hen_6s0_hen_1s0
elu-tni/000-0_000-0
eob-tni/hen_6s0_hen_1s0
elu-tni/000-0_000-0
eob-tni/hen_6s0_hen_1s0
elu-tni/000-0_000-0
eob-tni/hen_6s0_hen_1s0
elu-tni/000-0_000-0
eob-tni/hen_6s0_hen_1s0
elu-tni/000-0_000-0
eob-tni/hen_6s0_hen_1s0
elu-tni/000-0_000-0
eob-tni/hen_6s0_hen_6s0
elu-tni/000-0_000-0
eob-tni/hen_6s0_hen_6s0
elu-tni/000-0_000-0
eob-tni/hen_6s0_np1s_np1s_S0
elu-tni/000-0_000-0
eob-tni/hen_6s0_np1s_np1s_S0
elu-tni/000-0_000-0
eob-tni/hen_6s0_np1s_np1s_S0
elu-tni/000-0_000-0
eob-tni/hen_6s0_np1s_np1s_S0
elu-tni/000-0_000-0
eob-tni/hen_6s0_np1s_np1s_S0
elu-tni/000-0_000-0
eob-tni/hen_6s0_hen_1s0
elu-tni/000-0_000-0
eob-tni/hen_6s0_hen_1s0
elu-tni/000-0_000-0
eob-tni/hen_6s0_hen_1s0
elu-tni/000-0_000-0
eob-tni/hen_6s0_hen_1s0
elu-tni/000-0_000-0
eob-tni/hen_6s0_hen_1s0
elu-tni/000-0_000-0
eob-tni/hen_6s0_hen_1s0
elu-tni/000-0_000-0
eob-tni/hen_6s0_hen_1s0
elu-tni/000-0_000-0
eob-tni/hen_6s0_hen_6s0
elu-tni/000-0_000-0
eob-tni/hen_6s0_hen_6s0
elu-tni/000-0_000-0
eob-tni/hen_6s0_hen_6s0
elu-tni/000-0_000-0
eob-tni/hen_6s0_hen_6s0
elu-tni/000-0_000-0
eob-tni/hen_6s0_hen_6s0
elu-tni/000-0_000-0
eob-tni/hen_6s0_hen_6s0
elu-tni/000-0_000-0
eob-tni/hen_6s0_hen_6s0
elu-tni/000-0_000-0
eob-tni/hen_6s0_hen_1s0
elu-tni/000-0_000-0
eob-tni/hen_6s0_hen_1s0
elu-tni/000-0_000-0
eob-tni/hen_6s0_hen_1s0
elu-tni/000-0_000-0
eob-tni/hen_6s0_hen_1s0
elu-tni/000-0_000-0
eob-tni/hen_6s0_hen_1s0
elu-tni/000-0_000-0
eob-tni/hen_6s0_hen_1s0
elu-tni/000-0_000-0
eob-tni/hen_6s0_hen_1s0
elu-tni/000-0_000-0
eob-tni/hen_6s0_hen_6s0
elu-tni/000-0_000-0
eob-tni/hen_6s0_hen_6s0
elu-tni/000-0_000-0
eob-tni/hen_6s0_hen_6s0
elu-tni/000-0_000-0
eob-tni/hen_6s0_np1s_np1s_S0
elu-tni/000-0_000-0
eob-tni/hen_6s0_np1s_np1s_S0
elu-tni/000-0_000-0
eob-tni/hen_6s0_np1s_np1s_S0
elu-tni/000-0_000-0
eob-tni/hen_6s0_np1s_np1s_S0
elu-tni/000-0_000-0
eob-tni/hen_6s0_np1s_np1s_S0
elu-tni/000-0_000-0
eob-tni/hen_6s0_hen_1s0
elu-tni/000-0_000-0
eob-tni/hen_6s0_hen_1s0
elu-tni/000-0_000-0
eob-tni/hen_6s0_hen_1s0
elu-tni/000-0_000-0
eob-tni/hen_6s0_hen_1s0
elu-tni/000-0_000-0
eob-tni/hen_6s0_hen_1s0
elu-tni/000-0_000-0
eob-tni/hen_6s0_hen_1s0
elu-tni/000-0_000-0
eob-tni/hen_6s0_hen_1s0
elu-tni/000-0_000-0
eob-tni/hen_6s0_hen_6s0
elu-tni/000-0_000-0
eob-tni/hen_6s0_hen_6s0
elu-tni/000-0_000-0
eob-tni/hen_6s0_hen_6s0
elu-tni/000-0_000-0
eob-tni/hen_6s0_hen_6s0
elu-tni/000-0_000-0
eob-tni/hen_6s0_hen_6s0
elu-tni/000-0_000-0
eob-tni/hen_6s0_hen_6s0
elu-tni/000-0_000-0
eob-tni/hen_6s0_hen_6s0
elu-tni/000-0_000-0
eob-tni/hen_6s0_hen_1s0
elu-tni/000-0_000-0
eob-tni/hen_6s0_hen_1s0
elu-tni/000-0_000-0
eob-tni/hen_6s0_hen_1s0
elu-tni/000-0_000-0
eob-tni/hen_6s0_hen_1s0
elu-tni/000-0_000-0
eob-tni/hen_6s0_hen_1s0
elu-tni/000-0_000-0
eob-tni/hen_6s0_hen_1s0
elu-tni/000-0_000-0
eob-tni/hen_6s0_hen_1s0
elu-tni/000-0_000-0
eob-tni/hen_6s0_hen_6s0
elu-tni/000-0_000-0
eob-tni/hen_6s0_hen_6s0
elu-tni/000-0_000-0
eob-tni/hen_6s0_hen_6s0
elu-tni/000-0_000-0
eob-tni/hen_6s0_hen_6s0
elu-tni/000-0_000-0
eob-tni/hen_6s0_np1s_np1s_S0
elu-tni/000-0_000-0
eob-tni/hen_6s0_np1s_np1s_S0
elu-tni/000-0_000-0
eob-tni/hen_6s0_np1s_np1s_S0
elu-tni/000-0_000-0
eob-tni/hen_6s0_np1s_np1s_S0
elu-tni/000-0_000-0
eob-tni/hen_6s0_np1s_np1s_S0
elu-tni/000-0_000-0
eob-tni/hen_6s0_hen_1s0
elu-tni/000-0_000-0
eob-tni/hen_6s0_hen_1s0
elu-tni/000-0_000-0
eob-tni/hen_6s0_hen_1s0
elu-tni/000-0_000-0
eob-tni/hen_6s0_hen_1s0
elu-tni/000-0_000-0
eob-tni/hen_6s0_hen_1s0
elu-tni/000-0_000-0
eob-tni/hen_6s0_hen_1s0
elu-tni/000-0_000-0
eob-tni/hen_6s0_hen_1s0
elu-tni/000-0_000-0
eob-tni/hen_6s0_hen_6s0
elu-tni/000-0_000-0
eob-tni/hen_6s0_hen_6s0
elu-tni/000-0_000-0
eob-tni/hen_6s0_hen_6s0
elu-tni/000-0_000-0
eob-tni/hen_6s0_hen_6s0
elu-tni/000-0_000-0
eob-tni/hen_6s0_hen_6s0
elu-tni/000-0_000-0
eob-tni/hen_6s0_hen_6s0
elu-tni/000-0_000-0
eob-tni/hen_6s0_hen_6s0
elu-tni/000-0_000-0
eob-tni/hen_6s0_hen_1s0
elu-tni/000-0_000-0
eob-tni/hen_6s0_hen_1s0
elu-tni/000-0_000-0
eob-tni/hen_6s0_hen_1s0
elu-tni/000-0_000-0
eob-tni/hen_6s0_hen_1s0
elu-tni/000-0_000-0
eob-tni/hen_6s0_hen_1s0
elu-tni/000-0_000-0
eob-tni/hen_6s0_hen_1s0
elu-tni/000-0_000-0
eob-tni/hen_6s0_hen_1s0
elu-tni/000-0_000-0
eob-tni/hen_6s0_hen_6s0
elu-tni/000-0_000-0
eob-tni/hen_6s0_hen_6s0
elu-tni/000-0_000-0
eob-tni/hen_6s0_hen_6s0
elu-tni/000-0_000-0
eob-tni/hen_6s0_hen_6s0
elu-tni/000-0_000-0
eob-tni/hen_6s0_hen_6s0
elu-tni/000-0_000-0
eob-tni/hen_6s0_np1s_np1s_S0
elu-tni/000-0_000-0
eob-tni/hen_6s0_np1s_np1s_S0
elu-tni/000-0_000-0
eob-tni/hen_6s0_np1s_np1s_S0
elu-tni/000-0_000-0
eob-tni/hen_6s0_np1s_np1s_S0
elu-tni/000-0_000-0
eob-tni/hen_6s0_np1s_np1s_S0
elu-tni/000-0_000-0
eob-tni/hen_6s0_hen_1s0
elu-tni/000-0_000-0
eob-tni/hen_6s0_hen_1s0
elu-tni/000-0_000-0
eob-tni/hen_6s0_hen_1s0
elu-tni/000-0_000-0
eob-tni/hen_6s0_hen_1s0
elu-tni/000-0_000-0
eob-tni/hen_6s0_hen_1s0
elu-tni/000-0_000-0
eob-tni/hen_6s0_hen_1s0
elu-tni/000-0_000-0
eob-tni/hen_6s0_hen_1s0
elu-tni/000-0_000-0
eob-tni/hen_6s0_hen_6s0
elu-tni/000-0_000-0
eob-tni/hen_6s0_hen_6s0
elu-tni/000-0_000-0
eob-tni/hen_6s0_hen_6s0
elu-tni/000-0_000-0
eob-tni/hen_6s0_hen_6s0
elu-tni/000-0_000-0
eob-tni/hen_6s0_hen_6s0
elu-tni/000-0_000-0
eob-tni/hen_6s0_hen_6s0
elu-tni/000-0_000-0
eob-tni/hen_6s0_hen_6s0
elu-tni/000-0_000-0
eob-tni/hen_6s0_hen_1s0
elu-tni/000-0_000-0
eob-tni/hen_6s0_hen_1s0
elu-tni/000-0_000-0
eob-tni/hen_6s0_hen_1s0
elu-tni/000-0_000-0
eob-tni/hen_6s0_hen_1s0
elu-tni/000-0_000-0
eob-tni/hen_6s0_hen_1s0
elu-tni/000-0_000-0
eob-tni/hen_6s0_hen_1s0
elu-tni/000-0_000-0
eob-tni/hen_6s0_hen_1s0
elu-tni/000-0_000-0
eob-tni/hen_6s0_hen_6s0
elu-tni/000-0_000-0
eob-tni/hen_6s0_hen_6s0
elu-tni/000-0_000-0
eob-tni/hen_6s0_hen_6s0
elu-tni/000-0_000-0
eob-tni/hen_6s0_hen_6s0
elu-tni/000-0_000-0
eob-tni/hen_6s0_hen_6s0
elu-tni/000-0_000-0
eob-tni/hen_6s0_hen_6s0
elu-tni/000-0_000-0
eob-tni/hen_6s0_np1s_np1s_S0
elu-tni/000-0_000-0
eob-tni/hen_6s0_np1s_np1s_S0
elu-tni/000-0_000-0
eob-tni/hen_6s0_np1s_np1s_S0
elu-tni/000-0_000-0
eob-tni/hen_6s0_np1s_np1s_S0
elu-tni/000-0_000-0
eob-tni/hen_6s0_np1s_np1s_S0
elu-tni/000-0_000-0
eob-tni/hen_6s0_hen_1s0
elu-tni/000-0_000-0
eob-tni/hen_6s0_hen_1s0
elu-tni/000-0_000-0
eob-tni/hen_6s0_hen_1s0
elu-tni/000-0_000-0
eob-tni/hen_6s0_hen_1s0
elu-tni/000-0_000-0
eob-tni/hen_6s0_hen_1s0
elu-tni/000-0_000-0
eob-tni/hen_6s0_hen_1s0
elu-tni/000-0_000-0
eob-tni/hen_6s0_hen_1s0
elu-tni/000-0_000-0
eob-tni/hen_6s0_hen_6s0
elu-tni/000-0_000-0
eob-tni/hen_6s0_hen_6s0
elu-tni/000-0_000-0
eob-tni/hen_6s0_hen_6s0
elu-tni/000-0_000-0
eob-tni/hen_6s0_hen_6s0
elu-tni/000-0_000-0
eob-tni/hen_6s0_hen_6s0
elu-tni/000-0_000-0
eob-tni/hen_6s0_hen_6s0
elu-tni/000-0_000-0
eob-tni/hen_6s0_hen_6s0
elu-tni/000-0_000-0
eob-tni/hen_6s0_hen_1s0
elu-tni/000-0_000-0
eob-tni/hen_6s0_hen_1s0
elu-tni/000-0_000-0
eob-tni/hen_6s0_hen_1s0
elu-tni/000-0_000-0
eob-tni/hen_6s0_hen_1s0
elu-tni/000-0_000-0
eob-tni/hen_6s0_hen_1s0
elu-tni/000-0_000-0
eob-tni/hen_6s0_hen_1s0
elu-tni/000-0_000-0
eob-tni/hen_6s0_hen_1s0
elu-tni/000-0_000-0
eob-tni/hen_6s0_hen_6s0
elu-tni/000-0_000-0
eob-tni/hen_6s0_hen_6s0
elu-tni/000-0_000-0
eob-tni/hen_6s0_hen_6s0
elu-tni/000-0_000-0
eob-tni/hen_6s0_hen_6s0
elu-tni/000-0_000-0
eob-tni/hen_6s0_hen_6s0
elu-tni/000-0_000-0
eob-tni/hen_6s0_hen_6s0
elu-tni/000-0_000-0
eob-tni/hen_6s0_hen_6s0
elu-tni/000-0_000-0
