  0.01000000   0.61424182   4.61528891   2.83490348
  0.02000000   0.61427900   4.61648076   2.83580720
  0.03000000   0.61434961   4.61773932   2.83690634
  0.04000000   0.61445971   4.61893014   2.83814647
  0.05000000   0.61460626   4.62018150   2.83959246
  0.06000000   0.61477984   4.62139919   2.84114307
  0.07000000   0.61499273   4.62258689   2.84285732
  0.08000000   0.61522785   4.62382409   2.84470537
  0.09000000   0.61549325   4.62501960   2.84666836
  0.10000000   0.61578282   4.62624652   2.84876311
  0.11000000   0.61609291   4.62746957   2.85095122
  0.12000000   0.61642778   4.62868039   2.85324716
  0.13000000   0.61678002   4.62987173   2.85561238
  0.14000000   0.61715441   4.63108940   2.85809726
  0.15000000   0.61754153   4.63231092   2.86064436
  0.16000000   0.61794430   4.63351191   2.86325225
  0.17000000   0.61836845   4.63470074   2.86595273
  0.18000000   0.61880063   4.63589673   2.86869582
  0.19000000   0.61924025   4.63711595   2.87148886
  0.20000000   0.61969724   4.63830647   2.87434570
  0.21000000   0.62016108   4.63951085   2.87724404
  0.22000000   0.62064017   4.64069104   2.88019929
  0.23000000   0.62111956   4.64188862   2.88316782
  0.24000000   0.62161086   4.64308534   2.88619228
  0.25000000   0.62210596   4.64428135   2.88923513
  0.26000000   0.62260795   4.64546642   2.89230431
  0.27000000   0.62311629   4.64666807   2.89541457
  0.28000000   0.62362941   4.64785004   2.89853599
  0.29000000   0.62414286   4.64903537   2.90166222
  0.30000000   0.62466251   4.65023029   2.90482452
  0.31000000   0.62518635   4.65140094   2.90799238
  0.32000000   0.62571332   4.65259081   2.91118804
  0.33000000   0.62623807   4.65377815   2.91437307
  0.34000000   0.62676883   4.65494705   2.91757571
  0.35000000   0.62730074   4.65613149   2.92079472
  0.36000000   0.62783156   4.65730124   2.92400071
  0.37000000   0.62836314   4.65849684   2.92722772
  0.38000000   0.62889912   4.65965121   2.93045054
  0.39000000   0.62943179   4.66083244   2.93367609
  0.40000000   0.62996817   4.66200141   2.93691248
  0.41000000   0.63050014   4.66318655   2.94013978
  0.42000000   0.63103459   4.66435404   2.94336873
  0.43000000   0.63156940   4.66551497   2.94659651
  0.44000000   0.63210556   4.66668188   2.94983554
  0.45000000   0.63263770   4.66784782   2.95305652
  0.46000000   0.63317262   4.66900753   2.95628775
  0.47000000   0.63370519   4.67017765   2.95951583
  0.48000000   0.63423591   4.67133504   2.96272841
  0.49000000   0.63476856   4.67249864   2.96595522
  0.50000000   0.63529788   4.67366793   2.96917132
  0.51000000   0.63582723   4.67482345   2.97238004
  0.52000000   0.63636006   4.67596690   2.97559855
  0.53000000   0.63688574   4.67714032   2.97880397
  0.54000000   0.63741580   4.67828740   2.98201429
  0.55000000   0.63794518   4.67943191   2.98522101
  0.56000000   0.63847173   4.68059785   2.98842939
  0.57000000   0.63899844   4.68175130   2.99163180
  0.58000000   0.63952579   4.68289813   2.99483414
  0.59000000   0.64005144   4.68404465   2.99802953
  0.60000000   0.64057860   4.68519761   3.00123734
  0.61000000   0.64110478   4.68634509   3.00443826
  0.62000000   0.64163300   4.68747584   3.00763920
  0.63000000   0.64215574   4.68863587   3.01083443
  0.64000000   0.64268388   4.68977684   3.01404397
  0.65000000   0.64321234   4.69090774   3.01724973
  0.66000000   0.64373891   4.69205650   3.02045932
  0.67000000   0.64426639   4.69319513   3.02366789
  0.68000000   0.64479246   4.69433348   3.02687081
  0.69000000   0.64532265   4.69546307   3.03008867
  0.70000000   0.64584942   4.69661272   3.03330459
  0.71000000   0.64638069   4.69773763   3.03652688
  0.72000000   0.64690905   4.69888543   3.03975153
  0.73000000   0.64744238   4.70001211   3.04298705
  0.74000000   0.64797580   4.70114725   3.04622966
  0.75000000   0.64851199   4.70226585   3.04947578
  0.76000000   0.64904610   4.70339773   3.05272196
  0.77000000   0.64958092   4.70453648   3.05597713
  0.78000000   0.65011909   4.70565791   3.05923802
  0.79000000   0.65065835   4.70679222   3.06251368
  0.80000000   0.65120135   4.70791567   3.06580103
  0.81000000   0.65174315   4.70904071   3.06908505
  0.82000000   0.65228905   4.71016198   3.07238710
  0.83000000   0.65283414   4.71129217   3.07569236
  0.84000000   0.65338357   4.71240840   3.07901022
  0.85000000   0.65393500   4.71352365   3.08233809
  0.86000000   0.65448610   4.71465093   3.08567349
  0.87000000   0.65504198   4.71576792   3.08902595
  0.88000000   0.65559777   4.71688787   3.09238119
  0.89000000   0.65615858   4.71798887   3.09574886
  0.90000000   0.65671967   4.71911954   3.09913862
  0.91000000   0.65728347   4.72022305   3.10252458
  0.92000000   0.65785029   4.72134813   3.10594024
  0.93000000   0.65842010   4.72245586   3.10935987
  0.94000000   0.65899307   4.72356004   3.11279333
  0.95000000   0.65956686   4.72467451   3.11623872
  0.96000000   0.66014400   4.72577826   3.11969418
  0.97000000   0.66072466   4.72688529   3.12316968
  0.98000000   0.66130644   4.72799224   3.12665170
  0.99000000   0.66189191   4.72909584   3.13015028
  1.00000000   0.66247875   4.73021023   3.13366375
  1.01000000   0.66306946   4.73131501   3.13719049
  1.02000000   0.66366414   4.73240717   3.14072894
  1.03000000   0.66426050   4.73351832   3.14428923
  1.04000000   0.66486099   4.73461107   3.14785819
  1.05000000   0.66546333   4.73571708   3.15144605
  1.06000000   0.66606755   4.73681640   3.15503972
  1.07000000   0.66667380   4.73792355   3.15864948
  1.08000000   0.66728700   4.73901875   3.16228561
  1.09000000   0.66789992   4.74011662   3.16592354
  1.10000000   0.66851996   4.74119757   3.16958523
  1.11000000   0.66913992   4.74229341   3.17325781
  1.12000000   0.66976228   4.74338463   3.17694008
  1.13000000   0.67038715   4.74448601   3.18064245
  1.14000000   0.67101458   4.74557819   3.18435216
  1.15000000   0.67164952   4.74665900   3.18809126
  1.16000000   0.67228235   4.74776033   3.19183547
  1.17000000   0.67292039   4.74884600   3.19559529
  1.18000000   0.67355886   4.74993096   3.19935809
  1.19000000   0.67420272   4.75101319   3.20314600
  1.20000000   0.67484961   4.75210768   3.20695801
  1.21000000   0.67549714   4.75319550   3.21076998
  1.22000000   0.67615026   4.75427475   3.21460410
  1.23000000   0.67680417   4.75536053   3.21844785
  1.24000000   0.67746137   4.75643408   3.22230033
  1.25000000   0.67811951   4.75752744   3.22617220
  1.26000000   0.67878107   4.75860503   3.23005100
  1.27000000   0.67944611   4.75968206   3.23394745
  1.28000000   0.68011470   4.76075682   3.23786070
  1.29000000   0.68078691   4.76182769   3.24178994
  1.30000000   0.68145794   4.76290990   3.24572277
  1.31000000   0.68213270   4.76398500   3.24966997
  1.32000000   0.68280885   4.76506830   3.25363079
  1.33000000   0.68348884   4.76614140   3.25760444
  1.34000000   0.68417274   4.76720282   3.26159019
  1.35000000   0.68485576   4.76828477   3.26558731
  1.36000000   0.68554281   4.76935213   3.26959508
  1.37000000   0.68623395   4.77042032   3.27362439
  1.38000000   0.68692437   4.77148794   3.27765137
  1.39000000   0.68761899   4.77255363   3.28169852
  1.40000000   0.68831301   4.77363286   3.28575359
  1.41000000   0.68901132   4.77469069   3.28981591
  1.42000000   0.68971156   4.77575943   3.29389648
  1.43000000   0.69041377   4.77682103   3.29798303
  1.44000000   0.69111559   4.77789101   3.30207494
  1.45000000   0.69182191   4.77895137   3.30618325
  1.46000000   0.69252792   4.78001768   3.31029570
  1.47000000   0.69323854   4.78107197   3.31442337
  1.48000000   0.69394895   4.78212987   3.31855402
  1.49000000   0.69466164   4.78319021   3.32269874
  1.50000000   0.69537664   4.78425188   3.32685698
  1.51000000   0.69609156   4.78531377   3.33101651
  1.52000000   0.69680888   4.78637479   3.33518848
  1.53000000   0.69752622   4.78743385   3.33936063
  1.54000000   0.69824849   4.78848992   3.34355588
  1.55000000   0.69897086   4.78954194   3.34775027
  1.56000000   0.69969582   4.79058891   3.35195502
  1.57000000   0.70041849   4.79164657   3.35615787
  1.58000000   0.70114629   4.79269718   3.36038183
  1.59000000   0.70187433   4.79373977   3.36460290
  1.60000000   0.70260513   4.79479013   3.36884414
  1.61000000   0.70333380   4.79584733   3.37308151
  1.62000000   0.70406529   4.79689367   3.37732633
  1.63000000   0.70479718   4.79794500   3.38157813
  1.64000000   0.70553198   4.79898365   3.38583645
  1.65000000   0.70626479   4.80004228   3.39010084
  1.66000000   0.70700304   4.80108647   3.39438271
  1.67000000   0.70773936   4.80213212   3.39865793
  1.68000000   0.70847874   4.80316162   3.40293788
  1.69000000   0.70921872   4.80420769   3.40723404
  1.70000000   0.70995935   4.80525271   3.41153411
  1.71000000   0.71070066   4.80629589   3.41583766
  1.72000000   0.71144267   4.80733641   3.42014426
  1.73000000   0.71218542   4.80837350   3.42445351
  1.74000000   0.71293143   4.80940637   3.42877694
  1.75000000   0.71367574   4.81045104   3.43310222
  1.76000000   0.71442088   4.81148998   3.43742893
  1.77000000   0.71516938   4.81252243   3.44176868
  1.78000000   0.71591626   4.81356446   3.44610908
  1.79000000   0.71666406   4.81459855   3.45044974
  1.80000000   0.71741530   4.81562397   3.45480231
  1.81000000   0.71816751   4.81665683   3.45916646
  1.82000000   0.71891822   4.81769645   3.46352974
  1.83000000   0.71966994   4.81872531   3.46789176
  1.84000000   0.72042523   4.81974273   3.47226426
  1.85000000   0.72117908   4.82078171   3.47664691
  1.86000000   0.72193403   4.82180792   3.48102721
  1.87000000   0.72269010   4.82283756   3.48541697
  1.88000000   0.72344480   4.82386997   3.48980365
  1.89000000   0.72420320   4.82488769   3.49419909
  1.90000000   0.72496280   4.82590693   3.49860298
  1.91000000   0.72572108   4.82694393   3.50301498
  1.92000000   0.72648315   4.82796438   3.50743479
  1.93000000   0.72724395   4.82898452   3.51184979
  1.94000000   0.72800604   4.83000378   3.51627193
  1.95000000   0.72877200   4.83102155   3.52071321
  1.96000000   0.72953419   4.83205415   3.52514870
  1.97000000   0.73030029   4.83306724   3.52959039
  1.98000000   0.73106521   4.83409403   3.53403798
  1.99000000   0.73183410   4.83510017   3.53849116
  2.00000000   0.73260184   4.83611891   3.54294962
