#E_tot          E_tot-Eth     Phase(s) scatt. length
  0.01973000   1.08500000  -4.36240000   3.02871862
  0.04473000   1.11000000  -6.50690000   3.00748907
  0.06973000   1.13500000  -8.06880000   2.99391962
  0.09473000   1.16000000  -9.41200000   3.00348883
  0.11973000   1.18500000 -10.59540000   3.01483072
  0.14473000   1.21000000 -11.64290000   3.02047040
  0.16973000   1.23500000 -12.58240000   3.02135601
  0.19473000   1.26000000 -13.43780000   3.01950078
  0.21973000   1.28500000 -14.22960000   3.01692449
  0.24473000   1.31000000 -14.97620000   3.01554628
  0.26973000   1.33500000 -15.69210000   3.01665740
  0.29473000   1.36000000 -16.38570000   3.02051253
  0.31973000   1.38500000 -17.05940000   3.02645675
  0.34473000   1.41000000 -17.71250000   3.03353468
  0.36973000   1.43500000 -18.34340000   3.04086846
  0.39473000   1.46000000 -18.95150000   3.04793375
  0.41973000   1.48500000 -19.53690000   3.05443687
  0.44473000   1.51000000 -20.10060000   3.06030400
  0.46973000   1.53500000 -20.64390000   3.06554980
  0.49473000   1.56000000 -21.16850000   3.07027797
  0.51973000   1.58500000 -21.67620000   3.07462194
  0.54473000   1.61000000 -22.16870000   3.07870882
  0.56973000   1.63500000 -22.64800000   3.08271857
  0.59473000   1.66000000 -23.11590000   3.08680407
  0.61973000   1.68500000 -23.57410000   3.09110695
  0.64473000   1.71000000 -24.02420000   3.09575762
  0.66973000   1.73500000 -24.46760000   3.10086111
  0.69473000   1.76000000 -24.90530000   3.10646962
  0.71973000   1.78500000 -25.33800000   3.11259901
  0.74473000   1.81000000 -25.76590000   3.11920217
  0.76973000   1.83500000 -26.18930000   3.12625393
  0.79473000   1.86000000 -26.60800000   3.13366729
  0.81973000   1.88500000 -27.02170000   3.14134947
  0.84473000   1.91000000 -27.43010000   3.14921470
  0.86973000   1.93500000 -27.83290000   3.15718323
  0.89473000   1.96000000 -28.22980000   3.16518039
  0.91973000   1.98500000 -28.62050000   3.17313595
  0.94473000   2.01000000 -29.00510000   3.18103578
  0.96973000   2.03500000 -29.38320000   3.18880277
  0.99473000   2.06000000 -29.75510000   3.19645363
  1.01973000   2.08500000 -30.12070000   3.20395448
  1.04473000   2.11000000 -30.48000000   3.21128611
  1.06973000   2.13500000 -30.83330000   3.21846896
  1.09473000   2.16000000 -31.18060000   3.22548589
  1.11973000   2.18500000 -31.52220000   3.23235887
  1.14473000   2.21000000 -31.85820000   3.23908511
  1.16973000   2.23500000 -32.18880000   3.24567510
  1.19473000   2.26000000 -32.51420000   3.25213988
  1.21973000   2.28500000 -32.83460000   3.25849097
  1.24473000   2.31000000 -33.15020000   3.26474033
  1.26973000   2.33500000 -33.46120000   3.27090034
  1.29473000   2.36000000 -33.76790000   3.27699618
  1.31973000   2.38500000 -34.07030000   3.28301620
  1.34473000   2.41000000 -34.36870000   3.28898633
  1.36973000   2.43500000 -34.66330000   3.29492042
  1.39473000   2.46000000 -34.95410000   3.30080813
  1.41973000   2.48500000 -35.24140000   3.30667632
  1.44473000   2.51000000 -35.52520000   3.31251542
  1.46973000   2.53500000 -35.80570000   3.31834070
  1.49473000   2.56000000 -36.08300000   3.32415549
  1.51973000   2.58500000 -36.35710000   3.32995130
  1.54473000   2.61000000 -36.62810000   3.33573216
  1.56973000   2.63500000 -36.89600000   3.34149024
  1.59473000   2.66000000 -37.16100000   3.34724227
  1.61973000   2.68500000 -37.42290000   3.35295673
  1.64473000   2.71000000 -37.68180000   3.35863879
  1.66973000   2.73500000 -37.93770000   3.36428171
  1.69473000   2.76000000 -38.19060000   3.36987900
  1.71973000   2.78500000 -38.44040000   3.37541229
  1.74473000   2.81000000 -38.68720000   3.38088761
  1.76973000   2.83500000 -38.93080000   3.38627489
  1.79473000   2.86000000 -39.17140000   3.39159260
  1.81973000   2.88500000 -39.40880000   3.39681100
  1.84473000   2.91000000 -39.64300000   3.40192469
  1.86973000   2.93500000 -39.87400000   3.40692838
  1.89473000   2.96000000 -40.10180000   3.41181693
  1.91973000   2.98500000 -40.32630000   3.41657321
  1.94473000   3.01000000 -40.54750000   3.42119230
  1.96973000   3.03500000 -40.76550000   3.42568146
  1.99473000   3.06000000 -40.98010000   3.43001177
  2.01973000   3.08500000 -41.19130000   3.43417859
  2.04473000   3.11000000 -41.39930000   3.43820157
  2.06973000   3.13500000 -41.60380000   3.44203994
  2.09473000   3.16000000 -41.80490000   3.44570141
  2.11973000   3.18500000 -42.00270000   3.44919378
  2.14473000   3.21000000 -42.19700000   3.45248862
  2.16973000   3.23500000 -42.38780000   3.45558176
  2.19473000   3.26000000 -42.57520000   3.45848123
  2.21973000   3.28500000 -42.75920000   3.46118304
  2.24473000   3.31000000 -42.93960000   3.46365903
  2.26973000   3.33500000 -43.11640000   3.46590535
  2.29473000   3.36000000 -43.28980000   3.46794245
  2.31973000   3.38500000 -43.45950000   3.46973028
  2.34473000   3.41000000 -43.62550000   3.47126521
  2.36973000   3.43500000 -43.78790000   3.47255584
  2.39473000   3.46000000 -43.94650000   3.47357446
  2.41973000   3.48500000 -44.10130000   3.47431770
  2.44473000   3.51000000 -44.25220000   3.47477017
  2.46973000   3.53500000 -44.39910000   3.47491657
  2.49473000   3.56000000 -44.54190000   3.47474171
  2.51973000   3.58500000 -44.68040000   3.47421842
  2.54473000   3.61000000 -44.81460000   3.47334389
  2.56973000   3.63500000 -44.94410000   3.47206700
  2.59473000   3.66000000 -45.06890000   3.47038530
  2.61973000   3.68500000 -45.18850000   3.46823597
  2.64473000   3.71000000 -45.30280000   3.46560497
  2.66973000   3.73500000 -45.41110000   3.46240595
  2.69473000   3.76000000 -45.51310000   3.45860148
  2.71973000   3.78500000 -45.60800000   3.45409431
  2.74473000   3.81000000 -45.69500000   3.44878810
  2.76973000   3.83500000 -45.77270000   3.44251552
  2.79473000   3.86000000 -45.83940000   3.43507521
  2.81973000   3.88500000 -45.89260000   3.42617296
  2.84473000   3.91000000 -45.92830000   3.41534040
  2.86973000   3.93500000 -45.93920000   3.40172602
  2.89473000   3.96000000 -45.88870000   3.38103653
  2.91973000   3.98500000 -45.79310000   3.35531001
  2.94473000   4.01000000 -45.77210000   3.33858766
  2.96973000   4.03500000 -45.82790000   3.33098966
  2.99473000   4.06000000 -45.93520000   3.32951015
  3.01973000   4.08500000 -46.07620000   3.33206884
  3.04473000   4.11000000 -46.23930000   3.33732273
  3.06973000   4.13500000 -46.41730000   3.34444340
  3.09473000   4.16000000 -46.60570000   3.35291572
  3.11973000   4.18500000 -46.80130000   3.36237398
  3.14473000   4.21000000 -47.00200000   3.37257891
  3.16973000   4.23500000 -47.20630000   3.38335976
  3.19473000   4.26000000 -47.41300000   3.39457940
  3.21973000   4.28500000 -47.62150000   3.40617046
  3.24473000   4.31000000 -47.83100000   3.41804071
  3.26973000   4.33500000 -48.04110000   3.43014466
  3.29473000   4.36000000 -48.25150000   3.44244822
  3.31973000   4.38500000 -48.46190000   3.45491675
  3.34473000   4.41000000 -48.67220000   3.46753945
  3.36973000   4.43500000 -48.88210000   3.48028081
  3.39473000   4.46000000 -49.09160000   3.49314165
  3.41973000   4.48500000 -49.30050000   3.50609808
  3.44473000   4.51000000 -49.50870000   3.51913816
  3.46973000   4.53500000 -49.71620000   3.53226225
  3.49473000   4.56000000 -49.92300000   3.54547071
  3.51973000   4.58500000 -50.12900000   3.55875130
  3.54473000   4.61000000 -50.33420000   3.57210421
  3.56973000   4.63500000 -50.53860000   3.58552964
  3.59473000   4.66000000 -50.74210000   3.59901495
  3.61973000   4.68500000 -50.94480000   3.61257306
  3.64473000   4.71000000 -51.14660000   3.62619119
  3.66973000   4.73500000 -51.34760000   3.63988237
  3.69473000   4.76000000 -51.54770000   3.65363372
  3.71973000   4.78500000 -51.74700000   3.66745840
  3.74473000   4.81000000 -51.94550000   3.68135659
  3.76973000   4.83500000 -52.14310000   3.69531521
  3.79473000   4.86000000 -52.33990000   3.70934762
  3.81973000   4.88500000 -52.53590000   3.72345403
  3.84473000   4.91000000 -52.73110000   3.73763463
  3.86973000   4.93500000 -52.92550000   3.75188964
  3.89473000   4.96000000 -53.11920000   3.76623295
  3.91973000   4.98500000 -53.31210000   3.78065124
