 11  2 12 31  1  1 +2  0  0 -1
  1  1  1  1  0  0  0  0  0  0  0  0  0  0  1  1
   1.0000000   1.0000000   0.0000000   0.0000000   0.0000000   0.0000000   0.0000000
   0.0000000   0.0000000   0.0000000   0.0000000   0.0000000   0.0000000   1.0000000
   0.0000000   0.0000000   0.0000000   0.0000000   0.0000000   0.0000000   0.0000000
   0.0000000   0.0000000   0.0000000   0.0000000   0.0000000   0.0000000   0.0000000
   0.0000000   0.0000000
   0  93   0   0   0   1
 117
1.524147724         
4.105997192         
-9.910269274        
9.293346569         
0.536503804         
0.301647825         
2.765350870         
-13.348948120       
12.517964730        
0.722660630         
0.406314002         
16.109566600        
-30.213464710       
-1.744219761        
-0.980682885        
14.166325400        
1.635640595         
0.919634540         
0.047212670         
0.053090394         
0.014924966         
-2.247592000        
3.621954000         
-1.162123000        
-0.130122100        
2.368863000         
-4.035674000        
1.035262000         
-0.069974760        
1.561678000         
-0.014117420        
-0.522863500        
-0.128940500        
0.647175400         
0.188090400         
-0.088144800        
-0.204694100        
-0.259339400        
0.022581840         
-0.055089190        
0.009365383         
0.051535400         
-0.026073090        
0.427188200         
-0.130091400        
1.497028000         
0.779055200         
0.049875270         
0.371886700         
-2.542893000        
3.503794000         
-3.699038000        
-0.076421040        
0.075356760         
-3.231712000        
3.525479000         
0.188341300         
0.013995590         
1.102556000         
-0.634739000        
0.125029900         
-0.001363629        
0.192650200         
-0.202406700        
0.021079440         
0.000021496         
-0.001652476        
0.001935375         
-0.000348718        
0.552641100         
-1.552686000        
-0.013146300        
0.001699748         
0.757819900         
2.833682000         
-0.602912400        
-0.007431924        
0.258557800         
-0.411842700        
-0.269749900        
-0.004601533        
-0.030814760        
0.074073170         
0.097678480         
0.001534990         
-0.004336769        
0.004224888         
-0.018348340        
-0.000296072        
0.000050415         
-0.000033924        
0.000011455         
-0.000014047        
-5.008162000        
0.693621600         
0.009849691         
0.000933676         
6.166332000         
-0.430722200        
-0.000726257        
-0.000824308        
-0.838059800        
0.330318300         
0.005997307         
0.000315298         
0.543046500         
0.064211920         
0.011203120         
-0.000119910        
0.101286900         
0.101209400         
0.005529673         
0.000088382         
-0.006621822        
0.020011390         
-0.000171199        
0.000028130         
  0  0  0
  21   1   2   3   4   5   6   7   8   9  10  11  12  13  14  15  16  17  18  19
  20  21
   1   2   3   4   5   6   7   8   9  10  11  12  13  14  15  16  17  18  19  20
  21
  1  1  1  1  1  1  1  1  1  1  1  1  1  1  1  1  1  1  1  1
  1  1  0
  48  22  23  24  25  26  27  28  29  30  31  32  33  34  35  36  37  38  39  40
  41  42  43  44  45  46  47  48  49  50  51  52  53  54  55  56  57  58  59  60
  61  62  63  64  65  66  67  68  69
  22  23  24  25  26  27  28  29  30  31  32  33  34  35  36  37  38  39  40  41
  42  43  44  45  46  47  48  49  50  51  52  53  54  55  56  57  58  59  60  61
  62  63  64  65  66  67  68  69
  1  1  1  1  1  1  1  1  1  1  1  1  1  1  1  1  1  1  1  1
  1  1  0
  48  70  71  72  73  74  75  76  77  78  79  80  81  82  83  84  85  86  87  88
  89  90  91  92  93  94  95  96  97  98  99 100 101 102 103 104 105 106 107 108
 109 110 111 112 113 114 115 116 117
  70  71  72  73  74  75  76  77  78  79  80  81  82  83  84  85  86  87  88  89
  90  91  92  93  94  95  96  97  98  99 100 101 102 103 104 105 106 107 108 109
 110 111 112 113 114 115 116 117
  1  1  1  1  1  1  1  1  1  1  1  1  1  1  1  1  1  1  1  1
  0  0  0 -1
   1   2
52  
  0  1  0  1  0  0  0  0
  0  0  0
   1   3
25  
  0  1  0  1  0  0  0  0
  0  0  0
   1   4
52  
  0  1  0  1  0  0  0  0
  0  0  0
   1   5
15  
  0  1  0  1  0  0  0  0
  0  0  0
   1   6
1   
  0  1  0  1  0  0  0  0
  0  0  0
   1   7
51  
  0  1  0  1  0  0  0  0
  0  0  0
   1   8
38  
  0  1  0  1  0  0  0  0
  0  0  0
   1   9
106 
  0  1  0  1  0  0  0  0
  0  0  0
   1  10
60  
  0  1  0  1  0  0  0  0
  0  0  0
   1  11
61  
  0  1  0  1  0  0  0  0
  0  0  0
   1  12
46  
  0  1  0  1  0  0  0  0
  0  0  0
   1  13
47  
  0  1  0  1  0  0  0  0
  0  0  0
   1  14
45  
  0  1  0  1  0  0  0  0
  0  0  0
   1  15
34  
  0  1  0  1  0  0  0  0
  0  0  0
   1  16
50  
  0  1  0  1  0  0  0  0
  0  0  0
   1  17
11  
  0  1  0  1  0  0  0  0
  0  0  0
   1  18
16  
  0  1  0  1  0  0  0  0
  1  1  0 -1
   1  23
106 
  0  1  0  1  0  0  0  0
  1  1  0
   1  24
17  
  0  1  0  1  0  0  0  0
  1  1  0
   1  25
35  
  0  1  0  1  0  0  0  0
  1  1  0
   1  26
7   
  0  1  0  1  0  0  0  0
  1  1  0
   1  27
79  
  0  1  0  1  0  0  0  0
  1  1  0
   1  28
10  
  0  1  0  1  0  0  0  0
  1  1  0
   1  29
33  
  0  1  0  1  0  0  0  0
  1  1  0
   1  30
4   
  0  1  0  1  0  0  0  0
  1  1  0
   1  31
30  
  0  1  0  1  0  0  0  0
  1  1  0
   1  32
28  
  0  1  0  1  0  0  0  0
  1  1  0
   1  33
44  
  0  1  0  1  0  0  0  0
  1  1  0
   1  34
56  
  0  1  0  1  0  0  0  0
  1  1  0
   1  35
25  
  0  1  0  1  0  0  0  0
  1  1  0
   1  36
99  
  0  1  0  1  0  0  0  0
  1  1  0
   1  37
8   
  0  1  0  1  0  0  0  0
  1  1  0
   1  38
51  
  0  1  0  1  0  0  0  0
  1  1  0
   1  39
57  
  0  1  0  1  0  0  0  0
  1  1  0
   1  40
22  
  0  1  0  1  0  0  0  0
  1  1  0
   1  41
33  
  0  1  0  1  0  0  0  0
  1  1  0
   1  42
61  
  0  1  0  1  0  0  0  0
  1  1  0
   1  43
38  
  0  1  0  1  0  0  0  0
  1  1  0
   1  44
57  
  0  1  0  1  0  0  0  0
  1  1  0
   1  45
22  
  0  1  0  1  0  0  0  0
  1  1  0
   1  46
46  
  0  1  0  1  0  0  0  0
  1  1  0
   1  47
14  
  0  1  0  1  0  0  0  0
  1  1  0
   1  48
76  
  0  1  0  1  0  0  0  0
  1  1  0
   1  49
98  
  0  1  0  1  0  0  0  0
  1  1  0
   1  50
6   
  0  1  0  1  0  0  0  0
  1  1  0
   1  51
11  
  0  1  0  1  0  0  0  0
  1  1  0
   1  52
70  
  0  1  0  1  0  0  0  0
  1  1  0
   1  53
13  
  0  1  0  1  0  0  0  0
  1  1  0
   1  54
47  
  0  1  0  1  0  0  0  0
  1  1  0
   1  55
71  
  0  1  0  1  0  0  0  0
  1  1  0
   1  56
32  
  0  1  0  1  0  0  0  0
  1  1  0
   1  57
103 
  0  1  0  1  0  0  0  0
  1  1  0
   1  58
22  
  0  1  0  1  0  0  0  0
  1  1  0
   1  59
25  
  0  1  0  1  0  0  0  0
  1  1  0
   1  60
33  
  0  1  0  1  0  0  0  0
  1  1  0
   1  61
111 
  0  1  0  1  0  0  0  0
  1  1  0
   1  62
38  
  0  1  0  1  0  0  0  0
  1  1  0
   1  63
57  
  0  1  0  1  0  0  0  0
  1  1  0
   1  64
10  
  0  1  0  1  0  0  0  0
  1  1  0
   1  65
13  
  0  1  0  1  0  0  0  0
  1  1  0
   1  66
59  
  0  1  0  1  0  0  0  0
  1  1  0 -1
   1  71
99  
  0  1  0  1  0  0  0  0
  1  1  0
   1  72
13  
  0  1  0  1  0  0  0  0
  1  1  0
   1  73
64  
  0  1  0  1  0  0  0  0
  1  1  0
   1  74
78  
  0  1  0  1  0  0  0  0
  1  1  0
   1  75
111 
  0  1  0  1  0  0  0  0
  1  1  0
   1  76
60  
  0  1  0  1  0  0  0  0
  1  1  0
   1  77
45  
  0  1  0  1  0  0  0  0
  1  1  0
   1  78
26  
  0  1  0  1  0  0  0  0
  1  1  0
   1  79
16  
  0  1  0  1  0  0  0  0
  1  1  0
   1  80
79  
  0  1  0  1  0  0  0  0
  1  1  0
   1  81
38  
  0  1  0  1  0  0  0  0
  1  1  0
   1  82
45  
  0  1  0  1  0  0  0  0
  1  1  0
   1  83
74  
  0  1  0  1  0  0  0  0
  1  1  0
   1  84
22  
  0  1  0  1  0  0  0  0
  1  1  0
   1  85
51  
  0  1  0  1  0  0  0  0
  1  1  0
   1  86
51  
  0  1  0  1  0  0  0  0
  1  1  0
   1  87
6   
  0  1  0  1  0  0  0  0
  1  1  0
   1  88
60  
  0  1  0  1  0  0  0  0
  1  1  0
   1  89
98  
  0  1  0  1  0  0  0  0
  1  1  0
   1  90
94  
  0  1  0  1  0  0  0  0
  1  1  0
   1  91
99  
  0  1  0  1  0  0  0  0
  1  1  0
   1  92
63  
  0  1  0  1  0  0  0  0
  1  1  0
   1  93
9   
  0  1  0  1  0  0  0  0
  1  1  0
   1  94
75  
  0  1  0  1  0  0  0  0
  1  1  0
   1  95
79  
  0  1  0  1  0  0  0  0
  1  1  0
   1  96
23  
  0  1  0  1  0  0  0  0
  1  1  0
   1  97
94  
  0  1  0  1  0  0  0  0
  1  1  0
   1  98
7   
  0  1  0  1  0  0  0  0
  1  1  0
   1  99
52  
  0  1  0  1  0  0  0  0
  1  1  0
   1 100
33  
  0  1  0  1  0  0  0  0
  1  1  0
   1 101
24  
  0  1  0  1  0  0  0  0
  1  1  0
   1 102
80  
  0  1  0  1  0  0  0  0
  1  1  0
   1 103
56  
  0  1  0  1  0  0  0  0
  1  1  0
   1 104
75  
  0  1  0  1  0  0  0  0
  1  1  0
   1 105
26  
  0  1  0  1  0  0  0  0
  1  1  0
   1 106
22  
  0  1  0  1  0  0  0  0
  1  1  0
   1 107
47  
  0  1  0  1  0  0  0  0
  1  1  0
   1 108
52  
  0  1  0  1  0  0  0  0
  1  1  0
   1 109
110 
  0  1  0  1  0  0  0  0
  1  1  0
   1 110
47  
  0  1  0  1  0  0  0  0
  1  1  0
   1 111
37  
  0  1  0  1  0  0  0  0
  1  1  0
   1 112
2   
  0  1  0  1  0  0  0  0
  1  1  0
   1 113
30  
  0  1  0  1  0  0  0  0
  1  1  0
   1 114
80  
  0  1  0  1  0  0  0  0
