#E_tot          E_tot-Eth     Phase(s) scatt. length
  0.01000000   0.01000000  -3.70400000   4.16871865
  0.03500000   0.03500000  -6.90810000   4.17025108
  0.06000000   0.06000000  -9.01700000   4.17175462
  0.08500000   0.08500000 -10.69960000   4.17324580
  0.11000000   0.11000000 -12.13500000   4.17476528
  0.13500000   0.13500000 -13.40320000   4.17630646
  0.16000000   0.16000000 -14.54830000   4.17786811
  0.18500000   0.18500000 -15.59770000   4.17944566
  0.21000000   0.21000000 -16.56980000   4.18102773
  0.23500000   0.23500000 -17.47780000   4.18263472
  0.26000000   0.26000000 -18.33130000   4.18423007
  0.28500000   0.28500000 -19.13800000   4.18586953
  0.31000000   0.31000000 -19.90360000   4.18750710
  0.33500000   0.33500000 -20.63300000   4.18917989
  0.36000000   0.36000000 -21.32990000   4.19084655
  0.38500000   0.38500000 -21.99770000   4.19254409
  0.41000000   0.41000000 -22.63910000   4.19426632
  0.43500000   0.43500000 -23.25630000   4.19598776
  0.46000000   0.46000000 -23.85140000   4.19772895
  0.48500000   0.48500000 -24.42610000   4.19948212
  0.51000000   0.51000000 -24.98200000   4.20126228
  0.53500000   0.53500000 -25.52030000   4.20304201
  0.56000000   0.56000000 -26.04240000   4.20486080
  0.58500000   0.58500000 -26.54920000   4.20668775
  0.61000000   0.61000000 -27.04170000   4.20853155
  0.63500000   0.63500000 -27.52070000   4.21038147
  0.66000000   0.66000000 -27.98710000   4.21225946
  0.68500000   0.68500000 -28.44150000   4.21414631
  0.71000000   0.71000000 -28.88460000   4.21605180
  0.73500000   0.73500000 -29.31700000   4.21797751
  0.76000000   0.76000000 -29.73930000   4.21993326
  0.78500000   0.78500000 -30.15180000   4.22188496
  0.81000000   0.81000000 -30.55520000   4.22387335
  0.83500000   0.83500000 -30.94970000   4.22586012
  0.86000000   0.86000000 -31.33590000   4.22787958
  0.88500000   0.88500000 -31.71400000   4.22990367
  0.91000000   0.91000000 -32.08450000   4.23195839
  0.93500000   0.93500000 -32.44760000   4.23402389
  0.96000000   0.96000000 -32.80360000   4.23610034
  0.98500000   0.98500000 -33.15290000   4.23820711
  1.01000000   1.01000000 -33.49560000   4.24031770
  1.03500000   1.03500000 -33.83210000   4.24245670
  1.06000000   1.06000000 -34.16260000   4.24461865
  1.08500000   1.08500000 -34.48720000   4.24678444
  1.11000000   1.11000000 -34.80630000   4.24898467
  1.13500000   1.13500000 -35.11990000   4.25118821
  1.16000000   1.16000000 -35.42830000   4.25341316
  1.18500000   1.18500000 -35.73170000   4.25566322
  1.21000000   1.21000000 -36.03010000   4.25791225
  1.23500000   1.23500000 -36.32390000   4.26019800
  1.26000000   1.26000000 -36.61310000   4.26249690
  1.28500000   1.28500000 -36.89790000   4.26481773
  1.31000000   1.31000000 -37.17830000   4.26713934
  1.33500000   1.33500000 -37.45470000   4.26950347
  1.36000000   1.36000000 -37.72690000   4.27186000
  1.38500000   1.38500000 -37.99530000   4.27425233
  1.41000000   1.41000000 -38.25990000   4.27666295
  1.43500000   1.43500000 -38.52080000   4.27909057
  1.46000000   1.46000000 -38.77800000   4.28151929
  1.48500000   1.48500000 -39.03180000   4.28397982
  1.51000000   1.51000000 -39.28220000   4.28645757
  1.53500000   1.53500000 -39.52930000   4.28895383
  1.56000000   1.56000000 -39.77320000   4.29147048
  1.58500000   1.58500000 -40.01400000   4.29400989
  1.61000000   1.61000000 -40.25170000   4.29655975
  1.63500000   1.63500000 -40.48640000   4.29912343
  1.66000000   1.66000000 -40.71820000   4.30170477
  1.68500000   1.68500000 -40.94720000   4.30430798
  1.71000000   1.71000000 -41.17350000   4.30693771
  1.73500000   1.73500000 -41.39710000   4.30958380
  1.76000000   1.76000000 -41.61800000   4.31223649
  1.78500000   1.78500000 -41.83640000   4.31491667
  1.81000000   1.81000000 -42.05220000   4.31760009
  1.83500000   1.83500000 -42.26570000   4.32032342
  1.86000000   1.86000000 -42.47670000   4.32304791
  1.88500000   1.88500000 -42.68540000   4.32579565
  1.91000000   1.91000000 -42.89180000   4.32855874
  1.93500000   1.93500000 -43.09600000   4.33134467
  1.96000000   1.96000000 -43.29800000   4.33414605
  1.98500000   1.98500000 -43.49790000   4.33697086
  2.01000000   2.01000000 -43.69570000   4.33981218
  2.03500000   2.03500000 -43.89140000   4.34266327
  2.06000000   2.06000000 -44.08520000   4.34554796
  2.08500000   2.08500000 -44.27700000   4.34844478
  2.11000000   2.11000000 -44.46680000   4.35134759
  2.13500000   2.13500000 -44.65480000   4.35428082
  2.16000000   2.16000000 -44.84090000   4.35722353
  2.18500000   2.18500000 -45.02520000   4.36018531
  2.21000000   2.21000000 -45.20780000   4.36317595
  2.23500000   2.23500000 -45.38860000   4.36617495
  2.26000000   2.26000000 -45.56770000   4.36919240
  2.28500000   2.28500000 -45.74510000   4.37222330
  2.31000000   2.31000000 -45.92090000   4.37527807
  2.33500000   2.33500000 -46.09510000   4.37835199
  2.36000000   2.36000000 -46.26770000   4.38144047
  2.38500000   2.38500000 -46.43880000   4.38455434
  2.41000000   2.41000000 -46.60840000   4.38768926
  2.43500000   2.43500000 -46.77640000   4.39082564
  2.46000000   2.46000000 -46.94300000   4.39399003
  2.48500000   2.48500000 -47.10810000   4.39716305
  2.51000000   2.51000000 -47.27190000   4.40037154
  2.53500000   2.53500000 -47.43420000   4.40358088
  2.56000000   2.56000000 -47.59520000   4.40681817
  2.58500000   2.58500000 -47.75490000   4.41007979
  2.61000000   2.61000000 -47.91320000   4.41334671
  2.63500000   2.63500000 -48.07020000   4.41663094
  2.66000000   2.66000000 -48.22600000   4.41994459
  2.68500000   2.68500000 -48.38050000   4.42326885
  2.71000000   2.71000000 -48.53370000   4.42660046
  2.73500000   2.73500000 -48.68580000   4.42996740
  2.76000000   2.76000000 -48.83670000   4.43335104
  2.78500000   2.78500000 -48.98640000   4.43674836
  2.81000000   2.81000000 -49.13490000   4.44015638
  2.83500000   2.83500000 -49.28230000   4.44358789
  2.86000000   2.86000000 -49.42860000   4.44704007
  2.88500000   2.88500000 -49.57380000   4.45051019
  2.91000000   2.91000000 -49.71790000   4.45399555
  2.93500000   2.93500000 -49.86090000   4.45749349
  2.96000000   2.96000000 -50.00290000   4.46101721
  2.98500000   2.98500000 -50.14390000   4.46456422
  3.01000000   3.01000000 -50.28380000   4.46811621
  3.03500000   3.03500000 -50.42270000   4.47168657
  3.06000000   3.06000000 -50.56070000   4.47528886
  3.08500000   3.08500000 -50.69770000   4.47890487
  3.11000000   3.11000000 -50.83370000   4.48253229
  3.13500000   3.13500000 -50.96880000   4.48618487
  3.16000000   3.16000000 -51.10290000   4.48984441
  3.18500000   3.18500000 -51.23610000   4.49352478
  3.21000000   3.21000000 -51.36840000   4.49722388
  3.23500000   3.23500000 -51.49990000   4.50095579
  3.26000000   3.26000000 -51.63040000   4.50468625
  3.28500000   3.28500000 -51.76010000   4.50844554
  3.31000000   3.31000000 -51.88890000   4.51221555
  3.33500000   3.33500000 -52.01690000   4.51601058
  3.36000000   3.36000000 -52.14410000   4.51982881
  3.38500000   3.38500000 -52.27040000   4.52365210
  3.41000000   3.41000000 -52.39590000   4.52749492
  3.43500000   3.43500000 -52.52070000   4.53137189
  3.46000000   3.46000000 -52.64460000   4.53524854
  3.48500000   3.48500000 -52.76780000   4.53915594
  3.51000000   3.51000000 -52.89020000   4.54307601
  3.53500000   3.53500000 -53.01180000   4.54700708
  3.56000000   3.56000000 -53.13270000   4.55096401
  3.58500000   3.58500000 -53.25290000   4.55494528
  3.61000000   3.61000000 -53.37230000   4.55893275
  3.63500000   3.63500000 -53.49100000   4.56294144
  3.66000000   3.66000000 -53.60900000   4.56696989
  3.68500000   3.68500000 -53.72630000   4.57101661
  3.71000000   3.71000000 -53.84290000   4.57508014
  3.73500000   3.73500000 -53.95890000   4.57917585
  3.76000000   3.76000000 -54.07410000   4.58326874
  3.78500000   3.78500000 -54.18870000   4.58739105
  3.81000000   3.81000000 -54.30270000   4.59154147
  3.83500000   3.83500000 -54.41590000   4.59568483
  3.86000000   3.86000000 -54.52860000   4.59987062
  3.88500000   3.88500000 -54.64060000   4.60406365
  3.91000000   3.91000000 -54.75200000   4.60827962
  3.93500000   3.93500000 -54.86270000   4.61250022
  3.96000000   3.96000000 -54.97290000   4.61675840
  3.98500000   3.98500000 -55.08240000   4.62101871
  4.01000000   4.01000000 -55.19140000   4.62531429
  4.03500000   4.03500000 -55.29970000   4.62960955
  4.06000000   4.06000000 -55.40750000   4.63393781
  4.08500000   4.08500000 -55.51470000   4.63828069
  4.11000000   4.11000000 -55.62140000   4.64265442
  4.13500000   4.13500000 -55.72740000   4.64702313
  4.16000000   4.16000000 -55.83290000   4.65142050
  4.18500000   4.18500000 -55.93790000   4.65584553
  4.21000000   4.21000000 -56.04230000   4.66027968
  4.23500000   4.23500000 -56.14620000   4.66473944
  4.26000000   4.26000000 -56.24950000   4.66920618
  4.28500000   4.28500000 -56.35230000   4.67369650
  4.31000000   4.31000000 -56.45460000   4.67820945
  4.33500000   4.33500000 -56.55640000   4.68274406
  4.36000000   4.36000000 -56.65770000   4.68729940
  4.38500000   4.38500000 -56.75840000   4.69185666
  4.41000000   4.41000000 -56.85870000   4.69645060
  4.43500000   4.43500000 -56.95850000   4.70106247
  4.46000000   4.46000000 -57.05770000   4.70567336
  4.48500000   4.48500000 -57.15650000   4.71031831
  4.51000000   4.51000000 -57.25490000   4.71499654
  4.53500000   4.53500000 -57.35270000   4.71967102
  4.56000000   4.56000000 -57.45010000   4.72437708
  4.58500000   4.58500000 -57.54700000   4.72909575
  4.61000000   4.61000000 -57.64340000   4.73382612
  4.63500000   4.63500000 -57.73940000   4.73858565
  4.66000000   4.66000000 -57.83500000   4.74337360
  4.68500000   4.68500000 -57.93010000   4.74817082
  4.71000000   4.71000000 -58.02480000   4.75299490
  4.73500000   4.73500000 -58.11900000   4.75782662
  4.76000000   4.76000000 -58.21280000   4.76268367
  4.78500000   4.78500000 -58.30610000   4.76754674
  4.81000000   4.81000000 -58.39910000   4.77245228
  4.83500000   4.83500000 -58.49160000   4.77736232
  4.86000000   4.86000000 -58.58370000   4.78229477
  4.88500000   4.88500000 -58.67540000   4.78724895
  4.91000000   4.91000000 -58.76670000   4.79222415
  4.93500000   4.93500000 -58.85760000   4.79721968
  4.96000000   4.96000000 -58.94810000   4.80223487
  4.98500000   4.98500000 -59.03820000   4.80726902
