#E_tot          E_tot-Eth     Phase(s) scatt. length
  0.01000000   0.01000000  -4.26680000   4.80432263
  0.03500000   0.03500000  -7.95730000   4.81130150
  0.06000000   0.06000000 -10.38580000   4.81818820
  0.08500000   0.08500000 -12.32300000   4.82506060
  0.11000000   0.11000000 -13.97510000   4.83190796
  0.13500000   0.13500000 -15.43420000   4.83870987
  0.16000000   0.16000000 -16.75130000   4.84553306
  0.18500000   0.18500000 -17.95780000   4.85231872
  0.21000000   0.21000000 -19.07490000   4.85905786
  0.23500000   0.23500000 -20.11790000   4.86580149
  0.26000000   0.26000000 -21.09790000   4.87251527
  0.28500000   0.28500000 -22.02360000   4.87922201
  0.31000000   0.31000000 -22.90160000   4.88587713
  0.33500000   0.33500000 -23.73760000   4.89253896
  0.36000000   0.36000000 -24.53590000   4.89916614
  0.38500000   0.38500000 -25.30030000   4.90577670
  0.41000000   0.41000000 -26.03390000   4.91236191
  0.43500000   0.43500000 -26.73930000   4.91890560
  0.46000000   0.46000000 -27.41900000   4.92544959
  0.48500000   0.48500000 -28.07490000   4.93197141
  0.51000000   0.51000000 -28.70880000   4.93848036
  0.53500000   0.53500000 -29.32220000   4.94496653
  0.56000000   0.56000000 -29.91640000   4.95141526
  0.58500000   0.58500000 -30.49280000   4.95786149
  0.61000000   0.61000000 -31.05240000   4.96428503
  0.63500000   0.63500000 -31.59620000   4.97068753
  0.66000000   0.66000000 -32.12510000   4.97706936
  0.68500000   0.68500000 -32.63990000   4.98342738
  0.71000000   0.71000000 -33.14130000   4.98975311
  0.73500000   0.73500000 -33.63020000   4.99608798
  0.76000000   0.76000000 -34.10690000   5.00237010
  0.78500000   0.78500000 -34.57230000   5.00866040
  0.81000000   0.81000000 -35.02670000   5.01491509
  0.83500000   0.83500000 -35.47080000   5.02117265
  0.86000000   0.86000000 -35.90480000   5.02738514
  0.88500000   0.88500000 -36.32930000   5.03358482
  0.91000000   0.91000000 -36.74470000   5.03977209
  0.93500000   0.93500000 -37.15130000   5.04593386
  0.96000000   0.96000000 -37.54950000   5.05207976
  0.98500000   0.98500000 -37.93970000   5.05822329
  1.01000000   1.01000000 -38.32200000   5.06432692
  1.03500000   1.03500000 -38.69680000   5.07041114
  1.06000000   1.06000000 -39.06440000   5.07648117
  1.08500000   1.08500000 -39.42510000   5.08254499
  1.11000000   1.11000000 -39.77900000   5.08857697
  1.13500000   1.13500000 -40.12640000   5.09459005
  1.16000000   1.16000000 -40.46760000   5.10059929
  1.18500000   1.18500000 -40.80270000   5.10658569
  1.21000000   1.21000000 -41.13180000   5.11253219
  1.23500000   1.23500000 -41.45530000   5.11847750
  1.26000000   1.26000000 -41.77330000   5.12440788
  1.28500000   1.28500000 -42.08600000   5.13032915
  1.31000000   1.31000000 -42.39340000   5.13621255
  1.33500000   1.33500000 -42.69580000   5.14208462
  1.36000000   1.36000000 -42.99330000   5.14793715
  1.38500000   1.38500000 -43.28610000   5.15378111
  1.41000000   1.41000000 -43.57430000   5.15961055
  1.43500000   1.43500000 -43.85790000   5.16540249
  1.46000000   1.46000000 -44.13720000   5.17118906
  1.48500000   1.48500000 -44.41230000   5.17696720
  1.51000000   1.51000000 -44.68320000   5.18271666
  1.53500000   1.53500000 -44.95000000   5.18843602
  1.56000000   1.56000000 -45.21300000   5.19416088
  1.58500000   1.58500000 -45.47210000   5.19985514
  1.61000000   1.61000000 -45.72750000   5.20553773
  1.63500000   1.63500000 -45.97930000   5.21121015
  1.66000000   1.66000000 -46.22750000   5.21685628
  1.68500000   1.68500000 -46.47220000   5.22247879
  1.71000000   1.71000000 -46.71360000   5.22809918
  1.73500000   1.73500000 -46.95160000   5.23368472
  1.76000000   1.76000000 -47.18650000   5.23927630
  1.78500000   1.78500000 -47.41820000   5.24484214
  1.81000000   1.81000000 -47.64680000   5.25038747
  1.83500000   1.83500000 -47.87240000   5.25591802
  1.86000000   1.86000000 -48.09500000   5.26142152
  1.88500000   1.88500000 -48.31480000   5.26692302
  1.91000000   1.91000000 -48.53180000   5.27241107
  1.93500000   1.93500000 -48.74600000   5.27787449
  1.96000000   1.96000000 -48.95750000   5.28332102
  1.98500000   1.98500000 -49.16630000   5.28874012
  2.01000000   2.01000000 -49.37260000   5.29415887
  2.03500000   2.03500000 -49.57640000   5.29956747
  2.06000000   2.06000000 -49.77760000   5.30493751
  2.08500000   2.08500000 -49.97650000   5.31031593
  2.11000000   2.11000000 -50.17290000   5.31565604
  2.13500000   2.13500000 -50.36700000   5.32098665
  2.16000000   2.16000000 -50.55890000   5.32631811
  2.18500000   2.18500000 -50.74840000   5.33160414
  2.21000000   2.21000000 -50.93580000   5.33689347
  2.23500000   2.23500000 -51.12100000   5.34215919
  2.26000000   2.26000000 -51.30410000   5.34741260
  2.28500000   2.28500000 -51.48520000   5.35266534
  2.31000000   2.31000000 -51.66420000   5.35789091
  2.33500000   2.33500000 -51.84110000   5.36308205
  2.36000000   2.36000000 -52.01610000   5.36827021
  2.38500000   2.38500000 -52.18920000   5.37344865
  2.41000000   2.41000000 -52.36040000   5.37861073
  2.43500000   2.43500000 -52.52970000   5.38374992
  2.46000000   2.46000000 -52.69720000   5.38887930
  2.48500000   2.48500000 -52.86290000   5.39399269
  2.51000000   2.51000000 -53.02690000   5.39910361
  2.53500000   2.53500000 -53.18910000   5.40418656
  2.56000000   2.56000000 -53.34960000   5.40925535
  2.58500000   2.58500000 -53.50840000   5.41430430
  2.61000000   2.61000000 -53.66550000   5.41932782
  2.63500000   2.63500000 -53.82110000   5.42436014
  2.66000000   2.66000000 -53.97500000   5.42935630
  2.68500000   2.68500000 -54.12740000   5.43435086
  2.71000000   2.71000000 -54.27830000   5.43933884
  2.73500000   2.73500000 -54.42760000   5.44429526
  2.76000000   2.76000000 -54.57540000   5.44923522
  2.78500000   2.78500000 -54.72180000   5.45417413
  2.81000000   2.81000000 -54.86670000   5.45908717
  2.83500000   2.83500000 -55.01020000   5.46398996
  2.86000000   2.86000000 -55.15230000   5.46887805
  2.88500000   2.88500000 -55.29300000   5.47374703
  2.91000000   2.91000000 -55.43240000   5.47861301
  2.93500000   2.93500000 -55.57040000   5.48345133
  2.96000000   2.96000000 -55.70710000   5.48827831
  2.98500000   2.98500000 -55.84260000   5.49311054
  3.01000000   3.01000000 -55.97670000   5.49790280
  3.03500000   3.03500000 -56.10960000   5.50269246
  3.06000000   3.06000000 -56.24120000   5.50745496
  3.08500000   3.08500000 -56.37170000   5.51222816
  3.11000000   3.11000000 -56.50090000   5.51696671
  3.13500000   3.13500000 -56.62900000   5.52170876
  3.16000000   3.16000000 -56.75580000   5.52640881
  3.18500000   3.18500000 -56.88160000   5.53112642
  3.21000000   3.21000000 -57.00620000   5.53581610
  3.23500000   3.23500000 -57.12970000   5.54049555
  3.26000000   3.26000000 -57.25200000   5.54514023
  3.28500000   3.28500000 -57.37330000   5.54978934
  3.31000000   3.31000000 -57.49360000   5.55443983
  3.33500000   3.33500000 -57.61270000   5.55904579
  3.36000000   3.36000000 -57.73090000   5.56366837
  3.38500000   3.38500000 -57.84800000   5.56826166
  3.41000000   3.41000000 -57.96410000   5.57284414
  3.43500000   3.43500000 -58.07920000   5.57741291
  3.46000000   3.46000000 -58.19330000   5.58196506
  3.48500000   3.48500000 -58.30640000   5.58649772
  3.51000000   3.51000000 -58.41860000   5.59102991
  3.53500000   3.53500000 -58.52990000   5.59555898
  3.56000000   3.56000000 -58.64020000   5.60006030
  3.58500000   3.58500000 -58.74960000   5.60455316
  3.61000000   3.61000000 -58.85810000   5.60903495
  3.63500000   3.63500000 -58.96570000   5.61350312
  3.66000000   3.66000000 -59.07240000   5.61795512
  3.68500000   3.68500000 -59.17820000   5.62238841
  3.71000000   3.71000000 -59.28320000   5.62682286
  3.73500000   3.73500000 -59.38730000   5.63123371
  3.76000000   3.76000000 -59.49060000   5.63564099
  3.78500000   3.78500000 -59.59310000   5.64004242
  3.81000000   3.81000000 -59.69470000   5.64441312
  3.83500000   3.83500000 -59.79560000   5.64879601
  3.86000000   3.86000000 -59.89560000   5.65314358
  3.88500000   3.88500000 -59.99490000   5.65749902
  3.91000000   3.91000000 -60.09330000   5.66181460
  3.93500000   3.93500000 -60.19100000   5.66613379
  3.96000000   3.96000000 -60.28800000   5.67045460
  3.98500000   3.98500000 -60.38420000   5.67475201
  4.01000000   4.01000000 -60.47970000   5.67904699
  4.03500000   4.03500000 -60.57440000   5.68331440
  4.06000000   4.06000000 -60.66840000   5.68757538
  4.08500000   4.08500000 -60.76170000   5.69182799
  4.11000000   4.11000000 -60.85430000   5.69607031
  4.13500000   4.13500000 -60.94620000   5.70030046
  4.16000000   4.16000000 -61.03750000   5.70454004
  4.18500000   4.18500000 -61.12800000   5.70874023
  4.21000000   4.21000000 -61.21790000   5.71294622
  4.23500000   4.23500000 -61.30710000   5.71713267
  4.26000000   4.26000000 -61.39570000   5.72132146
  4.28500000   4.28500000 -61.48360000   5.72548713
  4.31000000   4.31000000 -61.57080000   5.72962786
  4.33500000   4.33500000 -61.65750000   5.73378970
  4.36000000   4.36000000 -61.74350000   5.73792322
  4.38500000   4.38500000 -61.82890000   5.74205067
  4.41000000   4.41000000 -61.91370000   5.74617046
  4.43500000   4.43500000 -61.99790000   5.75028099
  4.46000000   4.46000000 -62.08150000   5.75438066
  4.48500000   4.48500000 -62.16450000   5.75846790
  4.51000000   4.51000000 -62.24690000   5.76254113
  4.53500000   4.53500000 -62.32880000   5.76662326
  4.56000000   4.56000000 -62.41000000   5.77066384
  4.58500000   4.58500000 -62.49080000   5.77473494
  4.61000000   4.61000000 -62.57090000   5.77876140
  4.63500000   4.63500000 -62.65050000   5.78279095
  4.66000000   4.66000000 -62.72960000   5.78682224
  4.68500000   4.68500000 -62.80810000   5.79082910
  4.71000000   4.71000000 -62.88610000   5.79483491
  4.73500000   4.73500000 -62.96360000   5.79883838
  4.76000000   4.76000000 -63.04060000   5.80283817
  4.78500000   4.78500000 -63.11700000   5.80680787
  4.81000000   4.81000000 -63.19290000   5.81077115
  4.83500000   4.83500000 -63.26840000   5.81475200
  4.86000000   4.86000000 -63.34330000   5.81869865
  4.88500000   4.88500000 -63.41770000   5.82263502
  4.91000000   4.91000000 -63.49170000   5.82658530
  4.93500000   4.93500000 -63.56520000   5.83052287
  4.96000000   4.96000000 -63.63820000   5.83444647
  4.98500000   4.98500000 -63.71070000   5.83835482
