#E_tot          E_tot-Eth     Phase(s) scatt. length
  0.01000000   0.01000000  -4.27490000   4.81347696
  0.03500000   0.03500000  -7.97200000   4.82030535
  0.06000000   0.06000000 -10.40450000   4.82705704
  0.08500000   0.08500000 -12.34470000   4.83382574
  0.11000000   0.11000000 -13.99910000   4.84054537
  0.13500000   0.13500000 -15.46020000   4.84727018
  0.16000000   0.16000000 -16.77890000   4.85399172
  0.18500000   0.18500000 -17.98680000   4.86069381
  0.21000000   0.21000000 -19.10530000   4.86740661
  0.23500000   0.23500000 -20.14940000   4.87408609
  0.26000000   0.26000000 -21.13040000   4.88074689
  0.28500000   0.28500000 -22.05700000   4.88740601
  0.31000000   0.31000000 -22.93600000   4.89406235
  0.33500000   0.33500000 -23.77280000   4.90069808
  0.36000000   0.36000000 -24.57190000   4.90731702
  0.38500000   0.38500000 -25.33710000   4.91393428
  0.41000000   0.41000000 -26.07150000   4.92053887
  0.43500000   0.43500000 -26.77780000   4.92713418
  0.46000000   0.46000000 -27.45830000   4.93371755
  0.48500000   0.48500000 -28.11500000   4.94028706
  0.51000000   0.51000000 -28.74970000   4.94685109
  0.53500000   0.53500000 -29.36390000   4.95339890
  0.56000000   0.56000000 -29.95900000   4.95993519
  0.58500000   0.58500000 -30.53630000   4.96647394
  0.61000000   0.61000000 -31.09680000   4.97299454
  0.63500000   0.63500000 -31.64150000   4.97949827
  0.66000000   0.66000000 -32.17140000   4.98600452
  0.68500000   0.68500000 -32.68720000   4.99249030
  0.71000000   0.71000000 -33.18970000   4.99896596
  0.73500000   0.73500000 -33.67970000   5.00545354
  0.76000000   0.76000000 -34.15760000   5.01190979
  0.78500000   0.78500000 -34.62410000   5.01835787
  0.81000000   0.81000000 -35.07970000   5.02479142
  0.83500000   0.83500000 -35.52500000   5.03123009
  0.86000000   0.86000000 -35.96030000   5.03764432
  0.88500000   0.88500000 -36.38620000   5.04406618
  0.91000000   0.91000000 -36.80300000   5.05047751
  0.93500000   0.93500000 -37.21100000   5.05686520
  0.96000000   0.96000000 -37.61070000   5.06325718
  0.98500000   0.98500000 -38.00230000   5.06963038
  1.01000000   1.01000000 -38.38610000   5.07598373
  1.03500000   1.03500000 -38.76260000   5.08235582
  1.06000000   1.06000000 -39.13180000   5.08869732
  1.08500000   1.08500000 -39.49410000   5.09503445
  1.11000000   1.11000000 -39.84970000   5.10135966
  1.13500000   1.13500000 -40.19890000   5.10768589
  1.16000000   1.16000000 -40.54180000   5.11399207
  1.18500000   1.18500000 -40.87870000   5.12029538
  1.21000000   1.21000000 -41.20980000   5.12659675
  1.23500000   1.23500000 -41.53520000   5.13288085
  1.26000000   1.26000000 -41.85510000   5.13915202
  1.28500000   1.28500000 -42.16980000   5.14543418
  1.31000000   1.31000000 -42.47920000   5.15168048
  1.33500000   1.33500000 -42.78370000   5.15793564
  1.36000000   1.36000000 -43.08330000   5.16417342
  1.38500000   1.38500000 -43.37820000   5.17040486
  1.41000000   1.41000000 -43.66860000   5.17664213
  1.43500000   1.43500000 -43.95440000   5.18284416
  1.46000000   1.46000000 -44.23600000   5.18906131
  1.48500000   1.48500000 -44.51330000   5.19525437
  1.51000000   1.51000000 -44.78650000   5.20143930
  1.53500000   1.53500000 -45.05570000   5.20761478
  1.56000000   1.56000000 -45.32110000   5.21379843
  1.58500000   1.58500000 -45.58260000   5.21995406
  1.61000000   1.61000000 -45.84050000   5.22611897
  1.63500000   1.63500000 -46.09470000   5.23225822
  1.66000000   1.66000000 -46.34540000   5.23839219
  1.68500000   1.68500000 -46.59270000   5.24452369
  1.71000000   1.71000000 -46.83660000   5.25063770
  1.73500000   1.73500000 -47.07730000   5.25675647
  1.76000000   1.76000000 -47.31480000   5.26286605
  1.78500000   1.78500000 -47.54910000   5.26895286
  1.81000000   1.81000000 -47.78040000   5.27504073
  1.83500000   1.83500000 -48.00870000   5.28111701
  1.86000000   1.86000000 -48.23410000   5.28718795
  1.88500000   1.88500000 -48.45670000   5.29326030
  1.91000000   1.91000000 -48.67640000   5.29930390
  1.93500000   1.93500000 -48.89340000   5.30534483
  1.96000000   1.96000000 -49.10780000   5.31139100
  1.98500000   1.98500000 -49.31950000   5.31741319
  2.01000000   2.01000000 -49.52870000   5.32343868
  2.03500000   2.03500000 -49.73530000   5.32943877
  2.06000000   2.06000000 -49.93950000   5.33544149
  2.08500000   2.08500000 -50.14130000   5.34143753
  2.11000000   2.11000000 -50.34080000   5.34743677
  2.13500000   2.13500000 -50.53790000   5.35341136
  2.16000000   2.16000000 -50.73270000   5.35937164
  2.18500000   2.18500000 -50.92530000   5.36532829
  2.21000000   2.21000000 -51.11580000   5.37129233
  2.23500000   2.23500000 -51.30410000   5.37723667
  2.26000000   2.26000000 -51.49030000   5.38317272
  2.28500000   2.28500000 -51.67440000   5.38909291
  2.31000000   2.31000000 -51.85650000   5.39500918
  2.33500000   2.33500000 -52.03670000   5.40093377
  2.36000000   2.36000000 -52.21490000   5.40684031
  2.38500000   2.38500000 -52.39110000   5.41272186
  2.41000000   2.41000000 -52.56550000   5.41861076
  2.43500000   2.43500000 -52.73810000   5.42450059
  2.46000000   2.46000000 -52.90880000   5.43036535
  2.48500000   2.48500000 -53.07770000   5.43621841
  2.51000000   2.51000000 -53.24490000   5.44207344
  2.53500000   2.53500000 -53.41040000   5.44792458
  2.56000000   2.56000000 -53.57420000   5.45376602
  2.58500000   2.58500000 -53.73630000   5.45959205
  2.61000000   2.61000000 -53.89680000   5.46541708
  2.63500000   2.63500000 -54.05570000   5.47123571
  2.66000000   2.66000000 -54.21290000   5.47702246
  2.68500000   2.68500000 -54.36870000   5.48283252
  2.71000000   2.71000000 -54.52290000   5.48862053
  2.73500000   2.73500000 -54.67560000   5.49440167
  2.76000000   2.76000000 -54.82680000   5.50017106
  2.78500000   2.78500000 -54.97650000   5.50592384
  2.81000000   2.81000000 -55.12490000   5.51169626
  2.83500000   2.83500000 -55.27180000   5.51744280
  2.86000000   2.86000000 -55.41730000   5.52317941
  2.88500000   2.88500000 -55.56140000   5.52890163
  2.91000000   2.91000000 -55.70420000   5.53462583
  2.93500000   2.93500000 -55.84570000   5.54034780
  2.96000000   2.96000000 -55.98590000   5.54606344
  2.98500000   2.98500000 -56.12480000   5.55176864
  3.01000000   3.01000000 -56.26240000   5.55745935
  3.03500000   3.03500000 -56.39870000   5.56313157
  3.06000000   3.06000000 -56.53390000   5.56882358
  3.08500000   3.08500000 -56.66780000   5.57448943
  3.11000000   3.11000000 -56.80050000   5.58014647
  3.13500000   3.13500000 -56.93200000   5.58579102
  3.16000000   3.16000000 -57.06240000   5.59144082
  3.18500000   3.18500000 -57.19160000   5.59707100
  3.21000000   3.21000000 -57.31970000   5.60269947
  3.23500000   3.23500000 -57.44670000   5.60832289
  3.26000000   3.26000000 -57.57260000   5.61393790
  3.28500000   3.28500000 -57.69740000   5.61954120
  3.31000000   3.31000000 -57.82120000   5.62515129
  3.33500000   3.33500000 -57.94390000   5.63074326
  3.36000000   3.36000000 -58.06550000   5.63631387
  3.38500000   3.38500000 -58.18620000   5.64190387
  3.41000000   3.41000000 -58.30580000   5.64746638
  3.43500000   3.43500000 -58.42440000   5.65302034
  3.46000000   3.46000000 -58.54210000   5.65858499
  3.48500000   3.48500000 -58.65870000   5.66411310
  3.51000000   3.51000000 -58.77440000   5.66964621
  3.53500000   3.53500000 -58.88920000   5.67518162
  3.56000000   3.56000000 -59.00310000   5.68071668
  3.58500000   3.58500000 -59.11600000   5.68622620
  3.61000000   3.61000000 -59.22800000   5.69172995
  3.63500000   3.63500000 -59.33910000   5.69722532
  3.66000000   3.66000000 -59.44930000   5.70270970
  3.68500000   3.68500000 -59.55870000   5.70820331
  3.71000000   3.71000000 -59.66720000   5.71368094
  3.73500000   3.73500000 -59.77490000   5.71916296
  3.76000000   3.76000000 -59.88170000   5.72462404
  3.78500000   3.78500000 -59.98760000   5.73006164
  3.81000000   3.81000000 -60.09280000   5.73551957
  3.83500000   3.83500000 -60.19710000   5.74094929
  3.86000000   3.86000000 -60.30070000   5.74639492
  3.88500000   3.88500000 -60.40340000   5.75180766
  3.91000000   3.91000000 -60.50540000   5.75723193
  3.93500000   3.93500000 -60.60660000   5.76264218
  3.96000000   3.96000000 -60.70710000   5.76805978
  3.98500000   3.98500000 -60.80680000   5.77345905
  4.01000000   4.01000000 -60.90570000   5.77883779
  4.03500000   4.03500000 -61.00390000   5.78421760
  4.06000000   4.06000000 -61.10140000   5.78959649
  4.08500000   4.08500000 -61.19820000   5.79497252
  4.11000000   4.11000000 -61.29420000   5.80031969
  4.13500000   4.13500000 -61.38960000   5.80568403
  4.16000000   4.16000000 -61.48430000   5.81103966
  4.18500000   4.18500000 -61.57830000   5.81638463
  4.21000000   4.21000000 -61.67160000   5.82171703
  4.23500000   4.23500000 -61.76420000   5.82703493
  4.26000000   4.26000000 -61.85620000   5.83236091
  4.28500000   4.28500000 -61.94750000   5.83766872
  4.31000000   4.31000000 -62.03820000   5.84298110
  4.33500000   4.33500000 -62.12820000   5.84827167
  4.36000000   4.36000000 -62.21770000   5.85358812
  4.38500000   4.38500000 -62.30640000   5.85885445
  4.41000000   4.41000000 -62.39460000   5.86414335
  4.43500000   4.43500000 -62.48220000   5.86942839
  4.46000000   4.46000000 -62.56910000   5.87468287
  4.48500000   4.48500000 -62.65550000   5.87995523
  4.51000000   4.51000000 -62.74130000   5.88521886
  4.53500000   4.53500000 -62.82640000   5.89044681
  4.56000000   4.56000000 -62.91100000   5.89568801
  4.58500000   4.58500000 -62.99510000   5.90094109
  4.61000000   4.61000000 -63.07850000   5.90615359
  4.63500000   4.63500000 -63.16140000   5.91137491
  4.66000000   4.66000000 -63.24380000   5.91660367
  4.68500000   4.68500000 -63.32560000   5.92181276
  4.71000000   4.71000000 -63.40690000   5.92702643
  4.73500000   4.73500000 -63.48760000   5.93221739
  4.76000000   4.76000000 -63.56780000   5.93741008
  4.78500000   4.78500000 -63.64750000   5.94260313
  4.81000000   4.81000000 -63.72660000   5.94776907
  4.83500000   4.83500000 -63.80530000   5.95295876
  4.86000000   4.86000000 -63.88340000   5.95811851
  4.88500000   4.88500000 -63.96100000   5.96327313
  4.91000000   4.91000000 -64.03820000   5.96844775
  4.93500000   4.93500000 -64.11480000   5.97358820
  4.96000000   4.96000000 -64.19100000   5.97874616
  4.98500000   4.98500000 -64.26660000   5.98386716
