#E_tot          E_tot-Eth     Phase(s) scatt. length
  0.01000000   0.01000000  -0.00970000   0.00944123
  0.03500000   0.03500000  -0.52110000   0.27111632
  0.06000000   0.06000000  -1.52830000   0.60742498
  0.08500000   0.08500000  -2.67630000   0.89412449
  0.11000000   0.11000000  -3.83860000   1.12819356
  0.13500000   0.13500000  -4.97310000   1.32071615
  0.16000000   0.16000000  -6.06600000   1.48158289
  0.18500000   0.18500000  -7.11390000   1.61814816
  0.21000000   0.21000000  -8.11790000   1.73584301
  0.23500000   0.23500000  -9.08040000   1.83859123
  0.26000000   0.26000000 -10.00420000   1.92928992
  0.28500000   0.28500000 -10.89230000   2.01015825
  0.31000000   0.31000000 -11.74740000   2.08287654
  0.33500000   0.33500000 -12.57210000   2.14877754
  0.36000000   0.36000000 -13.36880000   2.20892455
  0.38500000   0.38500000 -14.13930000   2.26411086
  0.41000000   0.41000000 -14.88580000   2.31507623
  0.43500000   0.43500000 -15.60970000   2.36233589
  0.46000000   0.46000000 -16.31270000   2.40638629
  0.48500000   0.48500000 -16.99600000   2.44759173
  0.51000000   0.51000000 -17.66090000   2.48629218
  0.53500000   0.53500000 -18.30850000   2.52276499
  0.56000000   0.56000000 -18.93980000   2.55724760
  0.58500000   0.58500000 -19.55570000   2.58994296
  0.61000000   0.61000000 -20.15710000   2.62103785
  0.63500000   0.63500000 -20.74470000   2.65067755
  0.66000000   0.66000000 -21.31920000   2.67899716
  0.68500000   0.68500000 -21.88130000   2.70612304
  0.71000000   0.71000000 -22.43150000   2.73214708
  0.73500000   0.73500000 -22.97050000   2.75718258
  0.76000000   0.76000000 -23.49860000   2.78128410
  0.78500000   0.78500000 -24.01640000   2.80454264
  0.81000000   0.81000000 -24.52430000   2.82701912
  0.83500000   0.83500000 -25.02280000   2.84878476
  0.86000000   0.86000000 -25.51210000   2.86986947
  0.88500000   0.88500000 -25.99260000   2.89032739
  0.91000000   0.91000000 -26.46460000   2.91019811
  0.93500000   0.93500000 -26.92850000   2.92953258
  0.96000000   0.96000000 -27.38450000   2.94835511
  0.98500000   0.98500000 -27.83270000   2.96667673
  1.01000000   1.01000000 -28.27330000   2.98452049
  1.03500000   1.03500000 -28.70630000   3.00188393
  1.06000000   1.06000000 -29.13130000   3.01871483
  1.08500000   1.08500000 -29.54920000   3.03512197
  1.11000000   1.11000000 -29.96600000   3.05184017
  1.13500000   1.13500000 -30.37680000   3.06825785
  1.16000000   1.16000000 -30.78180000   3.08439507
  1.18500000   1.18500000 -31.18100000   3.10024721
  1.21000000   1.21000000 -31.57460000   3.11583407
  1.23500000   1.23500000 -31.96290000   3.13118743
  1.26000000   1.26000000 -32.34590000   3.14630242
  1.28500000   1.28500000 -32.72390000   3.16121060
  1.31000000   1.31000000 -33.09690000   3.17590702
  1.33500000   1.33500000 -33.46510000   3.19041100
  1.36000000   1.36000000 -33.82860000   3.20472971
  1.38500000   1.38500000 -34.18750000   3.21887034
  1.41000000   1.41000000 -34.54200000   3.23285217
  1.43500000   1.43500000 -34.89220000   3.24668242
  1.46000000   1.46000000 -35.23810000   3.26035627
  1.48500000   1.48500000 -35.57980000   3.27388102
  1.51000000   1.51000000 -35.91760000   3.28728818
  1.53500000   1.53500000 -36.25140000   3.30056099
  1.56000000   1.56000000 -36.58130000   3.31370691
  1.58500000   1.58500000 -36.90750000   3.32674555
  1.61000000   1.61000000 -37.23000000   3.33967240
  1.63500000   1.63500000 -37.54890000   3.35249513
  1.66000000   1.66000000 -37.86430000   3.36522146
  1.68500000   1.68500000 -38.17620000   3.37784708
  1.71000000   1.71000000 -38.48480000   3.39039198
  1.73500000   1.73500000 -38.79000000   3.40283985
  1.76000000   1.76000000 -39.09200000   3.41521084
  1.78500000   1.78500000 -39.39080000   3.42750090
  1.81000000   1.81000000 -39.68650000   3.43971820
  1.83500000   1.83500000 -39.97910000   3.45185881
  1.86000000   1.86000000 -40.26880000   3.46394329
  1.88500000   1.88500000 -40.55550000   3.47595560
  1.91000000   1.91000000 -40.83930000   3.48790422
  1.93500000   1.93500000 -41.12020000   3.49978540
  1.96000000   1.96000000 -41.39840000   3.51162014
  1.98500000   1.98500000 -41.67380000   3.52339250
  2.01000000   2.01000000 -41.94650000   3.53511128
  2.03500000   2.03500000 -42.21660000   3.54678539
  2.06000000   2.06000000 -42.48410000   3.55841142
  2.08500000   2.08500000 -42.74900000   3.56998596
  2.11000000   2.11000000 -43.01140000   3.58151813
  2.13500000   2.13500000 -43.27130000   3.59300464
  2.16000000   2.16000000 -43.52880000   3.60445480
  2.18500000   2.18500000 -43.78380000   3.61585279
  2.21000000   2.21000000 -44.03650000   3.62722066
  2.23500000   2.23500000 -44.28680000   3.63854264
  2.26000000   2.26000000 -44.53480000   3.64982831
  2.28500000   2.28500000 -44.78060000   3.66108737
  2.31000000   2.31000000 -45.02410000   3.67230407
  2.33500000   2.33500000 -45.26540000   3.68348821
  2.36000000   2.36000000 -45.50450000   3.69463683
  2.38500000   2.38500000 -45.74150000   3.70575995
  2.41000000   2.41000000 -45.97630000   3.71684175
  2.43500000   2.43500000 -46.20900000   3.72789230
  2.46000000   2.46000000 -46.43970000   3.73892185
  2.48500000   2.48500000 -46.66830000   3.74991457
  2.51000000   2.51000000 -46.89480000   3.76086765
  2.53500000   2.53500000 -47.11940000   3.77180462
  2.56000000   2.56000000 -47.34190000   3.78269642
  2.58500000   2.58500000 -47.56250000   3.79356678
  2.61000000   2.61000000 -47.78120000   3.80441310
  2.63500000   2.63500000 -47.99790000   3.81521939
  2.66000000   2.66000000 -48.21270000   3.82599635
  2.68500000   2.68500000 -48.42560000   3.83674137
  2.71000000   2.71000000 -48.63670000   3.84746536
  2.73500000   2.73500000 -48.84580000   3.85813865
  2.76000000   2.76000000 -49.05310000   3.86878574
  2.78500000   2.78500000 -49.25860000   3.87940412
  2.81000000   2.81000000 -49.46230000   3.88999128
  2.83500000   2.83500000 -49.66410000   3.90053089
  2.86000000   2.86000000 -49.86420000   3.91104796
  2.88500000   2.88500000 -50.06240000   3.92151230
  2.91000000   2.91000000 -50.25880000   3.93193513
  2.93500000   2.93500000 -50.45350000   3.94232789
  2.96000000   2.96000000 -50.64640000   3.95267410
  2.98500000   2.98500000 -50.83760000   3.96298525
  3.01000000   3.01000000 -51.02690000   3.97323055
  3.03500000   3.03500000 -51.21450000   3.98343566
  3.06000000   3.06000000 -51.40040000   3.99359809
  3.08500000   3.08500000 -51.58450000   4.00370100
  3.11000000   3.11000000 -51.76680000   4.01374169
  3.13500000   3.13500000 -51.94730000   4.02371748
  3.16000000   3.16000000 -52.12610000   4.03364016
  3.18500000   3.18500000 -52.30310000   4.04349258
  3.21000000   3.21000000 -52.47830000   4.05327200
  3.23500000   3.23500000 -52.65170000   4.06297564
  3.26000000   3.26000000 -52.82330000   4.07260071
  3.28500000   3.28500000 -52.99310000   4.08214442
  3.31000000   3.31000000 -53.16100000   4.09158905
  3.33500000   3.33500000 -53.32710000   4.10094654
  3.36000000   3.36000000 -53.49120000   4.11018402
  3.38500000   3.38500000 -53.65340000   4.11931333
  3.41000000   3.41000000 -53.81360000   4.12831629
  3.43500000   3.43500000 -53.97190000   4.13720483
  3.46000000   3.46000000 -54.12800000   4.14593014
  3.48500000   3.48500000 -54.28210000   4.15451917
  3.51000000   3.51000000 -54.43400000   4.16293794
  3.53500000   3.53500000 -54.58370000   4.17118279
  3.56000000   3.56000000 -54.73100000   4.17921914
  3.58500000   3.58500000 -54.87590000   4.18704299
  3.61000000   3.61000000 -55.01830000   4.19463478
  3.63500000   3.63500000 -55.15810000   4.20197472
  3.66000000   3.66000000 -55.29500000   4.20901146
  3.68500000   3.68500000 -55.42890000   4.21572452
  3.71000000   3.71000000 -55.55960000   4.22207746
  3.73500000   3.73500000 -55.68680000   4.22801767
  3.76000000   3.76000000 -55.81010000   4.23347617
  3.78500000   3.78500000 -55.92920000   4.23839930
  3.81000000   3.81000000 -56.04340000   4.24266918
  3.83500000   3.83500000 -56.15210000   4.24618309
  3.86000000   3.86000000 -56.25400000   4.24872549
  3.88500000   3.88500000 -56.34780000   4.25007989
  3.91000000   3.91000000 -56.43100000   4.24983639
  3.93500000   3.93500000 -56.49930000   4.24729543
  3.96000000   3.96000000  80.59750000 -16.92340410
  3.98500000   3.98500000  79.59220000 -15.20949865
  4.01000000   4.01000000 -12.05850000   0.59491787
  4.03500000   4.03500000 -17.96390000   0.90012261
  4.06000000   4.06000000  -7.90740000   0.38441202
  4.08500000   4.08500000 -12.35450000   0.60435288
  4.11000000   4.11000000 -14.37860000   0.70518928
  4.13500000   4.13500000 -16.16660000   0.79502717
  4.16000000   4.16000000 -17.98440000   0.88757723
  4.18500000   4.18500000 -19.97810000   0.99101603
  4.21000000   4.21000000 -22.36820000   1.11848544
  4.23500000   4.23500000 -25.74350000   1.30671956
  4.26000000   4.26000000 -32.95900000   1.75190781
  4.28500000   4.28500000  15.48400000  -0.74631299
  4.31000000   4.31000000  -9.19470000   0.43481677
  4.33500000   4.33500000 -17.95390000   0.86790155
  4.36000000   4.36000000 -21.75580000   1.06584146
  4.38500000   4.38500000 -24.34910000   1.20520367
  4.41000000   4.41000000 -26.48080000   1.32291422
  4.43500000   4.43500000 -28.39730000   1.43165474
  4.46000000   4.46000000 -30.20640000   1.53729345
  4.48500000   4.48500000 -31.96610000   1.64329422
  4.51000000   4.51000000 -33.71460000   1.75227623
  4.53500000   4.53500000 -35.48430000   1.86683909
  4.56000000   4.56000000 -37.30910000   1.99011670
  4.58500000   4.58500000 -39.23300000   2.12660517
  4.61000000   4.61000000 -41.32150000   2.28354642
  4.63500000   4.63500000 -43.68360000   2.47395104
  4.66000000   4.66000000 -46.51930000   2.72413928
  4.68500000   4.68500000 -53.93560000   3.53783261
  4.71000000   4.71000000 -45.37770000   2.60372324
  4.73500000   4.73500000   3.05860000  -0.13694057
  4.76000000   4.76000000 -70.39260000   7.17539630
  4.78500000   4.78500000 -40.27020000   2.15977143
  4.81000000   4.81000000 -64.46210000   5.32196136
  4.83500000   4.83500000 -64.16940000   5.23920926
  4.86000000   4.86000000 -39.39790000   2.07772603
  4.88500000   4.88500000 -41.71220000   2.24902887
  4.91000000   4.91000000 -43.55500000   2.39289374
  4.93500000   4.93500000 -44.98280000   2.50885146
  4.96000000   4.96000000 -64.44970000   5.23795583
  4.98500000   4.98500000 -66.48140000   5.73930582
