#E_tot          E_tot-Eth     Phase(s) scatt. length
  0.01000000   0.01000000  -0.00930000   0.00905190
  0.03500000   0.03500000  -0.49590000   0.25800467
  0.06000000   0.06000000  -1.45640000   0.57883560
  0.08500000   0.08500000  -2.55300000   0.85287532
  0.11000000   0.11000000  -3.66500000   1.07702845
  0.13500000   0.13500000  -4.75160000   1.26161505
  0.16000000   0.16000000  -5.79920000   1.41596115
  0.18500000   0.18500000  -6.80460000   1.54711277
  0.21000000   0.21000000  -7.76860000   1.66020833
  0.23500000   0.23500000  -8.69330000   1.75896835
  0.26000000   0.26000000  -9.58130000   1.84615973
  0.28500000   0.28500000 -10.43540000   1.92390217
  0.31000000   0.31000000 -11.25830000   1.99383354
  0.33500000   0.33500000 -12.05220000   2.05718333
  0.36000000   0.36000000 -12.81940000   2.11497805
  0.38500000   0.38500000 -13.56180000   2.16801324
  0.41000000   0.41000000 -14.28120000   2.21695051
  0.43500000   0.43500000 -14.97920000   2.26233053
  0.46000000   0.46000000 -15.65720000   2.30459569
  0.48500000   0.48500000 -16.31640000   2.34410693
  0.51000000   0.51000000 -16.95800000   2.38118616
  0.53500000   0.53500000 -17.58310000   2.41610888
  0.56000000   0.56000000 -18.19270000   2.44911090
  0.58500000   0.58500000 -18.78750000   2.48036534
  0.61000000   0.61000000 -19.36840000   2.51005885
  0.63500000   0.63500000 -19.93610000   2.53833671
  0.66000000   0.66000000 -20.49120000   2.56532029
  0.68500000   0.68500000 -21.03440000   2.59113628
  0.71000000   0.71000000 -21.56620000   2.61587708
  0.73500000   0.73500000 -22.08720000   2.63964281
  0.76000000   0.76000000 -22.59770000   2.66248907
  0.78500000   0.78500000 -23.09830000   2.68450724
  0.81000000   0.81000000 -23.58940000   2.70575883
  0.83500000   0.83500000 -24.07120000   2.72627708
  0.86000000   0.86000000 -24.54410000   2.74611890
  0.88500000   0.88500000 -25.00850000   2.76533899
  0.91000000   0.91000000 -25.46460000   2.78396511
  0.93500000   0.93500000 -25.91260000   2.80202389
  0.96000000   0.96000000 -26.35260000   2.81952862
  0.98500000   0.98500000 -26.78480000   2.83650426
  1.01000000   1.01000000 -27.20910000   2.85293819
  1.03500000   1.03500000 -27.62480000   2.86874465
  1.06000000   1.06000000 -28.03050000   2.88375411
  1.08500000   1.08500000 -28.42320000   2.89760618
  1.11000000   1.11000000 -28.82870000   2.91341155
  1.13500000   1.13500000 -29.22910000   2.92899451
  1.16000000   1.16000000 -29.62460000   2.94437497
  1.18500000   1.18500000 -30.01450000   2.95946533
  1.21000000   1.21000000 -30.39880000   2.97426224
  1.23500000   1.23500000 -30.77780000   2.98879793
  1.26000000   1.26000000 -31.15170000   3.00309245
  1.28500000   1.28500000 -31.52080000   3.01717746
  1.31000000   1.31000000 -31.88530000   3.03107259
  1.33500000   1.33500000 -32.24530000   3.04478559
  1.36000000   1.36000000 -32.60080000   3.05831241
  1.38500000   1.38500000 -32.95200000   3.07167258
  1.41000000   1.41000000 -33.29880000   3.08485033
  1.43500000   1.43500000 -33.64150000   3.09787690
  1.46000000   1.46000000 -33.98000000   3.11073655
  1.48500000   1.48500000 -34.31450000   3.12344878
  1.51000000   1.51000000 -34.64510000   3.13602134
  1.53500000   1.53500000 -34.97190000   3.14846201
  1.56000000   1.56000000 -35.29500000   3.16077861
  1.58500000   1.58500000 -35.61450000   3.17297898
  1.61000000   1.61000000 -35.93040000   3.18505929
  1.63500000   1.63500000 -36.24290000   3.19703918
  1.66000000   1.66000000 -36.55200000   3.20891492
  1.68500000   1.68500000 -36.85780000   3.22069452
  1.71000000   1.71000000 -37.16040000   3.23238607
  1.73500000   1.73500000 -37.45980000   3.24398599
  1.76000000   1.76000000 -37.75610000   3.25550245
  1.78500000   1.78500000 -38.04930000   3.26693195
  1.81000000   1.81000000 -38.33950000   3.27828280
  1.83500000   1.83500000 -38.62670000   3.28955157
  1.86000000   1.86000000 -38.91100000   3.30074668
  1.88500000   1.88500000 -39.19250000   3.31187659
  1.91000000   1.91000000 -39.47120000   3.32293805
  1.93500000   1.93500000 -39.74710000   3.33392783
  1.96000000   1.96000000 -40.02030000   3.34485457
  1.98500000   1.98500000 -40.29080000   3.35571511
  2.01000000   2.01000000 -40.55870000   3.36651822
  2.03500000   2.03500000 -40.82410000   3.37727277
  2.06000000   2.06000000 -41.08690000   3.38796382
  2.08500000   2.08500000 -41.34720000   3.39860033
  2.11000000   2.11000000 -41.60500000   3.40917932
  2.13500000   2.13500000 -41.86050000   3.41972188
  2.16000000   2.16000000 -42.11360000   3.43021318
  2.18500000   2.18500000 -42.36430000   3.44065039
  2.21000000   2.21000000 -42.61270000   3.45104273
  2.23500000   2.23500000 -42.85890000   3.46139958
  2.26000000   2.26000000 -43.10280000   3.47170612
  2.28500000   2.28500000 -43.34450000   3.48197178
  2.31000000   2.31000000 -43.58400000   3.49219391
  2.33500000   2.33500000 -43.82140000   3.50238209
  2.36000000   2.36000000 -44.05670000   3.51253377
  2.38500000   2.38500000 -44.28990000   3.52264639
  2.41000000   2.41000000 -44.52100000   3.53271743
  2.43500000   2.43500000 -44.75000000   3.54274431
  2.46000000   2.46000000 -44.97700000   3.55273690
  2.48500000   2.48500000 -45.20200000   3.56269275
  2.51000000   2.51000000 -45.42510000   3.57262189
  2.53500000   2.53500000 -45.64620000   3.58250946
  2.56000000   2.56000000 -45.86530000   3.59235301
  2.58500000   2.58500000 -46.08260000   3.60217527
  2.61000000   2.61000000 -46.29790000   3.61194874
  2.63500000   2.63500000 -46.51130000   3.62168363
  2.66000000   2.66000000 -46.72290000   3.63139028
  2.68500000   2.68500000 -46.93260000   3.64105370
  2.71000000   2.71000000 -47.14050000   3.65068433
  2.73500000   2.73500000 -47.34650000   3.66026707
  2.76000000   2.76000000 -47.55070000   3.66981242
  2.78500000   2.78500000 -47.75320000   3.67933101
  2.81000000   2.81000000 -47.95380000   3.68879482
  2.83500000   2.83500000 -48.15270000   3.69822740
  2.86000000   2.86000000 -48.34970000   3.70760054
  2.88500000   2.88500000 -48.54510000   3.71695105
  2.91000000   2.91000000 -48.73860000   3.72623752
  2.93500000   2.93500000 -48.93050000   3.73549700
  2.96000000   2.96000000 -49.12050000   3.74468781
  2.98500000   2.98500000 -49.30890000   3.75384724
  3.01000000   3.01000000 -49.49550000   3.76294662
  3.03500000   3.03500000 -49.68030000   3.77198360
  3.06000000   3.06000000 -49.86350000   3.78098260
  3.08500000   3.08500000 -50.04490000   3.78991464
  3.11000000   3.11000000 -50.22450000   3.79877734
  3.13500000   3.13500000 -50.40240000   3.80758182
  3.16000000   3.16000000 -50.57860000   3.81632582
  3.18500000   3.18500000 -50.75300000   3.82499344
  3.21000000   3.21000000 -50.92570000   3.83359591
  3.23500000   3.23500000 -51.09660000   3.84211720
  3.26000000   3.26000000 -51.26570000   3.85055488
  3.28500000   3.28500000 -51.43290000   3.85889264
  3.31000000   3.31000000 -51.59840000   3.86715560
  3.33500000   3.33500000 -51.76200000   3.87531359
  3.36000000   3.36000000 -51.92370000   3.88336397
  3.38500000   3.38500000 -52.08360000   3.89131809
  3.41000000   3.41000000 -52.24140000   3.89913126
  3.43500000   3.43500000 -52.39730000   3.90682874
  3.46000000   3.46000000 -52.55120000   3.91439370
  3.48500000   3.48500000 -52.70300000   3.92180911
  3.51000000   3.51000000 -52.85260000   3.92905777
  3.53500000   3.53500000 -53.00000000   3.93613656
  3.56000000   3.56000000 -53.14510000   3.94302802
  3.58500000   3.58500000 -53.28780000   3.94971455
  3.61000000   3.61000000 -53.42810000   3.95619278
  3.63500000   3.63500000 -53.56560000   3.96240146
  3.66000000   3.66000000 -53.70040000   3.96835127
  3.68500000   3.68500000 -53.83220000   3.97399485
  3.71000000   3.71000000 -53.96080000   3.97929901
  3.73500000   3.73500000 -54.08590000   3.98421565
  3.76000000   3.76000000 -54.20720000   3.98869632
  3.78500000   3.78500000 -54.32420000   3.99266285
  3.81000000   3.81000000 -54.43640000   3.99603660
  3.83500000   3.83500000 -54.54300000   3.99869422
  3.86000000   3.86000000 -54.64300000   4.00048232
  3.88500000   3.88500000 -54.73490000   4.00117309
  3.91000000   3.91000000 -54.81610000   4.00037550
  3.93500000   3.93500000 -54.88240000   3.99746191
  3.96000000   3.96000000 -54.91280000   3.98932031
  3.98500000   3.98500000 -54.92180000   3.97811543
  4.01000000   4.01000000 -54.98110000   3.97443534
  4.03500000   4.03500000 -55.08750000   3.97780160
  4.06000000   4.06000000 -55.22420000   3.98576432
  4.08500000   4.08500000 -55.37960000   3.99664352
  4.11000000   4.11000000 -55.54700000   4.00947483
  4.13500000   4.13500000 -55.72190000   4.02361004
  4.16000000   4.16000000 -55.90180000   4.03869149
  4.18500000   4.18500000 -56.08480000   4.05444527
  4.21000000   4.21000000 -56.26980000   4.07071390
  4.23500000   4.23500000 -56.45600000   4.08738232
  4.26000000   4.26000000 -56.64270000   4.10434806
  4.28500000   4.28500000 -56.82970000   4.12158432
  4.31000000   4.31000000 -57.01640000   4.13900032
  4.33500000   4.33500000 -57.20280000   4.15659823
  4.36000000   4.36000000 -57.38870000   4.17434819
  4.38500000   4.38500000 -57.57390000   4.19221944
  4.41000000   4.41000000 -57.75840000   4.21021290
  4.43500000   4.43500000 -57.94210000   4.22831305
  4.46000000   4.46000000 -58.12490000   4.24650391
  4.48500000   4.48500000 -58.30680000   4.26478564
  4.51000000   4.51000000 -58.48770000   4.28314164
  4.53500000   4.53500000 -58.66770000   4.30158857
  4.56000000   4.56000000 -58.84680000   4.32012656
  4.58500000   4.58500000 -59.02490000   4.33873856
  4.61000000   4.61000000 -59.20200000   4.35742428
  4.63500000   4.63500000 -59.37810000   4.37618340
  4.66000000   4.66000000 -59.55320000   4.39501557
  4.68500000   4.68500000 -59.72740000   4.41393813
  4.71000000   4.71000000 -59.90060000   4.43293326
  4.73500000   4.73500000 -60.07280000   4.45200054
  4.76000000   4.76000000 -60.24410000   4.47115764
  4.78500000   4.78500000 -60.41450000   4.49040452
  4.81000000   4.81000000 -60.58390000   4.50972273
  4.83500000   4.83500000 -60.75240000   4.52913028
  4.86000000   4.86000000 -60.92000000   4.54862706
  4.88500000   4.88500000 -61.08670000   4.56821296
  4.91000000   4.91000000 -61.25250000   4.58788783
  4.93500000   4.93500000 -61.41740000   4.60765149
  4.96000000   4.96000000 -61.58140000   4.62750376
  4.98500000   4.98500000 -61.74460000   4.64746387
