 10  8  9  3 00  0  0  0  0
nn_pot
  8
  8 20
                                                            2.970588    
1.444589    0.658789    
                                                            2.970588    
1.444589    1.249267    
                                                            2.970588    
1.444589    2.240412    
                                                            2.970588    
1.444589    8.224265    
                                                            2.124714    
0.163408    2.240412    
                                                            2.124714    
0.163408    8.224265    
                                                            0.130575    
0.828138    8.224265    
                                                            10.931770   
0.700666    8.224265    
   12.956650    5.134670    2.947287    1.342339    0.821446    0.444741
    2.939000    1.690174    1.185236    0.843000    0.500110    0.257369
    0.138520    0.071429    0.038519    0.018573    0.009726    0.005619
    0.002765    0.001010
  1  1
          1.

  1  1
                      1.

  1  1
                                  1.

  1  1
                                              1.

  1  1
                                                          1.

  1  1
                                                                      1.

  1  1

          1.
  1  1

                      1.
  7
  7 20
                                                            0.595068    
1.861749    0.201353    
                                                            0.595068    
1.861749    2.228374    
                                                            0.595068    
1.861749    18.877274   
                                                            0.230977    
0.601684    0.267106    
                                                            0.230977    
0.601684    0.201353    
                                                            0.230977    
0.601684    2.228374    
                                                            0.230977    
0.601684    18.877274   
   12.956650    5.134670    2.947287    1.342339    0.821446    0.444741
    2.939000    1.690174    1.185236    0.843000    0.500110    0.257369
    0.138520    0.071429    0.038519    0.018573    0.009726    0.005619
    0.002765    0.001010
  1  1
          1.

  1  1
                      1.

  1  1
                                  1.

  1  1
                                              1.

  1  1
                                                          1.

  1  1
                                                                      1.

  1  1

          1.
  8
  8 20
                                                            3.190137    
0.567581    0.239792    
                                                            3.190137    
0.567581    1.578134    
                                                            3.190137    
0.567581    4.904786    
                                                            5.637028    
0.126656    0.239792    
                                                            5.637028    
0.126656    1.578134    
                                                            5.637028    
0.126656    4.904786    
                                                            1.779735    
2.772239    1.578134    
                                                            1.779735    
2.772239    4.904786    
   12.956650    5.134670    2.947287    1.342339    0.821446    0.444741
    2.939000    1.690174    1.185236    0.843000    0.500110    0.257369
    0.138520    0.071429    0.038519    0.018573    0.009726    0.005619
    0.002765    0.001010
  1  1
          1.

  1  1
                      1.

  1  1
                                  1.

  1  1
                                              1.

  1  1
                                                          1.

  1  1
                                                                      1.

  1  1

          1.
  1  1

                      1.
  8
  8 20
                                                            6.827379    
3.637371    0.239792    
                                                            6.827379    
3.637371    1.578134    
                                                            6.827379    
3.637371    4.904786    
                                                            0.078593    
0.679676    0.239792    
                                                            0.078593    
0.679676    1.578134    
                                                            0.078593    
0.679676    4.904786    
                                                            3.284375    
0.300341    1.725284    
                                                            3.284375    
0.300341    1.770708    
   12.956650    5.134670    2.947287    1.342339    0.821446    0.444741
    2.939000    1.690174    1.185236    0.843000    0.500110    0.257369
    0.138520    0.071429    0.038519    0.018573    0.009726    0.005619
    0.002765    0.001010
  1  1
          1.

  1  1
                      1.

  1  1
                                  1.

  1  1
                                              1.

  1  1
                                                          1.

  1  1
                                                                      1.

  1  1

          1.
  1  1

                      1.
  6
  6 20
                                                            3.284375    
0.300341    9.653843    
                                                            0.144337    
5.365674    1.535754    
                                                            0.144337    
5.365674    1.770708    
                                                            0.144337    
5.365674    9.653843    
                                                            9.801915    
0.437999    1.770708    
                                                            9.801915    
0.437999    9.653843    
   12.956650    5.134670    2.947287    1.342339    0.821446    0.444741
    2.939000    1.690174    1.185236    0.843000    0.500110    0.257369
    0.138520    0.071429    0.038519    0.018573    0.009726    0.005619
    0.002765    0.001010
  1  1
          1.
  1  1
                      1.
  1  1
                                  1.
  1  1
                                              1.
  1  1
                                                          1.
  1  1
                                                                      1.
  8
  8 20
                                                            7.699469    
0.228042    0.161265    
                                                            7.699469    
0.228042    4.270981    
                                                            7.699469    
0.228042    6.502858    
                                                            1.816598    
0.283843    0.161265    
                                                            1.816598    
0.283843    4.270981    
                                                            1.816598    
0.283843    6.502858    
                                                            0.346251    
0.261542    0.161265    
                                                            0.346251    
0.261542    4.270981    
   12.956650    5.134670    2.947287    1.342339    0.821446    0.444741
    2.939000    1.690174    1.185236    0.843000    0.500110    0.257369
    0.138520    0.071429    0.038519    0.018573    0.009726    0.005619
    0.002765    0.001010
  1  1
          1.

  1  1
                      1.

  1  1
                                  1.

  1  1
                                              1.

  1  1
                                                          1.

  1  1
                                                                      1.

  1  1

          1.
  1  1

                      1.
  8
  8 20
                                                            0.346251    
0.261542    6.502858    
                                                            2.604954    
0.673371    0.614171    
                                                            2.604954    
0.673371    0.161265    
                                                            2.604954    
0.673371    4.270981    
                                                            2.604954    
0.673371    6.502858    
                                                            8.868229    
0.032120    0.161265    
                                                            8.868229    
0.032120    4.270981    
                                                            8.868229    
0.032120    6.502858    
   12.956650    5.134670    2.947287    1.342339    0.821446    0.444741
    2.939000    1.690174    1.185236    0.843000    0.500110    0.257369
    0.138520    0.071429    0.038519    0.018573    0.009726    0.005619
    0.002765    0.001010
  1  1
          1.

  1  1
                      1.

  1  1
                                  1.

  1  1
                                              1.

  1  1
                                                          1.

  1  1
                                                                      1.

  1  1

          1.
  1  1

                      1.
  8
  8 20
                                                            0.423437    
1.537178    0.991248    
                                                            0.423437    
1.537178    7.273523    
                                                            5.588535    
9.227885    0.991248    
                                                            5.588535    
9.227885    6.010068    
                                                            5.588535    
9.227885    7.273523    
                                                            4.609191    
0.299064    0.629957    
                                                            4.609191    
0.299064    0.991248    
                                                            4.609191    
0.299064    6.010068    
   12.956650    5.134670    2.947287    1.342339    0.821446    0.444741
    2.939000    1.690174    1.185236    0.843000    0.500110    0.257369
    0.138520    0.071429    0.038519    0.018573    0.009726    0.005619
    0.002765    0.001010
  1  1
          1.

  1  1
                      1.

  1  1
                                  1.

  1  1
                                              1.

  1  1
                                                          1.

  1  1
                                                                      1.

  1  1

          1.
  1  1

                      1.
  1
  1 20
                                                            4.609191    
0.299064    7.273523    
   12.956650    5.134670    2.947287    1.342339    0.821446    0.444741
    2.939000    1.690174    1.185236    0.843000    0.500110    0.257369
    0.138520    0.071429    0.038519    0.018573    0.009726    0.005619
    0.002765    0.001010
  1  1
          1.
  8
  8 20
                                                            0.143718    
0.028565    0.022821    
                                                            0.143718    
0.028565    6.460486    
                                                            6.880578    
0.212084    0.941507    
                                                            6.880578    
0.212084    0.967284    
                                                            6.880578    
0.212084    0.022821    
                                                            6.880578    
0.212084    6.460486    
                                                            12.665626   
8.311227    6.460486    
                                                            8.437661    
1.359418    2.291500    
   12.956650    5.134670    2.947287    1.342339    0.821446    0.444741
    2.939000    1.690174    1.185236    0.843000    0.500110    0.257369
    0.138520    0.071429    0.038519    0.018573    0.009726    0.005619
    0.002765    0.001010
  1  1
          1.

  1  1
                      1.

  1  1
                                  1.

  1  1
                                              1.

  1  1
                                                          1.

  1  1
                                                                      1.

  1  1

          1.
  1  1

                      1.
  5
  5 20
                                                            0.124009    
6.890707    0.619217    
                                                            0.124009    
6.890707    2.291500    
                                                            2.182871    
0.520248    0.219879    
                                                            2.182871    
0.520248    0.619217    
                                                            2.182871    
0.520248    2.291500    
   12.956650    5.134670    2.947287    1.342339    0.821446    0.444741
    2.939000    1.690174    1.185236    0.843000    0.500110    0.257369
    0.138520    0.071429    0.038519    0.018573    0.009726    0.005619
    0.002765    0.001010
  1  1
          1.
  1  1
                      1.
  1  1
                                  1.
  1  1
                                              1.
  1  1
                                                          1.
eob-tni/tpn_1s0h_tpn_1s0h
elu-tni/000-0-0_000-0-0
eob-tni/tpn_1s0h_tpn_1s0h
elu-tni/000-0-0_000-0-0
eob-tni/tpn_1s0h_tpn_1s0h
elu-tni/000-0-0_000-0-0
eob-tni/tpn_6s0h_tpn_1s0h
elu-tni/000-0-0_000-0-0
eob-tni/tpn_6s0h_tpn_1s0h
elu-tni/000-0-0_000-0-0
eob-tni/tpn_6s0h_tpn_6s0h
elu-tni/000-0-0_000-0-0
eob-tni/tpn_6s0h_tpn_1s0h
elu-tni/000-0-0_000-0-0
eob-tni/tpn_6s0h_tpn_1s0h
elu-tni/000-0-0_000-0-0
eob-tni/tpn_6s0h_tpn_6s0h
elu-tni/000-0-0_000-0-0
eob-tni/tpn_6s0h_tpn_6s0h
elu-tni/000-0-0_000-0-0
eob-tni/tpn_6s0h_tpn_1s0h
elu-tni/000-0-0_000-0-0
eob-tni/tpn_6s0h_tpn_1s0h
elu-tni/000-0-0_000-0-0
eob-tni/tpn_6s0h_tpn_6s0h
elu-tni/000-0-0_000-0-0
eob-tni/tpn_6s0h_tpn_6s0h
elu-tni/000-0-0_000-0-0
eob-tni/tpn_6s0h_tpn_6s0h
elu-tni/000-0-0_000-0-0
eob-tni/henn_1s0h_tpn_1s0h
elu-tni/000-0-0_000-0-0
eob-tni/henn_1s0h_tpn_1s0h
elu-tni/000-0-0_000-0-0
eob-tni/henn_1s0h_tpn_6s0h
elu-tni/000-0-0_000-0-0
eob-tni/henn_1s0h_tpn_6s0h
elu-tni/000-0-0_000-0-0
eob-tni/henn_1s0h_tpn_6s0h
elu-tni/000-0-0_000-0-0
eob-tni/henn_1s0h_henn_1s0h
elu-tni/000-0-0_000-0-0
eob-tni/henn_1s0h_tpn_1s0h
elu-tni/000-0-0_000-0-0
eob-tni/henn_1s0h_tpn_1s0h
elu-tni/000-0-0_000-0-0
eob-tni/henn_1s0h_tpn_6s0h
elu-tni/000-0-0_000-0-0
eob-tni/henn_1s0h_tpn_6s0h
elu-tni/000-0-0_000-0-0
eob-tni/henn_1s0h_tpn_6s0h
elu-tni/000-0-0_000-0-0
eob-tni/henn_1s0h_henn_1s0h
elu-tni/000-0-0_000-0-0
eob-tni/henn_1s0h_henn_1s0h
elu-tni/000-0-0_000-0-0
eob-tni/henn_1s0h_tpn_1s0h
elu-tni/000-0-0_000-0-0
eob-tni/henn_1s0h_tpn_1s0h
elu-tni/000-0-0_000-0-0
eob-tni/henn_1s0h_tpn_6s0h
elu-tni/000-0-0_000-0-0
eob-tni/henn_1s0h_tpn_6s0h
elu-tni/000-0-0_000-0-0
eob-tni/henn_1s0h_tpn_6s0h
elu-tni/000-0-0_000-0-0
eob-tni/henn_1s0h_henn_1s0h
elu-tni/000-0-0_000-0-0
eob-tni/henn_1s0h_henn_1s0h
elu-tni/000-0-0_000-0-0
eob-tni/henn_1s0h_henn_1s0h
elu-tni/000-0-0_000-0-0
eob-tni/henn_1s0h_tpn_1s0h
elu-tni/000-0-0_000-0-0
eob-tni/henn_1s0h_tpn_1s0h
elu-tni/000-0-0_000-0-0
eob-tni/henn_1s0h_tpn_6s0h
elu-tni/000-0-0_000-0-0
eob-tni/henn_1s0h_tpn_6s0h
elu-tni/000-0-0_000-0-0
eob-tni/henn_1s0h_tpn_6s0h
elu-tni/000-0-0_000-0-0
eob-tni/henn_1s0h_henn_1s0h
elu-tni/000-0-0_000-0-0
eob-tni/henn_1s0h_henn_1s0h
elu-tni/000-0-0_000-0-0
eob-tni/henn_1s0h_henn_1s0h
elu-tni/000-0-0_000-0-0
eob-tni/henn_1s0h_henn_1s0h
elu-tni/000-0-0_000-0-0
eob-tni/henn_6s0h_tpn_1s0h
elu-tni/000-0-0_000-0-0
eob-tni/henn_6s0h_tpn_1s0h
elu-tni/000-0-0_000-0-0
eob-tni/henn_6s0h_tpn_6s0h
elu-tni/000-0-0_000-0-0
eob-tni/henn_6s0h_tpn_6s0h
elu-tni/000-0-0_000-0-0
eob-tni/henn_6s0h_tpn_6s0h
elu-tni/000-0-0_000-0-0
eob-tni/henn_6s0h_henn_1s0h
elu-tni/000-0-0_000-0-0
eob-tni/henn_6s0h_henn_1s0h
elu-tni/000-0-0_000-0-0
eob-tni/henn_6s0h_henn_1s0h
elu-tni/000-0-0_000-0-0
eob-tni/henn_6s0h_henn_1s0h
elu-tni/000-0-0_000-0-0
eob-tni/henn_6s0h_henn_6s0h
elu-tni/000-0-0_000-0-0
eob-tni/henn_6s0h_tpn_1s0h
elu-tni/000-0-0_000-0-0
eob-tni/henn_6s0h_tpn_1s0h
elu-tni/000-0-0_000-0-0
eob-tni/henn_6s0h_tpn_6s0h
elu-tni/000-0-0_000-0-0
eob-tni/henn_6s0h_tpn_6s0h
elu-tni/000-0-0_000-0-0
eob-tni/henn_6s0h_tpn_6s0h
elu-tni/000-0-0_000-0-0
eob-tni/henn_6s0h_henn_1s0h
elu-tni/000-0-0_000-0-0
eob-tni/henn_6s0h_henn_1s0h
elu-tni/000-0-0_000-0-0
eob-tni/henn_6s0h_henn_1s0h
elu-tni/000-0-0_000-0-0
eob-tni/henn_6s0h_henn_1s0h
elu-tni/000-0-0_000-0-0
eob-tni/henn_6s0h_henn_6s0h
elu-tni/000-0-0_000-0-0
eob-tni/henn_6s0h_henn_6s0h
elu-tni/000-0-0_000-0-0
