 10  8  9  3 00  0  0  0  0
nnn_pot
  8                                                            Z1  BVs 1 - 8
  8 10
                                                67.217018   2.463901    
                                                153.743210  8.218942    
                                                11.867785   15.627189   
                                                3.527976    1.241671    
                                                2.399299    1.951544    
                                                18.746403   0.275250    
                                                0.082264    1.351285    
                                                1.554398    4.632504    
   16.368095    3.576317    3.295457    1.184321    0.150190    1.026338
    6.991999    0.020285    0.010224    0.004875
  1  1
          1.

  1  1
                      1.

  1  1
                                  1.

  1  1
                                              1.

  1  1
                                                          1.

  1  1
                                                                      1.

  1  1

          1.
  1  1

                      1.
  4                                                            Z2  BVs 9 - 12
  4 10
                                                0.793311    3.259063    
                                                28.026543   0.103416    
                                                8.093833    0.074144    
                                                0.086583    0.602657    
   15.669797    3.557122    3.268911    3.128973    0.456566    0.174191
    0.035776    0.644721    0.010705    0.002459
  1  1
          1.
  1  1
                      1.
  1  1
                                  1.
  1  1
                                              1.
  8                                                            Z3  BVs 13 - 20
  8 10
                                                7.666183    0.089585    
                                                16.956984   1.645232    
                                                29.096657   13.607791   
                                                0.821843    0.363784    
                                                18.547333   0.746022    
                                                18.057673   1.968296    
                                                5.102061    1.854542    
                                                5.077259    1.750924    
   18.465460    4.122710    1.407117    0.748225    0.270827    0.258321
    0.092808    0.029585    0.000047    2.327147
  1  1
          1.

  1  1
                      1.

  1  1
                                  1.

  1  1
                                              1.

  1  1
                                                          1.

  1  1
                                                                      1.

  1  1

          1.
  1  1

                      1.
  4                                                            Z4  BVs 21 - 24
  4 10
                                                0.022691    0.317464    
                                                8.047267    8.799525    
                                                107.213509  1.066346    
                                                42.792446   0.068757    
    1.743088    2.061355    1.578933    0.615459    0.440502    0.144412
    0.096890    0.029314    0.007676    0.003838
  1  1
          1.
  1  1
                      1.
  1  1
                                  1.
  1  1
                                              1.
eob-tni/np1s_np1s_12-34_np1s_np1s_12-34
elu-tni/000-0_000-0
eob-tni/np1s_np1s_12-34_np1s_np1s_12-34
elu-tni/000-0_000-0
eob-tni/np1s_np1s_12-34_np1s_np1s_12-34
elu-tni/000-0_000-0
eob-tni/tp_123-4_np1s_np1s_12-34
elu-tni/000-0_000-0
eob-tni/tp_123-4_np1s_np1s_12-34
elu-tni/000-0_000-0
eob-tni/tp_123-4_tp_123-4
elu-tni/000-0_000-0
eob-tni/tp_123-4_np1s_np1s_12-34
elu-tni/000-0_000-0
eob-tni/tp_123-4_np1s_np1s_12-34
elu-tni/000-0_000-0
eob-tni/tp_123-4_tp_123-4
elu-tni/000-0_000-0
eob-tni/tp_123-4_tp_123-4
elu-tni/000-0_000-0
