 10  8  9  3 00  0  0  0  0
nnn_pot
  6                                                            Z1  BVs 1 - 6
  6  8
                                                0.088116    5.408115    
                                                19.682947   6.026024    
                                                5.828080    11.455392   
                                                13.886420   0.779292    
                                                0.720715    0.030963    
                                                1.792525    0.092023    
    2.322956    3.285284    0.922535    1.179968    0.299048    1.345557
    0.862300    2.446214
  1  1
          1.
  1  1
                      1.
  1  1
                                  1.
  1  1
                                              1.
  1  1
                                                          1.
  1  1
                                                                      1.
  6                                                            Z2  BVs 7 - 12
  6  8
                                                2.446317    0.290570    
                                                0.199592    1.462041    
                                                8.541128    0.527497    
                                                2.121705    4.032752    
                                                7.849492    0.108629    
                                                0.233176    6.632819    
    5.522117    5.772239    0.124729    0.788036    0.436922    0.099337
    7.470468    2.323507
  1  1
          1.
  1  1
                      1.
  1  1
                                  1.
  1  1
                                              1.
  1  1
                                                          1.
  1  1
                                                                      1.
  6                                                            Z3  BVs 13 - 18
  6  8
                                                10.256005   0.637639    
                                                0.276627    0.850540    
                                                2.882648    0.305466    
                                                4.827941    5.317963    
                                                17.397142   1.527408    
                                                5.122105    0.124055    
    4.100239    2.183194    0.790633    0.483618    0.353736    0.197657
    0.174533    3.099320
  1  1
          1.
  1  1
                      1.
  1  1
                                  1.
  1  1
                                              1.
  1  1
                                                          1.
  1  1
                                                                      1.
  6                                                            Z4  BVs 19 - 24
  6  8
                                                7.798483    0.282328    
                                                3.898457    0.095671    
                                                6.026172    8.554320    
                                                1.694288    14.888326   
                                                4.356486    10.778608   
                                                10.159494   12.018058   
    3.659118    1.739783    0.829346    0.687560    0.406855    0.248298
    0.207770    4.454622
  1  1
          1.
  1  1
                      1.
  1  1
                                  1.
  1  1
                                              1.
  1  1
                                                          1.
  1  1
                                                                      1.
  6                                                            Z5  BVs 25 - 30
  6  8
                                                8.198150    8.104669    
                                                0.558903    8.556396    
                                                13.957209   7.154921    
                                                0.271651    9.775197    
                                                10.093068   1.027962    
                                                0.153058    4.943115    
    9.322552    8.873572    1.788697    0.609384    0.847947    0.371029
    0.242165    0.048430
  1  1
          1.
  1  1
                      1.
  1  1
                                  1.
  1  1
                                              1.
  1  1
                                                          1.
  1  1
                                                                      1.
  6                                                            Z6  BVs 31 - 36
  6  8
                                                0.346134    9.233606    
                                                1.610406    2.901684    
                                                0.121112    0.330119    
                                                3.053033    1.195391    
                                                6.935400    1.297912    
                                                14.518342   1.925063    
    5.343771    5.522375    1.288636    0.813875    0.765059    0.161097
    0.351532    5.227775
  1  1
          1.
  1  1
                      1.
  1  1
                                  1.
  1  1
                                              1.
  1  1
                                                          1.
  1  1
                                                                      1.
  6                                                            Z7  BVs 37 - 42
  6  8
                                                0.067379    3.302530    
                                                17.593098   0.778372    
                                                6.147702    0.649175    
                                                1.150268    10.983989   
                                                6.392392    0.175091    
                                                1.637894    2.515137    
    2.337956    0.196893    1.048127    0.550397    0.544185    0.899270
    0.173438    5.483710
  1  1
          1.
  1  1
                      1.
  1  1
                                  1.
  1  1
                                              1.
  1  1
                                                          1.
  1  1
                                                                      1.
  6                                                            Z8  BVs 43 - 48
  6  8
                                                0.696705    10.666059   
                                                10.622085   6.274045    
                                                1.676931    1.718716    
                                                0.237555    6.520223    
                                                8.937702    3.635757    
                                                6.000456    0.822894    
    5.076823    1.194140    9.927839    0.635958    0.397037    0.170708
    1.082797    0.077834
  1  1
          1.
  1  1
                      1.
  1  1
                                  1.
  1  1
                                              1.
  1  1
                                                          1.
  1  1
                                                                      1.
eob-tni/tp_1s0_tp_1s0
elu-tni/000-0_000-0
eob-tni/tp_1s0_tp_1s0
elu-tni/000-0_000-0
eob-tni/tp_1s0_tp_1s0
elu-tni/000-0_000-0
eob-tni/tp_6s0_tp_1s0
elu-tni/000-0_000-0
eob-tni/tp_6s0_tp_1s0
elu-tni/000-0_000-0
eob-tni/tp_6s0_tp_6s0
elu-tni/000-0_000-0
eob-tni/tp_6s0_tp_1s0
elu-tni/000-0_000-0
eob-tni/tp_6s0_tp_1s0
elu-tni/000-0_000-0
eob-tni/tp_6s0_tp_6s0
elu-tni/000-0_000-0
eob-tni/tp_6s0_tp_6s0
elu-tni/000-0_000-0
eob-tni/hen_1s0_tp_1s0
elu-tni/000-0_000-0
eob-tni/hen_1s0_tp_1s0
elu-tni/000-0_000-0
eob-tni/hen_1s0_tp_6s0
elu-tni/000-0_000-0
eob-tni/hen_1s0_tp_6s0
elu-tni/000-0_000-0
eob-tni/hen_1s0_hen_1s0
elu-tni/000-0_000-0
eob-tni/hen_1s0_tp_1s0
elu-tni/000-0_000-0
eob-tni/hen_1s0_tp_1s0
elu-tni/000-0_000-0
eob-tni/hen_1s0_tp_6s0
elu-tni/000-0_000-0
eob-tni/hen_1s0_tp_6s0
elu-tni/000-0_000-0
eob-tni/hen_1s0_hen_1s0
elu-tni/000-0_000-0
eob-tni/hen_1s0_hen_1s0
elu-tni/000-0_000-0
eob-tni/hen_6s0_tp_1s0
elu-tni/000-0_000-0
eob-tni/hen_6s0_tp_1s0
elu-tni/000-0_000-0
eob-tni/hen_6s0_tp_6s0
elu-tni/000-0_000-0
eob-tni/hen_6s0_tp_6s0
elu-tni/000-0_000-0
eob-tni/hen_6s0_hen_1s0
elu-tni/000-0_000-0
eob-tni/hen_6s0_hen_1s0
elu-tni/000-0_000-0
eob-tni/hen_6s0_hen_6s0
elu-tni/000-0_000-0
eob-tni/hen_6s0_tp_1s0
elu-tni/000-0_000-0
eob-tni/hen_6s0_tp_1s0
elu-tni/000-0_000-0
eob-tni/hen_6s0_tp_6s0
elu-tni/000-0_000-0
eob-tni/hen_6s0_tp_6s0
elu-tni/000-0_000-0
eob-tni/hen_6s0_hen_1s0
elu-tni/000-0_000-0
eob-tni/hen_6s0_hen_1s0
elu-tni/000-0_000-0
eob-tni/hen_6s0_hen_6s0
elu-tni/000-0_000-0
eob-tni/hen_6s0_hen_6s0
elu-tni/000-0_000-0
