#E_tot          E_tot-Eth     Phase(s) scatt. length
  0.00904000   1.03500000  -2.51730000   2.57861775
  0.03404000   1.06000000  -4.88360000   2.58258992
  0.05904000   1.08500000  -6.42930000   2.58627891
  0.08404000   1.11000000  -7.66770000   2.58989583
  0.10904000   1.13500000  -8.73070000   2.59353721
  0.13404000   1.16000000  -9.67620000   2.59717254
  0.15904000   1.18500000 -10.53590000   2.60081335
  0.18404000   1.21000000 -11.32920000   2.60442575
  0.20904000   1.23500000 -12.06930000   2.60804468
  0.23404000   1.26000000 -12.76550000   2.61167988
  0.25904000   1.28500000 -13.42450000   2.61530257
  0.28404000   1.31000000 -14.05160000   2.61893057
  0.30904000   1.33500000 -14.65090000   2.62256513
  0.33404000   1.36000000 -15.22560000   2.62619157
  0.35904000   1.38500000 -15.77850000   2.62983263
  0.38404000   1.41000000 -16.31170000   2.63346719
  0.40904000   1.43500000 -16.82710000   2.63710219
  0.43404000   1.46000000 -17.32640000   2.64075688
  0.45904000   1.48500000 -17.81070000   2.64438925
  0.48404000   1.51000000 -18.28140000   2.64803576
  0.50904000   1.53500000 -18.73940000   2.65167656
  0.53404000   1.56000000 -19.18570000   2.65532683
  0.55904000   1.58500000 -19.62110000   2.65898657
  0.58404000   1.61000000 -20.04610000   2.66262524
  0.60904000   1.63500000 -20.46160000   2.66628169
  0.63404000   1.66000000 -20.86800000   2.66993142
  0.65904000   1.68500000 -21.26590000   2.67358659
  0.68404000   1.71000000 -21.65570000   2.67723805
  0.70904000   1.73500000 -22.03790000   2.68089621
  0.73404000   1.76000000 -22.41280000   2.68454929
  0.75904000   1.78500000 -22.78080000   2.68820349
  0.78404000   1.81000000 -23.14220000   2.69185549
  0.80904000   1.83500000 -23.49730000   2.69550539
  0.83404000   1.86000000 -23.84640000   2.69915618
  0.85904000   1.88500000 -24.18980000   2.70281336
  0.88404000   1.91000000 -24.52760000   2.70645949
  0.90904000   1.93500000 -24.86010000   2.71010462
  0.93404000   1.96000000 -25.18750000   2.71374799
  0.95904000   1.98500000 -25.51000000   2.71739053
  0.98404000   2.01000000 -25.82770000   2.72102252
  1.00904000   2.03500000 -26.14090000   2.72465993
  1.03404000   2.06000000 -26.44970000   2.72829564
  1.05904000   2.08500000 -26.75420000   2.73192382
  1.08404000   2.11000000 -27.05460000   2.73555162
  1.10904000   2.13500000 -27.35100000   2.73917521
  1.13404000   2.16000000 -27.64350000   2.74279171
  1.15904000   2.18500000 -27.93230000   2.74641068
  1.18404000   2.21000000 -28.21740000   2.75001913
  1.20904000   2.23500000 -28.49890000   2.75361648
  1.23404000   2.26000000 -28.77700000   2.75721418
  1.25904000   2.28500000 -29.05180000   2.76081266
  1.28404000   2.31000000 -29.32330000   2.76440156
  1.30904000   2.33500000 -29.59160000   2.76798248
  1.33404000   2.36000000 -29.85670000   2.77154619
  1.35904000   2.38500000 -30.11890000   2.77511754
  1.38404000   2.41000000 -30.37810000   2.77867690
  1.40904000   2.43500000 -30.63430000   2.78221638
  1.43404000   2.46000000 -30.88780000   2.78576165
  1.45904000   2.48500000 -31.13850000   2.78929434
  1.48404000   2.51000000 -31.38650000   2.79281855
  1.50904000   2.53500000 -31.63180000   2.79632770
  1.53404000   2.56000000 -31.87450000   2.79982642
  1.55904000   2.58500000 -32.11470000   2.80331954
  1.58404000   2.61000000 -32.35230000   2.80679040
  1.60904000   2.63500000 -32.58750000   2.81025515
  1.63404000   2.66000000 -32.82030000   2.81370842
  1.65904000   2.68500000 -33.05070000   2.81714508
  1.68404000   2.71000000 -33.27880000   2.82057097
  1.70904000   2.73500000 -33.50460000   2.82398134
  1.73404000   2.76000000 -33.72810000   2.82737163
  1.75904000   2.78500000 -33.94930000   2.83073749
  1.78404000   2.81000000 -34.16840000   2.83409602
  1.80904000   2.83500000 -34.38530000   2.83743246
  1.83404000   2.86000000 -34.60010000   2.84075350
  1.85904000   2.88500000 -34.81270000   2.84404471
  1.88404000   2.91000000 -35.02330000   2.84732363
  1.90904000   2.93500000 -35.23180000   2.85057608
  1.93404000   2.96000000 -35.43820000   2.85379865
  1.95904000   2.98500000 -35.64270000   2.85700908
  1.98404000   3.01000000 -35.84510000   2.86018306
  2.00904000   3.03500000 -36.04550000   2.86332801
  2.03404000   3.06000000 -36.24390000   2.86644088
  2.05904000   3.08500000 -36.44040000   2.86952922
  2.08404000   3.11000000 -36.63500000   2.87259015
  2.10904000   3.13500000 -36.82760000   2.87561041
  2.13404000   3.16000000 -37.01830000   2.87859775
  2.15904000   3.18500000 -37.20700000   2.88153910
  2.18404000   3.21000000 -37.39390000   2.88445279
  2.20904000   3.23500000 -37.57880000   2.88731543
  2.23404000   3.26000000 -37.76190000   2.89014545
  2.25904000   3.28500000 -37.94300000   2.89291963
  2.28404000   3.31000000 -38.12220000   2.89564608
  2.30904000   3.33500000 -38.29960000   2.89833295
  2.33404000   3.36000000 -38.47500000   2.90095721
  2.35904000   3.38500000 -38.64850000   2.90352711
  2.38404000   3.41000000 -38.82010000   2.90604054
  2.40904000   3.43500000 -38.98980000   2.90849545
  2.43404000   3.46000000 -39.15750000   2.91087942
  2.45904000   3.48500000 -39.32330000   2.91320087
  2.48404000   3.51000000 -39.48710000   2.91544748
  2.50904000   3.53500000 -39.64880000   2.91760700
  2.53404000   3.56000000 -39.80860000   2.91969830
  2.55904000   3.58500000 -39.96630000   2.92169885
  2.58404000   3.61000000 -40.12190000   2.92360685
  2.60904000   3.63500000 -40.27540000   2.92542056
  2.63404000   3.66000000 -40.42680000   2.92713827
  2.65904000   3.68500000 -40.57590000   2.92873760
  2.68404000   3.71000000 -40.72280000   2.93022726
  2.70904000   3.73500000 -40.86740000   2.93159529
  2.73404000   3.76000000 -41.00950000   2.93281943
  2.75904000   3.78500000 -41.14920000   2.93390850
  2.78404000   3.81000000 -41.28640000   2.93485065
  2.80904000   3.83500000 -41.42090000   2.93562377
  2.83404000   3.86000000 -41.55270000   2.93622643
  2.85904000   3.88500000 -41.68150000   2.93662630
  2.88404000   3.91000000 -41.80730000   2.93682209
  2.90904000   3.93500000 -41.93000000   2.93680222
  2.93404000   3.96000000 -42.04920000   2.93652428
  2.95904000   3.98500000 -42.16470000   2.93596660
  2.98404000   4.01000000 -42.27630000   2.93510762
  3.00904000   4.03500000 -42.38370000   2.93391565
  3.03404000   4.06000000 -42.48630000   2.93232835
  3.05904000   4.08500000 -42.58380000   2.93031451
  3.08404000   4.11000000 -42.67530000   2.92778169
  3.10904000   4.13500000 -42.76020000   2.92466882
  3.13404000   4.16000000 -42.83710000   2.92083360
  3.15904000   4.18500000 -42.90430000   2.91610445
  3.18404000   4.21000000 -42.95930000   2.91023021
  3.20904000   4.23500000 -42.99410000   2.90240433
  3.23404000   4.26000000 -42.99920000   2.89168039
  3.25904000   4.28500000 -43.01020000   2.88167700
  3.28404000   4.31000000 -43.03260000   2.87293841
  3.30904000   4.33500000 -43.03840000   2.86264610
  3.33404000   4.36000000 -43.01380000   2.84943956
  3.35904000   4.38500000 -43.04800000   2.84221518
  3.38404000   4.41000000 -43.14580000   2.84140211
  3.40904000   4.43500000 -43.28610000   2.84488974
  3.43404000   4.46000000 -43.45370000   2.85117390
  3.45904000   4.48500000 -43.63910000   2.85932046
  3.48404000   4.51000000 -43.83630000   2.86874184
  3.50904000   4.53500000 -44.04140000   2.87905710
  3.53404000   4.56000000 -44.25180000   2.89001262
  3.55904000   4.58500000 -44.46580000   2.90144297
  3.58404000   4.61000000 -44.68220000   2.91323143
  3.60904000   4.63500000 -44.90000000   2.92528005
  3.63404000   4.66000000 -45.11850000   2.93752017
  3.65904000   4.68500000 -45.33730000   2.94991290
  3.68404000   4.71000000 -45.55600000   2.96241876
  3.70904000   4.73500000 -45.77430000   2.97500794
  3.73404000   4.76000000 -45.99200000   2.98766058
  3.75904000   4.78500000 -46.20900000   3.00036690
  3.78404000   4.81000000 -46.42510000   3.01310643
  3.80904000   4.83500000 -46.64010000   3.02585830
  3.83404000   4.86000000 -46.85420000   3.03864374
  3.85904000   4.88500000 -47.06710000   3.05143100
  3.88404000   4.91000000 -47.27880000   3.06421988
  3.90904000   4.93500000 -47.48930000   3.07701015
  3.93404000   4.96000000 -47.69860000   3.08980159
  3.95904000   4.98500000 -47.90660000   3.10258305
