 11  2 12 31  1  1 +2  0  0 -1
  1  1  1  1  0  0  0  0  0  0  0  0  0  0  1  1
   0.0000000   1.0000000   1.0000000   1.0000000   1.0000000   1.0000000   1.0000000
   1.0000000   1.0000000   1.0000000   1.0000000   1.0000000   1.0000000   1.0000000
   1.0000000   1.0000000   1.0000000   1.0000000   1.0000000   1.0000000   1.0000000
   1.0000000   1.0000000   1.0000000   1.0000000   1.0000000   1.0000000   1.0000000
   1.0000000   1.0000000
   0  99   0   0   0   1
 126
0.203034003         
1.069140159         
0.736842776         
0.330400496         
0.107216537         
0.007706307         
1.407474445         
1.940040074         
0.869914483         
0.282291399         
0.020290006         
0.668529987         
0.599538047         
0.194552956         
0.013983708         
0.134416510         
0.087237597         
0.006270298         
0.014154508         
0.002034742         
0.000073125         
0.953540719         
0.859923907         
0.441707026         
0.224383190         
0.069638089         
0.001794764         
0.767966224         
0.692568762         
0.355743672         
0.180714581         
0.056085387         
0.001445474         
0.351241686         
0.316757446         
0.162705082         
0.082652716         
0.025651552         
0.000661111         
0.124785749         
0.112534522         
0.057804288         
0.029364058         
0.009113235         
0.000234873         
0.073304143         
0.066107282         
0.033956552         
0.017249623         
0.005353479         
0.000137974         
0.003717167         
0.003352223         
0.001721897         
0.000874708         
0.000271469         
0.000006996         
0.098584450         
0.682951981         
0.497832932         
0.311427902         
0.137467413         
0.027823033         
1.182801665         
1.724389527         
1.078721350         
0.476158468         
0.096373188         
0.628490669         
0.786326166         
0.347092289         
0.070250542         
0.245949889         
0.217129516         
0.043946428         
0.047921578         
0.019398396         
0.001963091         
0.007505971         
0.054014880         
-1.101942000        
0.554859900         
-1.588234000        
0.133120100         
0.255382200         
0.339395100         
-0.011539650        
1.168881000         
-0.000068225        
-1.139254000        
0.040130310         
-0.078157620        
-0.439663200        
-0.156292000        
-0.111677100        
-0.298189200        
-0.214480200        
-0.149307100        
0.130082000         
-0.146394900        
0.013854580         
-0.116376000        
0.301122700         
1.278798000         
-1.042857000        
-1.191476000        
-1.882035000        
0.818769100         
0.094441030         
0.297023200         
-0.013934030        
0.164495500         
-0.000077720        
0.004466400         
-0.618195900        
-0.186242100        
-7.975436000        
-35.943720000       
7.695426000         
35.797820000        
-0.220391700        
-0.092341670        
0.269000000         
0.002526009         
0.001093815         
-0.015410130        
  1  1  0
  24 103 104 105 106 107 108 109 110 111 112 113 114 115 116 117 118 119 120 121
 122 123 124 125 126
 103 104 105 106 107 108 109 110 111 112 113 114 115 116 117 118 119 120 121 122
 123 124 125 126
  1  1  1  1  1  1  1  1  1  1  1  1  1  1  1  1  1  1  1  1
  1  1  0
  24  79  80  81  82  83  84  85  86  87  88  89  90  91  92  93  94  95  96  97
  98  99 100 101 102
  79  80  81  82  83  84  85  86  87  88  89  90  91  92  93  94  95  96  97  98
  99 100 101 102
  1  1  1  1  1  1  1  1  1  1  1  1  1  1  1  1  1  1  1  1
  0  0  0
  21  58  59  60  61  62  63  64  65  66  67  68  69  70  71  72  73  74  75  76
  77  78
  58  59  60  61  62  63  64  65  66  67  68  69  70  71  72  73  74  75  76  77
  78
  1  1  1  1  1  1  1  1  1  1  1  1  1  1  1  1  1  1  1  1
  0  0  0
  36  22  23  24  25  26  27  28  29  30  31  32  33  34  35  36  37  38  39  40
  41  42  43  44  45  46  47  48  49  50  51  52  53  54  55  56  57
  22  23  24  25  26  27  28  29  30  31  32  33  34  35  36  37  38  39  40  41
  42  43  44  45  46  47  48  49  50  51  52  53  54  55  56  57
  1  1  1  1  1  1  1  1  1  1  1  1  1  1  1  1  1  1  1  1
  2  2  0
  21   1   2   3   4   5   6   7   8   9  10  11  12  13  14  15  16  17  18  19
  20  21
   1   2   3   4   5   6   7   8   9  10  11  12  13  14  15  16  17  18  19  20
  21
  1  1  1  1  1  1  1  1  1  1  1  1  1  1  1  1  1  1  1  1
  2  2  0 -1
   1   1
94  
  1  1  1  1  1  1  1  0
  2  2  0
   1   2
86  
  1  1  1  1  1  1  1  0
  2  2  0
   1   3
86  
  1  1  1  1  1  1  1  0
  2  2  0
   1   4
100 
  1  1  1  1  1  1  1  0
  2  2  0
   1   5
7   
  1  1  1  1  1  1  1  0
  2  2  0
   1   6
40  
  1  1  1  1  1  1  1  0
  2  2  0
   1   7
9   
  1  1  1  1  1  1  1  0
  2  2  0
   1   8
41  
  1  1  1  1  1  1  1  0
  2  2  0
   1   9
65  
  1  1  1  1  1  1  1  0
  2  2  0
   1  10
99  
  1  1  1  1  1  1  1  0
  2  2  0
   1  11
61  
  1  1  1  1  1  1  1  0
  2  2  0
   1  12
105 
  1  1  1  1  1  1  1  0
  2  2  0
   1  13
106 
  1  1  1  1  1  1  1  0
  2  2  0
   1  14
99  
  1  1  1  1  1  1  1  0
  2  2  0
   1  15
59  
  1  1  1  1  1  1  1  0
  2  2  0
   1  16
84  
  1  1  1  1  1  1  1  0
  0  0  0
   1  22
117 
  1  1  1  1  1  1  1  0
  0  0  0
   1  23
14  
  1  1  1  1  1  1  1  0
  0  0  0
   1  24
90  
  1  1  1  1  1  1  1  0
  0  0  0
   1  25
121 
  1  1  1  1  1  1  1  0
  0  0  0
   1  26
110 
  1  1  1  1  1  1  1  0
  0  0  0
   1  27
25  
  1  1  1  1  1  1  1  0
  0  0  0
   1  28
3   
  1  1  1  1  1  1  1  0
  0  0  0
   1  29
14  
  1  1  1  1  1  1  1  0
  0  0  0
   1  30
112 
  1  1  1  1  1  1  1  0
  0  0  0
   1  31
119 
  1  1  1  1  1  1  1  0
  0  0  0
   1  32
8   
  1  1  1  1  1  1  1  0
  0  0  0
   1  33
95  
  1  1  1  1  1  1  1  0
  0  0  0
   1  34
96  
  1  1  1  1  1  1  1  0
  0  0  0
   1  35
10  
  1  1  1  1  1  1  1  0
  0  0  0
   1  36
96  
  1  1  1  1  1  1  1  0
  0  0  0
   1  37
36  
  1  1  1  1  1  1  1  0
  0  0  0
   1  38
66  
  1  1  1  1  1  1  1  0
  0  0  0
   1  39
23  
  1  1  1  1  1  1  1  0
  0  0  0
   1  40
9   
  1  1  1  1  1  1  1  0
  0  0  0
   1  41
9   
  1  1  1  1  1  1  1  0
  0  0  0
   1  42
14  
  1  1  1  1  1  1  1  0
  0  0  0
   1  43
105 
  1  1  1  1  1  1  1  0
  0  0  0
   1  44
98  
  1  1  1  1  1  1  1  0
  0  0  0
   1  45
71  
  1  1  1  1  1  1  1  0
  0  0  0
   1  46
116 
  1  1  1  1  1  1  1  0
  0  0  0
   1  47
65  
  1  1  1  1  1  1  1  0
  0  0  0
   1  48
108 
  1  1  1  1  1  1  1  0
  0  0  0
   1  49
116 
  1  1  1  1  1  1  1  0
  0  0  0
   1  50
97  
  1  1  1  1  1  1  1  0
  0  0  0
   1  51
28  
  1  1  1  1  1  1  1  0
  0  0  0
   1  52
31  
  1  1  1  1  1  1  1  0
  0  0  0
   1  58
65  
  1  1  1  1  1  1  1  0
  0  0  0
   1  59
34  
  1  1  1  1  1  1  1  0
  0  0  0
   1  60
62  
  1  1  1  1  1  1  1  0
  0  0  0
   1  61
7   
  1  1  1  1  1  1  1  0
  0  0  0
   1  62
13  
  1  1  1  1  1  1  1  0
  0  0  0
   1  63
64  
  1  1  1  1  1  1  1  0
  0  0  0
   1  64
118 
  1  1  1  1  1  1  1  0
  0  0  0
   1  65
106 
  1  1  1  1  1  1  1  0
  0  0  0
   1  66
93  
  1  1  1  1  1  1  1  0
  0  0  0
   1  67
74  
  1  1  1  1  1  1  1  0
  0  0  0
   1  68
117 
  1  1  1  1  1  1  1  0
  0  0  0
   1  69
9   
  1  1  1  1  1  1  1  0
  0  0  0
   1  70
40  
  1  1  1  1  1  1  1  0
  0  0  0
   1  71
8   
  1  1  1  1  1  1  1  0
  0  0  0
   1  72
2   
  1  1  1  1  1  1  1  0
  0  0  0
   1  73
110 
  1  1  1  1  1  1  1  0
  1  1  0
   1  79
1   
  1  1  1  1  1  1  1  0
  1  1  0
   1  80
23  
  1  1  1  1  1  1  1  0
  1  1  0
   1  81
106 
  1  1  1  1  1  1  1  0
  1  1  0
   1  82
95  
  1  1  1  1  1  1  1  0
  1  1  0
   1  83
98  
  1  1  1  1  1  1  1  0
  1  1  0
   1  84
99  
  1  1  1  1  1  1  1  0
  1  1  0
   1  85
13  
  1  1  1  1  1  1  1  0
  1  1  0
   1  86
41  
  1  1  1  1  1  1  1  0
  1  1  0
   1  87
24  
  1  1  1  1  1  1  1  0
  1  1  0
   1  88
3   
  1  1  1  1  1  1  1  0
  1  1  0
   1  89
118 
  1  1  1  1  1  1  1  0
  1  1  0
   1  90
40  
  1  1  1  1  1  1  1  0
  1  1  0
   1  91
16  
  1  1  1  1  1  1  1  0
  1  1  0
   1  92
83  
  1  1  1  1  1  1  1  0
  1  1  0
   1  93
62  
  1  1  1  1  1  1  1  0
  1  1  0
   1  94
7   
  1  1  1  1  1  1  1  0
  1  1  0
   1  95
4   
  1  1  1  1  1  1  1  0
  1  1  0
   1  96
5   
  1  1  1  1  1  1  1  0
  1  1  0
   1  97
24  
  1  1  1  1  1  1  1  0
  1  1  0
   1 103
22  
  1  1  1  1  1  1  1  0
  1  1  0
   1 104
22  
  1  1  1  1  1  1  1  0
  1  1  0
   1 105
23  
  1  1  1  1  1  1  1  0
  1  1  0
   1 106
121 
  1  1  1  1  1  1  1  0
  1  1  0
   1 107
102 
  1  1  1  1  1  1  1  0
  1  1  0
   1 108
102 
  1  1  1  1  1  1  1  0
  1  1  0
   1 109
88  
  1  1  1  1  1  1  1  0
  1  1  0
   1 110
3   
  1  1  1  1  1  1  1  0
  1  1  0
   1 111
108 
  1  1  1  1  1  1  1  0
  1  1  0
   1 112
81  
  1  1  1  1  1  1  1  0
  1  1  0
   1 113
12  
  1  1  1  1  1  1  1  0
  1  1  0
   1 114
97  
  1  1  1  1  1  1  1  0
  1  1  0
   1 115
74  
  1  1  1  1  1  1  1  0
  1  1  0
   1 116
71  
  1  1  1  1  1  1  1  0
  1  1  0
   1 117
10  
  1  1  1  1  1  1  1  0
  1  1  0
   1 118
35  
  1  1  1  1  1  1  1  0
  1  1  0
   1 119
95  
  1  1  1  1  1  1  1  0
  1  1  0
   1 120
8   
  1  1  1  1  1  1  1  0
  1  1  0
   1 121
28  
  1  1  1  1  1  1  1  0
