 10  8  9  3 00  0  0  0  0
/home/johannesk/kette_repo/limit_cycles/src_python/../systems/2np1s/4.00/nnn_pot
  8
  8 20
                                                7.498096    7.498096    
                                                7.498096    3.563224    
                                                7.498096    1.360882    
                                                7.498096    0.362811    
                                                7.498096    0.056533    
                                                3.563224    3.563224    
                                                3.563224    1.360882    
                                                3.563224    0.362811    
   12.956650    5.134670    2.947287    1.342339    0.821446    0.444741
    2.939000    1.690174    1.185236    0.843000    0.500110    0.257369
    0.138520    0.071429    0.038519    0.018573    0.009726    0.005619
    0.002765    0.001010
  1  1
          1.

  1  1
                      1.

  1  1
                                  1.

  1  1
                                              1.

  1  1
                                                          1.

  1  1
                                                                      1.

  1  1

          1.
  1  1

                      1.
  7
  7 20
                                                3.563224    0.056533    
                                                1.360882    1.360882    
                                                1.360882    0.362811    
                                                1.360882    0.056533    
                                                0.362811    0.362811    
                                                0.362811    0.056533    
                                                0.056533    0.056533    
   12.956650    5.134670    2.947287    1.342339    0.821446    0.444741
    2.939000    1.690174    1.185236    0.843000    0.500110    0.257369
    0.138520    0.071429    0.038519    0.018573    0.009726    0.005619
    0.002765    0.001010
  1  1
          1.

  1  1
                      1.

  1  1
                                  1.

  1  1
                                              1.

  1  1
                                                          1.

  1  1
                                                                      1.

  1  1

          1.
  8
  8 20
                                                9.288301    9.288301    
                                                9.288301    2.722155    
                                                9.288301    0.483153    
                                                9.288301    0.099053    
                                                9.288301    0.028802    
                                                2.722155    2.722155    
                                                2.722155    0.483153    
                                                2.722155    0.099053    
   12.956650    5.134670    2.947287    1.342339    0.821446    0.444741
    2.939000    1.690174    1.185236    0.843000    0.500110    0.257369
    0.138520    0.071429    0.038519    0.018573    0.009726    0.005619
    0.002765    0.001010
  1  1
          1.

  1  1
                      1.

  1  1
                                  1.

  1  1
                                              1.

  1  1
                                                          1.

  1  1
                                                                      1.

  1  1

          1.
  1  1

                      1.
  7
  7 20
                                                2.722155    0.028802    
                                                0.483153    0.483153    
                                                0.483153    0.099053    
                                                0.483153    0.028802    
                                                0.099053    0.099053    
                                                0.099053    0.028802    
                                                0.028802    0.028802    
   12.956650    5.134670    2.947287    1.342339    0.821446    0.444741
    2.939000    1.690174    1.185236    0.843000    0.500110    0.257369
    0.138520    0.071429    0.038519    0.018573    0.009726    0.005619
    0.002765    0.001010
  1  1
          1.

  1  1
                      1.

  1  1
                                  1.

  1  1
                                              1.

  1  1
                                                          1.

  1  1
                                                                      1.

  1  1

          1.
  8
  8 20
                                                7.907071    3.636582    
                                                7.907071    1.849307    
                                                7.907071    0.201961    
                                                1.692839    3.636582    
                                                1.692839    1.849307    
                                                1.692839    0.201961    
                                                1.531211    3.636582    
                                                1.531211    1.849307    
   12.956650    5.134670    2.947287    1.342339    0.821446    0.444741
    2.939000    1.690174    1.185236    0.843000    0.500110    0.257369
    0.138520    0.071429    0.038519    0.018573    0.009726    0.005619
    0.002765    0.001010
  1  1
          1.

  1  1
                      1.

  1  1
                                  1.

  1  1
                                              1.

  1  1
                                                          1.

  1  1
                                                                      1.

  1  1

          1.
  1  1

                      1.
  8
  8 20
                                                1.531211    0.201961    
                                                1.076185    3.636582    
                                                1.076185    1.849307    
                                                1.076185    0.201961    
                                                0.272373    3.636582    
                                                0.272373    1.849307    
                                                0.272373    0.201961    
                                                0.115686    3.636582    
   12.956650    5.134670    2.947287    1.342339    0.821446    0.444741
    2.939000    1.690174    1.185236    0.843000    0.500110    0.257369
    0.138520    0.071429    0.038519    0.018573    0.009726    0.005619
    0.002765    0.001010
  1  1
          1.

  1  1
                      1.

  1  1
                                  1.

  1  1
                                              1.

  1  1
                                                          1.

  1  1
                                                                      1.

  1  1

          1.
  1  1

                      1.
  2
  2 20
                                                0.115686    1.849307    
                                                0.115686    0.201961    
   12.956650    5.134670    2.947287    1.342339    0.821446    0.444741
    2.939000    1.690174    1.185236    0.843000    0.500110    0.257369
    0.138520    0.071429    0.038519    0.018573    0.009726    0.005619
    0.002765    0.001010
  1  1
          1.
  1  1
                      1.
eob-tni/np1s_np1s_S0_np1s_np1s_S0
elu-tni/000-0_000-0
eob-tni/np1s_np1s_S0_np1s_np1s_S0
elu-tni/000-0_000-0
eob-tni/np1s_np1s_S0_np1s_np1s_S0
elu-tni/000-0_000-0
eob-tni/np3s_np3s_S0_np1s_np1s_S0
elu-tni/000-0_000-0
eob-tni/np3s_np3s_S0_np1s_np1s_S0
elu-tni/000-0_000-0
eob-tni/np3s_np3s_S0_np3s_np3s_S0
elu-tni/000-0_000-0
eob-tni/np3s_np3s_S0_np1s_np1s_S0
elu-tni/000-0_000-0
eob-tni/np3s_np3s_S0_np1s_np1s_S0
elu-tni/000-0_000-0
eob-tni/np3s_np3s_S0_np3s_np3s_S0
elu-tni/000-0_000-0
eob-tni/np3s_np3s_S0_np3s_np3s_S0
elu-tni/000-0_000-0
eob-tni/tp_1s0_np1s_np1s_S0
elu-tni/000-0_000-0
eob-tni/tp_1s0_np1s_np1s_S0
elu-tni/000-0_000-0
eob-tni/tp_1s0_np3s_np3s_S0
elu-tni/000-0_000-0
eob-tni/tp_1s0_np3s_np3s_S0
elu-tni/000-0_000-0
eob-tni/tp_1s0_tp_1s0
elu-tni/000-0_000-0
eob-tni/tp_1s0_np1s_np1s_S0
elu-tni/000-0_000-0
eob-tni/tp_1s0_np1s_np1s_S0
elu-tni/000-0_000-0
eob-tni/tp_1s0_np3s_np3s_S0
elu-tni/000-0_000-0
eob-tni/tp_1s0_np3s_np3s_S0
elu-tni/000-0_000-0
eob-tni/tp_1s0_tp_1s0
elu-tni/000-0_000-0
eob-tni/tp_1s0_tp_1s0
elu-tni/000-0_000-0
eob-tni/tp_1s0_np1s_np1s_S0
elu-tni/000-0_000-0
eob-tni/tp_1s0_np1s_np1s_S0
elu-tni/000-0_000-0
eob-tni/tp_1s0_np3s_np3s_S0
elu-tni/000-0_000-0
eob-tni/tp_1s0_np3s_np3s_S0
elu-tni/000-0_000-0
eob-tni/tp_1s0_tp_1s0
elu-tni/000-0_000-0
eob-tni/tp_1s0_tp_1s0
elu-tni/000-0_000-0
eob-tni/tp_1s0_tp_1s0
elu-tni/000-0_000-0
