#E_tot          E_tot-Eth     Phase(s) scatt. length
  0.01000000   0.01000000  -3.80250000   4.27989881
  0.03500000   0.03500000  -7.09040000   4.28141817
  0.06000000   0.06000000  -9.25320000   4.28293239
  0.08500000   0.08500000 -10.97780000   4.28442147
  0.11000000   0.11000000 -12.44830000   4.28597278
  0.13500000   0.13500000 -13.74670000   4.28750471
  0.16000000   0.16000000 -14.91850000   4.28907811
  0.18500000   0.18500000 -15.99180000   4.29066473
  0.21000000   0.21000000 -16.98550000   4.29224770
  0.23500000   0.23500000 -17.91330000   4.29388068
  0.26000000   0.26000000 -18.78500000   4.29550400
  0.28500000   0.28500000 -19.60840000   4.29714587
  0.31000000   0.31000000 -20.38960000   4.29881489
  0.33500000   0.33500000 -21.13350000   4.30051467
  0.36000000   0.36000000 -21.84390000   4.30220071
  0.38500000   0.38500000 -22.52440000   4.30393282
  0.41000000   0.41000000 -23.17760000   4.30566604
  0.43500000   0.43500000 -23.80600000   4.30742293
  0.46000000   0.46000000 -24.41160000   4.30919067
  0.48500000   0.48500000 -24.99620000   4.31097115
  0.51000000   0.51000000 -25.56150000   4.31278981
  0.53500000   0.53500000 -26.10870000   4.31461060
  0.56000000   0.56000000 -26.63910000   4.31644764
  0.58500000   0.58500000 -27.15380000   4.31830163
  0.61000000   0.61000000 -27.65380000   4.32017557
  0.63500000   0.63500000 -28.14000000   4.32207179
  0.66000000   0.66000000 -28.61310000   4.32397173
  0.68500000   0.68500000 -29.07400000   4.32590611
  0.71000000   0.71000000 -29.52320000   4.32784530
  0.73500000   0.73500000 -29.96140000   4.32980553
  0.76000000   0.76000000 -30.38920000   4.33179380
  0.78500000   0.78500000 -30.80690000   4.33377291
  0.81000000   0.81000000 -31.21530000   4.33579887
  0.83500000   0.83500000 -31.61450000   4.33781341
  0.86000000   0.86000000 -32.00520000   4.33986624
  0.88500000   0.88500000 -32.38760000   4.34192689
  0.91000000   0.91000000 -32.76210000   4.34400323
  0.93500000   0.93500000 -33.12910000   4.34610683
  0.96000000   0.96000000 -33.48880000   4.34821957
  0.98500000   0.98500000 -33.84160000   4.35035970
  1.01000000   1.01000000 -34.18760000   4.35249902
  1.03500000   1.03500000 -34.52720000   4.35466128
  1.06000000   1.06000000 -34.86070000   4.35685607
  1.08500000   1.08500000 -35.18810000   4.35904658
  1.11000000   1.11000000 -35.50980000   4.36126296
  1.13500000   1.13500000 -35.82600000   4.36350476
  1.16000000   1.16000000 -36.13680000   4.36575725
  1.18500000   1.18500000 -36.44240000   4.36802346
  1.21000000   1.21000000 -36.74300000   4.37030783
  1.23500000   1.23500000 -37.03870000   4.37260029
  1.26000000   1.26000000 -37.32980000   4.37492380
  1.28500000   1.28500000 -37.61640000   4.37727070
  1.31000000   1.31000000 -37.89850000   4.37961875
  1.33500000   1.33500000 -38.17630000   4.38197840
  1.36000000   1.36000000 -38.45010000   4.38437669
  1.38500000   1.38500000 -38.71980000   4.38677863
  1.41000000   1.41000000 -38.98560000   4.38919733
  1.43500000   1.43500000 -39.24760000   4.39163094
  1.46000000   1.46000000 -39.50600000   4.39409400
  1.48500000   1.48500000 -39.76080000   4.39657049
  1.51000000   1.51000000 -40.01200000   4.39904511
  1.53500000   1.53500000 -40.26000000   4.40156556
  1.56000000   1.56000000 -40.50460000   4.40408657
  1.58500000   1.58500000 -40.74600000   4.40662580
  1.61000000   1.61000000 -40.98420000   4.40917028
  1.63500000   1.63500000 -41.21950000   4.41175419
  1.66000000   1.66000000 -41.45170000   4.41433448
  1.68500000   1.68500000 -41.68110000   4.41694621
  1.71000000   1.71000000 -41.90770000   4.41957830
  1.73500000   1.73500000 -42.13150000   4.42222006
  1.76000000   1.76000000 -42.35260000   4.42487671
  1.78500000   1.78500000 -42.57110000   4.42755385
  1.81000000   1.81000000 -42.78700000   4.43024191
  1.83500000   1.83500000 -43.00040000   4.43294715
  1.86000000   1.86000000 -43.21140000   4.43567616
  1.88500000   1.88500000 -43.42000000   4.43842033
  1.91000000   1.91000000 -43.62620000   4.44117130
  1.93500000   1.93500000 -43.83020000   4.44395208
  1.96000000   1.96000000 -44.03190000   4.44673933
  1.98500000   1.98500000 -44.23150000   4.44955656
  2.01000000   2.01000000 -44.42890000   4.45238093
  2.03500000   2.03500000 -44.62420000   4.45522091
  2.06000000   2.06000000 -44.81750000   4.45808517
  2.08500000   2.08500000 -45.00880000   4.46096708
  2.11000000   2.11000000 -45.19810000   4.46386018
  2.13500000   2.13500000 -45.38550000   4.46677378
  2.16000000   2.16000000 -45.57100000   4.46970180
  2.18500000   2.18500000 -45.75460000   4.47263834
  2.21000000   2.21000000 -45.93650000   4.47560890
  2.23500000   2.23500000 -46.11660000   4.47859230
  2.26000000   2.26000000 -46.29490000   4.48158311
  2.28500000   2.28500000 -46.47150000   4.48459171
  2.31000000   2.31000000 -46.64650000   4.48762866
  2.33500000   2.33500000 -46.81980000   4.49067331
  2.36000000   2.36000000 -46.99150000   4.49373650
  2.38500000   2.38500000 -47.16160000   4.49681352
  2.41000000   2.41000000 -47.33020000   4.49991549
  2.43500000   2.43500000 -47.49720000   4.50302221
  2.46000000   2.46000000 -47.66280000   4.50616084
  2.48500000   2.48500000 -47.82690000   4.50931138
  2.51000000   2.51000000 -47.98950000   4.51246965
  2.53500000   2.53500000 -48.15070000   4.51564743
  2.56000000   2.56000000 -48.31060000   4.51885667
  2.58500000   2.58500000 -48.46900000   4.52206176
  2.61000000   2.61000000 -48.62620000   4.52530665
  2.63500000   2.63500000 -48.78200000   4.52855586
  2.66000000   2.66000000 -48.93650000   4.53182173
  2.68500000   2.68500000 -49.08970000   4.53510076
  2.71000000   2.71000000 -49.24170000   4.53840554
  2.73500000   2.73500000 -49.39240000   4.54171673
  2.76000000   2.76000000 -49.54200000   4.54506315
  2.78500000   2.78500000 -49.69030000   4.54840952
  2.81000000   2.81000000 -49.83750000   4.55178488
  2.83500000   2.83500000 -49.98350000   4.55517010
  2.86000000   2.86000000 -50.12830000   4.55856216
  2.88500000   2.88500000 -50.27210000   4.56199050
  2.91000000   2.91000000 -50.41470000   4.56541991
  2.93500000   2.93500000 -50.55630000   4.56888003
  2.96000000   2.96000000 -50.69680000   4.57235191
  2.98500000   2.98500000 -50.83620000   4.57583286
  3.01000000   3.01000000 -50.97460000   4.57933655
  3.03500000   3.03500000 -51.11200000   4.58286046
  3.06000000   3.06000000 -51.24840000   4.58640209
  3.08500000   3.08500000 -51.38380000   4.58995898
  3.11000000   3.11000000 -51.51820000   4.59352873
  3.13500000   3.13500000 -51.65170000   4.59712542
  3.16000000   3.16000000 -51.78420000   4.60073029
  3.18500000   3.18500000 -51.91580000   4.60435757
  3.21000000   3.21000000 -52.04650000   4.60800506
  3.23500000   3.23500000 -52.17630000   4.61167061
  3.26000000   3.26000000 -52.30510000   4.61533543
  3.28500000   3.28500000 -52.43310000   4.61903068
  3.31000000   3.31000000 -52.56030000   4.62275439
  3.33500000   3.33500000 -52.68650000   4.62647110
  3.36000000   3.36000000 -52.81200000   4.63022905
  3.38500000   3.38500000 -52.93660000   4.63399279
  3.41000000   3.41000000 -53.06040000   4.63777721
  3.43500000   3.43500000 -53.18330000   4.64156356
  3.46000000   3.46000000 -53.30550000   4.64538375
  3.48500000   3.48500000 -53.42690000   4.64921913
  3.51000000   3.51000000 -53.54750000   4.65306791
  3.53500000   3.53500000 -53.66740000   4.65694535
  3.56000000   3.56000000 -53.78640000   4.66081568
  3.58500000   3.58500000 -53.90480000   4.66472838
  3.61000000   3.61000000 -54.02240000   4.66864767
  3.63500000   3.63500000 -54.13930000   4.67258904
  3.66000000   3.66000000 -54.25540000   4.67653371
  3.68500000   3.68500000 -54.37090000   4.68051453
  3.71000000   3.71000000 -54.48570000   4.68451279
  3.73500000   3.73500000 -54.59970000   4.68850964
  3.76000000   3.76000000 -54.71310000   4.69253821
  3.78500000   3.78500000 -54.82580000   4.69657972
  3.81000000   3.81000000 -54.93790000   4.70065014
  3.83500000   3.83500000 -55.04930000   4.70473066
  3.86000000   3.86000000 -55.16000000   4.70881983
  3.88500000   3.88500000 -55.27010000   4.71293378
  3.91000000   3.91000000 -55.37960000   4.71707122
  3.93500000   3.93500000 -55.48840000   4.72121320
  3.96000000   3.96000000 -55.59670000   4.72539373
  3.98500000   3.98500000 -55.70430000   4.72957618
  4.01000000   4.01000000 -55.81130000   4.73377697
  4.03500000   4.03500000 -55.91770000   4.73799484
  4.06000000   4.06000000 -56.02360000   4.74224644
  4.08500000   4.08500000 -56.12880000   4.74649487
  4.11000000   4.11000000 -56.23350000   4.75077467
  4.13500000   4.13500000 -56.33760000   4.75506679
  4.16000000   4.16000000 -56.44110000   4.75937004
  4.18500000   4.18500000 -56.54410000   4.76370130
  4.21000000   4.21000000 -56.64660000   4.76805954
  4.23500000   4.23500000 -56.74850000   4.77242557
  4.26000000   4.26000000 -56.84990000   4.77681642
  4.28500000   4.28500000 -56.95070000   4.78121283
  4.31000000   4.31000000 -57.05100000   4.78563195
  4.33500000   4.33500000 -57.15080000   4.79007279
  4.36000000   4.36000000 -57.25010000   4.79453435
  4.38500000   4.38500000 -57.34880000   4.79899720
  4.41000000   4.41000000 -57.44710000   4.80349720
  4.43500000   4.43500000 -57.54490000   4.80801498
  4.46000000   4.46000000 -57.64220000   4.81254957
  4.48500000   4.48500000 -57.73890000   4.81708139
  4.51000000   4.51000000 -57.83530000   4.82166536
  4.53500000   4.53500000 -57.93110000   4.82624465
  4.56000000   4.56000000 -58.02650000   4.83085572
  4.58500000   4.58500000 -58.12140000   4.83547895
  4.61000000   4.61000000 -58.21580000   4.84011342
  4.63500000   4.63500000 -58.30980000   4.84477710
  4.66000000   4.66000000 -58.40330000   4.84945026
  4.68500000   4.68500000 -58.49640000   4.85415099
  4.71000000   4.71000000 -58.58910000   4.85887852
  4.73500000   4.73500000 -58.68130000   4.86361299
  4.76000000   4.76000000 -58.77300000   4.86835348
  4.78500000   4.78500000 -58.86440000   4.87313752
  4.81000000   4.81000000 -58.95530000   4.87792599
  4.83500000   4.83500000 -59.04580000   4.88273730
  4.86000000   4.86000000 -59.13590000   4.88757071
  4.88500000   4.88500000 -59.22560000   4.89242550
  4.91000000   4.91000000 -59.31480000   4.89728145
  4.93500000   4.93500000 -59.40370000   4.90217674
  4.96000000   4.96000000 -59.49220000   4.90709122
  4.98500000   4.98500000 -59.58020000   4.91200454
