#E_tot          E_tot-Eth     Phase(s) scatt. length
  0.01000000   0.01000000  -0.00770000   0.00749458
  0.03500000   0.03500000  -0.41500000   0.21591276
  0.06000000   0.06000000  -1.22400000   0.48643914
  0.08500000   0.08500000  -2.15250000   0.71894344
  0.11000000   0.11000000  -3.09800000   0.91004996
  0.13500000   0.13500000  -4.02500000   1.06799908
  0.16000000   0.16000000  -4.92110000   1.20040725
  0.18500000   0.18500000  -5.78310000   1.31313633
  0.21000000   0.21000000  -6.61110000   1.41043833
  0.23500000   0.23500000  -7.40670000   1.49546453
  0.26000000   0.26000000  -8.17190000   1.57055057
  0.28500000   0.28500000  -8.90880000   1.63746944
  0.31000000   0.31000000  -9.61960000   1.69762021
  0.33500000   0.33500000 -10.30620000   1.75207410
  0.36000000   0.36000000 -10.97030000   1.80167659
  0.38500000   0.38500000 -11.61360000   1.84713467
  0.41000000   0.41000000 -12.23740000   1.88898674
  0.43500000   0.43500000 -12.84310000   1.92771183
  0.46000000   0.46000000 -13.43190000   1.96369830
  0.48500000   0.48500000 -14.00490000   1.99727407
  0.51000000   0.51000000 -14.56290000   2.02868773
  0.53500000   0.53500000 -15.10690000   2.05819048
  0.56000000   0.56000000 -15.63770000   2.08598196
  0.58500000   0.58500000 -16.15590000   2.11221646
  0.61000000   0.61000000 -16.66220000   2.13704863
  0.63500000   0.63500000 -17.15730000   2.16062104
  0.66000000   0.66000000 -17.64170000   2.18303962
  0.68500000   0.68500000 -18.11590000   2.20440280
  0.71000000   0.71000000 -18.58030000   2.22478973
  0.73500000   0.73500000 -19.03540000   2.24428724
  0.76000000   0.76000000 -19.48160000   2.26296464
  0.78500000   0.78500000 -19.91920000   2.28087500
  0.81000000   0.81000000 -20.34850000   2.29806852
  0.83500000   0.83500000 -20.76990000   2.31460505
  0.86000000   0.86000000 -21.18360000   2.33051759
  0.88500000   0.88500000 -21.58970000   2.34582560
  0.91000000   0.91000000 -21.98850000   2.36057126
  0.93500000   0.93500000 -22.38000000   2.37475975
  0.96000000   0.96000000 -22.76420000   2.38839583
  0.98500000   0.98500000 -23.14080000   2.40144902
  1.01000000   1.01000000 -23.50860000   2.41378577
  1.03500000   1.03500000 -23.86040000   2.42458938
  1.06000000   1.06000000 -24.22780000   2.43747384
  1.08500000   1.08500000 -24.59000000   2.45004359
  1.11000000   1.11000000 -24.94720000   2.46232078
  1.13500000   1.13500000 -25.29940000   2.47430473
  1.16000000   1.16000000 -25.64690000   2.48602808
  1.18500000   1.18500000 -25.98970000   2.49748964
  1.21000000   1.21000000 -26.32810000   2.50872126
  1.23500000   1.23500000 -26.66210000   2.51972134
  1.26000000   1.26000000 -26.99190000   2.53051016
  1.28500000   1.28500000 -27.31760000   2.54109680
  1.31000000   1.31000000 -27.63930000   2.55149021
  1.33500000   1.33500000 -27.95710000   2.56169925
  1.36000000   1.36000000 -28.27110000   2.57173268
  1.38500000   1.38500000 -28.58140000   2.58159915
  1.41000000   1.41000000 -28.88820000   2.59131794
  1.43500000   1.43500000 -29.19140000   2.60087614
  1.46000000   1.46000000 -29.49120000   2.61029291
  1.48500000   1.48500000 -29.78770000   2.61957665
  1.51000000   1.51000000 -30.08090000   2.62872511
  1.53500000   1.53500000 -30.37090000   2.63774665
  1.56000000   1.56000000 -30.65790000   2.64666013
  1.58500000   1.58500000 -30.94180000   2.65545275
  1.61000000   1.61000000 -31.22270000   2.66413283
  1.63500000   1.63500000 -31.50070000   2.67270866
  1.66000000   1.66000000 -31.77590000   2.68118850
  1.68500000   1.68500000 -32.04830000   2.68957015
  1.71000000   1.71000000 -32.31800000   2.69786189
  1.73500000   1.73500000 -32.58500000   2.70606157
  1.76000000   1.76000000 -32.84940000   2.71417750
  1.78500000   1.78500000 -33.11120000   2.72220756
  1.81000000   1.81000000 -33.37050000   2.73016007
  1.83500000   1.83500000 -33.62740000   2.73804334
  1.86000000   1.86000000 -33.88180000   2.74584499
  1.88500000   1.88500000 -34.13390000   2.75358371
  1.91000000   1.91000000 -34.38360000   2.76124719
  1.93500000   1.93500000 -34.63110000   2.76885415
  1.96000000   1.96000000 -34.87630000   2.77639232
  1.98500000   1.98500000 -35.11930000   2.78387015
  2.01000000   2.01000000 -35.36010000   2.79128576
  2.03500000   2.03500000 -35.59880000   2.79864762
  2.06000000   2.06000000 -35.83540000   2.80595390
  2.08500000   2.08500000 -36.06990000   2.81320282
  2.11000000   2.11000000 -36.30250000   2.82041321
  2.13500000   2.13500000 -36.53300000   2.82756272
  2.16000000   2.16000000 -36.76150000   2.83465992
  2.18500000   2.18500000 -36.98810000   2.84171343
  2.21000000   2.21000000 -37.21280000   2.84872158
  2.23500000   2.23500000 -37.43570000   2.85569303
  2.26000000   2.26000000 -37.65670000   2.86261584
  2.28500000   2.28500000 -37.87580000   2.86948838
  2.31000000   2.31000000 -38.09320000   2.87632974
  2.33500000   2.33500000 -38.30880000   2.88312802
  2.36000000   2.36000000 -38.52260000   2.88988167
  2.38500000   2.38500000 -38.73470000   2.89659950
  2.41000000   2.41000000 -38.94510000   2.90328002
  2.43500000   2.43500000 -39.15380000   2.90992174
  2.46000000   2.46000000 -39.36090000   2.91653357
  2.48500000   2.48500000 -39.56630000   2.92310369
  2.51000000   2.51000000 -39.77010000   2.92964104
  2.53500000   2.53500000 -39.97230000   2.93614422
  2.56000000   2.56000000 -40.17290000   2.94261183
  2.58500000   2.58500000 -40.37190000   2.94904248
  2.61000000   2.61000000 -40.56940000   2.95544525
  2.63500000   2.63500000 -40.76540000   2.96181879
  2.66000000   2.66000000 -40.95980000   2.96815132
  2.68500000   2.68500000 -41.15280000   2.97446245
  2.71000000   2.71000000 -41.34420000   2.98072992
  2.73500000   2.73500000 -41.53420000   2.98697341
  2.76000000   2.76000000 -41.72270000   2.99318115
  2.78500000   2.78500000 -41.90980000   2.99936239
  2.81000000   2.81000000 -42.09540000   3.00550535
  2.83500000   2.83500000 -42.27960000   3.01161931
  2.86000000   2.86000000 -42.46240000   3.01770306
  2.88500000   2.88500000 -42.64380000   3.02375538
  2.91000000   2.91000000 -42.82370000   3.02976444
  2.93500000   2.93500000 -43.00230000   3.03575026
  2.96000000   2.96000000 -43.17960000   3.04171166
  2.98500000   2.98500000 -43.35540000   3.04762619
  3.01000000   3.01000000 -43.52990000   3.05351395
  3.03500000   3.03500000 -43.70310000   3.05937381
  3.06000000   3.06000000 -43.87490000   3.06519391
  3.08500000   3.08500000 -44.04530000   3.07097308
  3.11000000   3.11000000 -44.21440000   3.07672087
  3.13500000   3.13500000 -44.38220000   3.08243615
  3.16000000   3.16000000 -44.54860000   3.08810703
  3.18500000   3.18500000 -44.71380000   3.09375392
  3.21000000   3.21000000 -44.87750000   3.09934331
  3.23500000   3.23500000 -45.04000000   3.10490646
  3.26000000   3.26000000 -45.20110000   3.11042062
  3.28500000   3.28500000 -45.36090000   3.11589548
  3.31000000   3.31000000 -45.51940000   3.12132993
  3.33500000   3.33500000 -45.67650000   3.12671193
  3.36000000   3.36000000 -45.83240000   3.13206219
  3.38500000   3.38500000 -45.98680000   3.13734678
  3.41000000   3.41000000 -46.14000000   3.14259741
  3.43500000   3.43500000 -46.29170000   3.14778002
  3.46000000   3.46000000 -46.44210000   3.15291542
  3.48500000   3.48500000 -46.59110000   3.15799146
  3.51000000   3.51000000 -46.73880000   3.16301802
  3.53500000   3.53500000 -46.88500000   3.16797184
  3.56000000   3.56000000 -47.02990000   3.17287387
  3.58500000   3.58500000 -47.17320000   3.17768964
  3.61000000   3.61000000 -47.31520000   3.18245129
  3.63500000   3.63500000 -47.45560000   3.18712419
  3.66000000   3.66000000 -47.59460000   3.19172944
  3.68500000   3.68500000 -47.73200000   3.19624344
  3.71000000   3.71000000 -47.86780000   3.20066490
  3.73500000   3.73500000 -48.00210000   3.20500377
  3.76000000   3.76000000 -48.13470000   3.20923629
  3.78500000   3.78500000 -48.26560000   3.21336110
  3.81000000   3.81000000 -48.39470000   3.21736555
  3.83500000   3.83500000 -48.52210000   3.22125958
  3.86000000   3.86000000 -48.64750000   3.22500779
  3.88500000   3.88500000 -48.77100000   3.22862007
  3.91000000   3.91000000 -48.89240000   3.23207220
  3.93500000   3.93500000 -49.01170000   3.23536266
  3.96000000   3.96000000 -49.12870000   3.23846709
  3.98500000   3.98500000 -49.24320000   3.24136103
  4.01000000   4.01000000 -49.35510000   3.24403134
  4.03500000   4.03500000 -49.46420000   3.24645341
  4.06000000   4.06000000 -49.57020000   3.24859107
  4.08500000   4.08500000 -49.67280000   3.25040804
  4.11000000   4.11000000 -49.77160000   3.25185646
  4.13500000   4.13500000 -49.86600000   3.25286536
  4.16000000   4.16000000 -49.95540000   3.25336371
  4.18500000   4.18500000 -50.03850000   3.25319980
  4.21000000   4.21000000 -50.11390000   3.25221049
  4.23500000   4.23500000 -50.17640000   3.24979496
  4.26000000   4.26000000 -50.22170000   3.24545858
  4.28500000   4.28500000 -50.27390000   3.24197947
  4.31000000   4.31000000 -50.33470000   3.23955068
  4.33500000   4.33500000 -50.38610000   3.23609987
  4.36000000   4.36000000 -50.42440000   3.23120365
  4.38500000   4.38500000 -50.50500000   3.23122518
  4.41000000   4.41000000 -50.62540000   3.23588406
  4.43500000   4.43500000 -50.77090000   3.24351225
  4.46000000   4.46000000 -50.93140000   3.25296742
  4.48500000   4.48500000 -51.10110000   3.26359547
  4.51000000   4.51000000 -51.27650000   3.27500203
  4.53500000   4.53500000 -51.45540000   3.28693902
  4.56000000   4.56000000 -51.63640000   3.29924837
  4.58500000   4.58500000 -51.81840000   3.31180458
  4.61000000   4.61000000 -52.00080000   3.32453934
  4.63500000   4.63500000 -52.18330000   3.33741893
  4.66000000   4.66000000 -52.36550000   3.35039683
  4.68500000   4.68500000 -52.54710000   3.36343763
  4.71000000   4.71000000 -52.72800000   3.37652956
  4.73500000   4.73500000 -52.90820000   3.38967289
  4.76000000   4.76000000 -53.08740000   3.40283077
  4.78500000   4.78500000 -53.26570000   3.41601527
  4.81000000   4.81000000 -53.44310000   3.42922619
  4.83500000   4.83500000 -53.61940000   3.44243819
  4.86000000   4.86000000 -53.79470000   3.45566326
  4.88500000   4.88500000 -53.96900000   3.46890095
  4.91000000   4.91000000 -54.14220000   3.48213800
  4.93500000   4.93500000 -54.31450000   3.49539945
  4.96000000   4.96000000 -54.48570000   3.50865912
  4.98500000   4.98500000 -54.65580000   3.52191625
