 10  8  9  3 00  0  0  0  0
nn_pot
  8                                                            Z1  BVs 1 - 8
  8  8
                                    63.958752   
                                    39.965385   
                                    15.948682   
                                    10.077391   
                                    3.978505    
                                    1.491954    
                                    0.976167    
                                    0.248717    
   26.046318   22.952322   18.963551   10.972274    0.574868    0.104324
    0.098494    0.062499
  1  1
          1.

  1  1
                      1.

  1  1
                                  1.

  1  1
                                              1.

  1  1
                                                          1.

  1  1
                                                                      1.

  1  1

          1.
  1  1

                      1.
  8                                                            Z2  BVs 9 - 16
  8  8
                                    91.585258   
                                    31.687206   
                                    9.866876    
                                    2.804856    
                                    1.101388    
                                    0.392896    
                                    0.281211    
                                    0.061034    
   15.035542    9.037619    1.967543    1.243466    0.995462    0.247578
    0.242654    0.061188
  1  1
          1.

  1  1
                      1.

  1  1
                                  1.

  1  1
                                              1.

  1  1
                                                          1.

  1  1
                                                                      1.

  1  1

          1.
  1  1

                      1.
eob/t_no1_t_no1
elu/000_000
eob/t_no6_t_no1
elu/000_000
eob/t_no6_t_no6
elu/000_000
