 10  8  9  3 00  0  0  0  0
nnn_pot
  8                                                            Z1  BVs 1 - 8
  8  6
                                    9.857196    
                                    5.086787    
                                    1.710448    
                                    0.488024    
                                    0.312008    
                                    0.156050    
                                    0.029144    
                                    0.005956    
    3.783774    1.253641    0.488097    0.031225    0.007625    0.001906
  1  1
          1.

  1  1
                      1.

  1  1
                                  1.

  1  1
                                              1.

  1  1
                                                          1.

  1  1
                                                                      1.

  1  1

          1.
  1  1

                      1.
  8                                                            Z2  BVs 9 - 16
  8  6
                                    9.857196    
                                    5.086787    
                                    1.710448    
                                    0.488024    
                                    0.312008    
                                    0.156050    
                                    0.029144    
                                    0.005956    
    3.783774    1.253641    0.488097    0.031225    0.007625    0.001906
  1  1
          1.

  1  1
                      1.

  1  1
                                  1.

  1  1
                                              1.

  1  1
                                                          1.

  1  1
                                                                      1.

  1  1

          1.
  1  1

                      1.
eob-tni/123_123
elu-tni/000_000
eob-tni/123_123
elu-tni/000_000
eob-tni/123_123
elu-tni/000_000
