 10  8  9  3 00  0  0  0  0
nnn_pot
  4                                                            Z1  BVs 1 - 4
  4 10
                                                0.052342    3.718282    
                                                6.322042    0.067221    
                                                15.916199   12.694329   
                                                0.038221    0.057511    
   12.091871    1.826308    1.282102    0.726516    0.235160    0.113619
    0.071770    0.051117    0.011672    0.002733
  1  1
          1.
  1  1
                      1.
  1  1
                                  1.
  1  1
                                              1.
  4                                                            Z2  BVs 5 - 8
  4 10
                                                0.299936    0.363898    
                                                5.506265    0.258553    
                                                2.111997    0.420698    
                                                37.962494   0.129121    
   14.306477    4.279842    1.326236    0.838176    0.201429    0.154866
    0.063113    0.037439    0.008718    0.001334
  1  1
          1.
  1  1
                      1.
  1  1
                                  1.
  1  1
                                              1.
eob-tni/np3s_np3s_12-34_np3s_np3s_12-34
elu-tni/000-0_000-0
eob-tni/tp_123-4_np3s_np3s_12-34
elu-tni/000-0_000-0
eob-tni/tp_123-4_tp_123-4
elu-tni/000-0_000-0
