 11  2 12 31  1  1 +2  0  0 -1
  1  1  1  1  0  0  0  0  0  0  0  0  0  0  1  1
   0.0000000   1.0000000   1.0000000   1.0000000   1.0000000   1.0000000   1.0000000
   1.0000000   1.0000000   1.0000000   1.0000000   1.0000000   1.0000000   1.0000000
   1.0000000   1.0000000   1.0000000   1.0000000   1.0000000   1.0000000   1.0000000
   1.0000000   1.0000000   1.0000000   1.0000000   1.0000000   1.0000000   1.0000000
   1.0000000   1.0000000
   0 235   0   0   0   1
 264
6.864980219         
6.233679148         
2.726455588         
1.209285961         
1.043595516         
0.627158436         
0.363504790         
0.124225348         
6.233679148         
5.660432293         
2.475731729         
1.098080466         
0.947626854         
0.569485175         
0.330077022         
0.112801631         
2.726455588         
2.475731729         
1.082823233         
0.480272974         
0.414468321         
0.249078594         
0.144367447         
0.049336616         
1.209285961         
1.098080466         
0.480272974         
0.213019192         
0.183832344         
0.110475758         
0.064032412         
0.021882651         
1.043595516         
0.947626854         
0.414468321         
0.183832344         
0.158644536         
0.095338910         
0.055259004         
0.018884398         
0.627158436         
0.569485175         
0.249078594         
0.110475758         
0.095338910         
0.057294805         
0.033208413         
0.011348754         
0.363504790         
0.330077022         
0.144367447         
0.064032412         
0.055259004         
0.033208413         
0.019247795         
0.006577806         
0.124225348         
0.112801631         
0.049336616         
0.021882651         
0.018884398         
0.011348754         
0.006577806         
0.002247922         
6.864980219         
12.467358300        
5.452911176         
2.418571922         
2.087191033         
1.254316871         
0.727009580         
0.248450697         
5.660432293         
4.951463458         
2.196160933         
1.895253708         
1.138970350         
0.660154044         
0.225603261         
1.082823233         
0.960545948         
0.828936642         
0.498157188         
0.288734893         
0.098673233         
0.213019192         
0.367664689         
0.220951515         
0.128064823         
0.043765303         
0.158644536         
0.190677820         
0.110518008         
0.037768795         
0.057294805         
0.066416825         
0.022697509         
0.019247795         
0.013155612         
0.002247922         
6.864980342         
12.467358520        
5.452911273         
2.418571966         
2.087191070         
1.254316893         
0.727009593         
0.248450701         
5.660432395         
4.951463547         
2.196160972         
1.895253742         
1.138970371         
0.660154056         
0.225603265         
1.082823252         
0.960545965         
0.828936657         
0.498157197         
0.288734898         
0.098673234         
0.213019195         
0.367664695         
0.220951519         
0.128064826         
0.043765304         
0.158644539         
0.190677823         
0.110518010         
0.037768796         
0.057294806         
0.066416826         
0.022697509         
0.019247795         
0.013155613         
0.002247922         
-19.039400000       
12.473810000        
0.350620900         
0.141314100         
50.050270000        
-39.031180000       
1.413707000         
0.339789200         
17.074160000        
-21.938820000       
0.791965500         
0.316849100         
-26.376930000       
31.187890000        
0.659211800         
0.081482680         
6.521528000         
-7.126505000        
0.353922400         
0.216497400         
-2.319180000        
2.478978000         
0.308733800         
0.024503130         
0.905399600         
-0.964596800        
0.248110300         
0.086450430         
-0.024216260        
0.025697540         
-0.001882803        
0.047209840         
1.604338000         
-0.457095900        
-0.251672300        
-0.052504960        
6.792031000         
-1.745425000        
-1.024695000        
-0.199510700        
6.213606000         
-0.864749600        
-0.630726200        
-0.122889500        
0.397746000         
-0.153944800        
-0.366224100        
-0.056938030        
-0.114509900        
0.231014100         
-0.095669180        
-0.031146680        
-0.004200334        
0.263419600         
-0.093179270        
-0.016868470        
0.009492294         
-0.139148000        
0.022379080         
-0.011142820        
-0.000197104        
0.002106449         
0.002242622         
-0.006684061        
-19.039400000       
12.473810000        
0.350620900         
0.141314100         
50.050270000        
-39.031180000       
1.413707000         
0.339789200         
17.074160000        
-21.938820000       
0.791965500         
0.316849100         
-26.376930000       
31.187890000        
0.659211800         
0.081482680         
6.521528000         
-7.126505000        
0.353922400         
0.216497400         
-2.319180000        
2.478978000         
0.308733800         
0.024503130         
0.905399600         
-0.964596800        
0.248110300         
0.086450430         
-0.024216260        
0.025697540         
-0.001882803        
0.047209840         
1.604338000         
-0.457095900        
-0.251672300        
-0.052504960        
6.792031000         
-1.745425000        
-1.024695000        
-0.199510700        
6.213606000         
-0.864749600        
-0.630726200        
-0.122889500        
0.397746000         
-0.153944800        
-0.366224100        
-0.056938030        
-0.114509900        
0.231014100         
-0.095669180        
-0.031146680        
-0.004200334        
0.263419600         
-0.093179270        
-0.016868470        
0.009492294         
-0.139148000        
0.022379080         
-0.011142820        
-0.000197104        
0.002106449         
0.002242622         
-0.006684061        
  1  1  0
  64 201 202 203 204 205 206 207 208 209 210 211 212 213 214 215 216 217 218 219
 220 221 222 223 224 225 226 227 228 229 230 231 232 233 234 235 236 237 238 239
 240 241 242 243 244 245 246 247 248 249 250 251 252 253 254 255 256 257 258 259
 260 261 262 263 264
 201 202 203 204 205 206 207 208 209 210 211 212 213 214 215 216 217 218 219 220
 221 222 223 224 225 226 227 228 229 230 231 232 233 234 235 236 237 238 239 240
 241 242 243 244 245 246 247 248 249 250 251 252 253 254 255 256 257 258 259 260
 261 262 263 264
  1  1  1  1  1  1  1  1  1  1  1  1  1  1  1  1  1  1  1  1  1  1  1  1  1  1  1  1  1  1
  1  1  0
  64 137 138 139 140 141 142 143 144 145 146 147 148 149 150 151 152 153 154 155
 156 157 158 159 160 161 162 163 164 165 166 167 168 169 170 171 172 173 174 175
 176 177 178 179 180 181 182 183 184 185 186 187 188 189 190 191 192 193 194 195
 196 197 198 199 200
 137 138 139 140 141 142 143 144 145 146 147 148 149 150 151 152 153 154 155 156
 157 158 159 160 161 162 163 164 165 166 167 168 169 170 171 172 173 174 175 176
 177 178 179 180 181 182 183 184 185 186 187 188 189 190 191 192 193 194 195 196
 197 198 199 200
  1  1  1  1  1  1  1  1  1  1  1  1  1  1  1  1  1  1  1  1  1  1  1  1  1  1  1  1  1  1
  2  2  0
  36 101 102 103 104 105 106 107 108 109 110 111 112 113 114 115 116 117 118 119
 120 121 122 123 124 125 126 127 128 129 130 131 132 133 134 135 136
 101 102 103 104 105 106 107 108 109 110 111 112 113 114 115 116 117 118 119 120
 121 122 123 124 125 126 127 128 129 130 131 132 133 134 135 136
  1  1  1  1  1  1  1  1  1  1  1  1  1  1  1  1  1  1  1  1  1  1  1  1  1  1  1  1  1  1
  0  0  0
  36  65  66  67  68  69  70  71  72  73  74  75  76  77  78  79  80  81  82  83
  84  85  86  87  88  89  90  91  92  93  94  95  96  97  98  99 100
  65  66  67  68  69  70  71  72  73  74  75  76  77  78  79  80  81  82  83  84
  85  86  87  88  89  90  91  92  93  94  95  96  97  98  99 100
  1  1  1  1  1  1  1  1  1  1  1  1  1  1  1  1  1  1  1  1  1  1  1  1  1  1  1  1  1  1
  0  0  0
  64   1   2   3   4   5   6   7   8   9  10  11  12  13  14  15  16  17  18  19
  20  21  22  23  24  25  26  27  28  29  30  31  32  33  34  35  36  37  38  39
  40  41  42  43  44  45  46  47  48  49  50  51  52  53  54  55  56  57  58  59
  60  61  62  63  64
   1   2   3   4   5   6   7   8   9  10  11  12  13  14  15  16  17  18  19  20
  21  22  23  24  25  26  27  28  29  30  31  32  33  34  35  36  37  38  39  40
  41  42  43  44  45  46  47  48  49  50  51  52  53  54  55  56  57  58  59  60
  61  62  63  64
  1  1  1  1  1  1  1  1  1  1  1  1  1  1  1  1  1  1  1  1  1  1  1  1  1  1  1  1  1  1
  0  0  0 -1
   1   1
179 
  0  1  0  1  0  1  0  1  0  1  0  1  0  1  0  1  0  1  0  1
  0  0  0
   1   2
217 
  0  1  0  1  0  1  0  1  0  1  0  1  0  1  0  1  0  1  0  1
  0  0  0
   1   3
65  
  0  1  0  1  0  1  0  1  0  1  0  1  0  1  0  1  0  1  0  1
  0  0  0
   1   4
148 
  0  1  0  1  0  1  0  1  0  1  0  1  0  1  0  1  0  1  0  1
  0  0  0
   1   5
237 
  0  1  0  1  0  1  0  1  0  1  0  1  0  1  0  1  0  1  0  1
  0  0  0
   1   6
155 
  0  1  0  1  0  1  0  1  0  1  0  1  0  1  0  1  0  1  0  1
  0  0  0
   1   7
175 
  0  1  0  1  0  1  0  1  0  1  0  1  0  1  0  1  0  1  0  1
  0  0  0
   1   8
254 
  0  1  0  1  0  1  0  1  0  1  0  1  0  1  0  1  0  1  0  1
  0  0  0
   1   9
201 
  0  1  0  1  0  1  0  1  0  1  0  1  0  1  0  1  0  1  0  1
  0  0  0
   1  10
258 
  0  1  0  1  0  1  0  1  0  1  0  1  0  1  0  1  0  1  0  1
  0  0  0
   1  11
227 
  0  1  0  1  0  1  0  1  0  1  0  1  0  1  0  1  0  1  0  1
  0  0  0
   1  12
122 
  0  1  0  1  0  1  0  1  0  1  0  1  0  1  0  1  0  1  0  1
  0  0  0
   1  13
149 
  0  1  0  1  0  1  0  1  0  1  0  1  0  1  0  1  0  1  0  1
  0  0  0
   1  14
143 
  0  1  0  1  0  1  0  1  0  1  0  1  0  1  0  1  0  1  0  1
  0  0  0
   1  15
8   
  0  1  0  1  0  1  0  1  0  1  0  1  0  1  0  1  0  1  0  1
  0  0  0
   1  16
174 
  0  1  0  1  0  1  0  1  0  1  0  1  0  1  0  1  0  1  0  1
  0  0  0
   1  17
208 
  0  1  0  1  0  1  0  1  0  1  0  1  0  1  0  1  0  1  0  1
  0  0  0
   1  18
173 
  0  1  0  1  0  1  0  1  0  1  0  1  0  1  0  1  0  1  0  1
  0  0  0
   1  19
222 
  0  1  0  1  0  1  0  1  0  1  0  1  0  1  0  1  0  1  0  1
  0  0  0
   1  20
161 
  0  1  0  1  0  1  0  1  0  1  0  1  0  1  0  1  0  1  0  1
  0  0  0
   1  21
72  
  0  1  0  1  0  1  0  1  0  1  0  1  0  1  0  1  0  1  0  1
  0  0  0
   1  22
5   
  0  1  0  1  0  1  0  1  0  1  0  1  0  1  0  1  0  1  0  1
  0  0  0
   1  23
21  
  0  1  0  1  0  1  0  1  0  1  0  1  0  1  0  1  0  1  0  1
  0  0  0
   1  24
57  
  0  1  0  1  0  1  0  1  0  1  0  1  0  1  0  1  0  1  0  1
  0  0  0
   1  25
218 
  0  1  0  1  0  1  0  1  0  1  0  1  0  1  0  1  0  1  0  1
  0  0  0
   1  26
149 
  0  1  0  1  0  1  0  1  0  1  0  1  0  1  0  1  0  1  0  1
  0  0  0
   1  27
6   
  0  1  0  1  0  1  0  1  0  1  0  1  0  1  0  1  0  1  0  1
  0  0  0
   1  28
174 
  0  1  0  1  0  1  0  1  0  1  0  1  0  1  0  1  0  1  0  1
  0  0  0
   1  29
222 
  0  1  0  1  0  1  0  1  0  1  0  1  0  1  0  1  0  1  0  1
  0  0  0
   1  30
214 
  0  1  0  1  0  1  0  1  0  1  0  1  0  1  0  1  0  1  0  1
  0  0  0
   1  31
111 
  0  1  0  1  0  1  0  1  0  1  0  1  0  1  0  1  0  1  0  1
  0  0  0
   1  32
13  
  0  1  0  1  0  1  0  1  0  1  0  1  0  1  0  1  0  1  0  1
  0  0  0
   1  33
203 
  0  1  0  1  0  1  0  1  0  1  0  1  0  1  0  1  0  1  0  1
  0  0  0
   1  34
246 
  0  1  0  1  0  1  0  1  0  1  0  1  0  1  0  1  0  1  0  1
  0  0  0
   1  35
57  
  0  1  0  1  0  1  0  1  0  1  0  1  0  1  0  1  0  1  0  1
  0  0  0
   1  36
113 
  0  1  0  1  0  1  0  1  0  1  0  1  0  1  0  1  0  1  0  1
  0  0  0
   1  37
201 
  0  1  0  1  0  1  0  1  0  1  0  1  0  1  0  1  0  1  0  1
  0  0  0
   1  38
238 
  0  1  0  1  0  1  0  1  0  1  0  1  0  1  0  1  0  1  0  1
  0  0  0
   1  39
179 
  0  1  0  1  0  1  0  1  0  1  0  1  0  1  0  1  0  1  0  1
  0  0  0
   1  40
171 
  0  1  0  1  0  1  0  1  0  1  0  1  0  1  0  1  0  1  0  1
  0  0  0
   1  41
139 
  0  1  0  1  0  1  0  1  0  1  0  1  0  1  0  1  0  1  0  1
  0  0  0
   1  42
89  
  0  1  0  1  0  1  0  1  0  1  0  1  0  1  0  1  0  1  0  1
  0  0  0
   1  43
204 
  0  1  0  1  0  1  0  1  0  1  0  1  0  1  0  1  0  1  0  1
  0  0  0
   1  44
242 
  0  1  0  1  0  1  0  1  0  1  0  1  0  1  0  1  0  1  0  1
  0  0  0
   1  45
87  
  0  1  0  1  0  1  0  1  0  1  0  1  0  1  0  1  0  1  0  1
  0  0  0
   1  46
225 
  0  1  0  1  0  1  0  1  0  1  0  1  0  1  0  1  0  1  0  1
  0  0  0
   1  47
155 
  0  1  0  1  0  1  0  1  0  1  0  1  0  1  0  1  0  1  0  1
  0  0  0
   1  48
169 
  0  1  0  1  0  1  0  1  0  1  0  1  0  1  0  1  0  1  0  1
  0  0  0
   1  49
219 
  0  1  0  1  0  1  0  1  0  1  0  1  0  1  0  1  0  1  0  1
  0  0  0
   1  50
75  
  0  1  0  1  0  1  0  1  0  1  0  1  0  1  0  1  0  1  0  1
  0  0  0
   1  51
162 
  0  1  0  1  0  1  0  1  0  1  0  1  0  1  0  1  0  1  0  1
  0  0  0
   1  52
250 
  0  1  0  1  0  1  0  1  0  1  0  1  0  1  0  1  0  1  0  1
  0  0  0
   1  53
163 
  0  1  0  1  0  1  0  1  0  1  0  1  0  1  0  1  0  1  0  1
  0  0  0
   1  54
123 
  0  1  0  1  0  1  0  1  0  1  0  1  0  1  0  1  0  1  0  1
  0  0  0
   1  55
179 
  0  1  0  1  0  1  0  1  0  1  0  1  0  1  0  1  0  1  0  1
  0  0  0
   1  56
87  
  0  1  0  1  0  1  0  1  0  1  0  1  0  1  0  1  0  1  0  1
  0  0  0
   1  57
161 
  0  1  0  1  0  1  0  1  0  1  0  1  0  1  0  1  0  1  0  1
  0  0  0
   1  58
22  
  0  1  0  1  0  1  0  1  0  1  0  1  0  1  0  1  0  1  0  1
  0  0  0
   1  59
245 
  0  1  0  1  0  1  0  1  0  1  0  1  0  1  0  1  0  1  0  1
  0  0  0
   1  65
35  
  0  1  0  1  0  1  0  1  0  1  0  1  0  1  0  1  0  1  0  1
  0  0  0
   1  66
34  
  0  1  0  1  0  1  0  1  0  1  0  1  0  1  0  1  0  1  0  1
  0  0  0
   1  67
147 
  0  1  0  1  0  1  0  1  0  1  0  1  0  1  0  1  0  1  0  1
  0  0  0
   1  68
142 
  0  1  0  1  0  1  0  1  0  1  0  1  0  1  0  1  0  1  0  1
  0  0  0
   1  69
154 
  0  1  0  1  0  1  0  1  0  1  0  1  0  1  0  1  0  1  0  1
  0  0  0
   1  70
17  
  0  1  0  1  0  1  0  1  0  1  0  1  0  1  0  1  0  1  0  1
  0  0  0
   1  71
25  
  0  1  0  1  0  1  0  1  0  1  0  1  0  1  0  1  0  1  0  1
  0  0  0
   1  72
233 
  0  1  0  1  0  1  0  1  0  1  0  1  0  1  0  1  0  1  0  1
  0  0  0
   1  73
11  
  0  1  0  1  0  1  0  1  0  1  0  1  0  1  0  1  0  1  0  1
  0  0  0
   1  74
203 
  0  1  0  1  0  1  0  1  0  1  0  1  0  1  0  1  0  1  0  1
  0  0  0
   1  75
154 
  0  1  0  1  0  1  0  1  0  1  0  1  0  1  0  1  0  1  0  1
  0  0  0
   1  76
10  
  0  1  0  1  0  1  0  1  0  1  0  1  0  1  0  1  0  1  0  1
  0  0  0
   1  77
178 
  0  1  0  1  0  1  0  1  0  1  0  1  0  1  0  1  0  1  0  1
  0  0  0
   1  78
78  
  0  1  0  1  0  1  0  1  0  1  0  1  0  1  0  1  0  1  0  1
  0  0  0
   1  79
106 
  0  1  0  1  0  1  0  1  0  1  0  1  0  1  0  1  0  1  0  1
  0  0  0
   1  80
51  
  0  1  0  1  0  1  0  1  0  1  0  1  0  1  0  1  0  1  0  1
  0  0  0
   1  81
190 
  0  1  0  1  0  1  0  1  0  1  0  1  0  1  0  1  0  1  0  1
  0  0  0
   1  82
81  
  0  1  0  1  0  1  0  1  0  1  0  1  0  1  0  1  0  1  0  1
  0  0  0
   1  83
159 
  0  1  0  1  0  1  0  1  0  1  0  1  0  1  0  1  0  1  0  1
  0  0  0
   1  84
75  
  0  1  0  1  0  1  0  1  0  1  0  1  0  1  0  1  0  1  0  1
  0  0  0
   1  85
105 
  0  1  0  1  0  1  0  1  0  1  0  1  0  1  0  1  0  1  0  1
  0  0  0
   1  86
1   
  0  1  0  1  0  1  0  1  0  1  0  1  0  1  0  1  0  1  0  1
  0  0  0
   1  87
218 
  0  1  0  1  0  1  0  1  0  1  0  1  0  1  0  1  0  1  0  1
  0  0  0
   1  88
75  
  0  1  0  1  0  1  0  1  0  1  0  1  0  1  0  1  0  1  0  1
  0  0  0
   1  89
171 
  0  1  0  1  0  1  0  1  0  1  0  1  0  1  0  1  0  1  0  1
  0  0  0
   1  90
74  
  0  1  0  1  0  1  0  1  0  1  0  1  0  1  0  1  0  1  0  1
  0  0  0
   1  91
50  
  0  1  0  1  0  1  0  1  0  1  0  1  0  1  0  1  0  1  0  1
  0  0  0
   1  92
151 
  0  1  0  1  0  1  0  1  0  1  0  1  0  1  0  1  0  1  0  1
  0  0  0
   1  93
223 
  0  1  0  1  0  1  0  1  0  1  0  1  0  1  0  1  0  1  0  1
  0  0  0
   1  94
89  
  0  1  0  1  0  1  0  1  0  1  0  1  0  1  0  1  0  1  0  1
  0  0  0
   1  95
109 
  0  1  0  1  0  1  0  1  0  1  0  1  0  1  0  1  0  1  0  1
  2  2  0
   1 101
240 
  0  1  0  1  0  1  0  1  0  1  0  1  0  1  0  1  0  1  0  1
  2  2  0
   1 102
233 
  0  1  0  1  0  1  0  1  0  1  0  1  0  1  0  1  0  1  0  1
  2  2  0
   1 103
139 
  0  1  0  1  0  1  0  1  0  1  0  1  0  1  0  1  0  1  0  1
  2  2  0
   1 104
75  
  0  1  0  1  0  1  0  1  0  1  0  1  0  1  0  1  0  1  0  1
  2  2  0
   1 105
254 
  0  1  0  1  0  1  0  1  0  1  0  1  0  1  0  1  0  1  0  1
  2  2  0
   1 106
157 
  0  1  0  1  0  1  0  1  0  1  0  1  0  1  0  1  0  1  0  1
  2  2  0
   1 107
11  
  0  1  0  1  0  1  0  1  0  1  0  1  0  1  0  1  0  1  0  1
  2  2  0
   1 108
157 
  0  1  0  1  0  1  0  1  0  1  0  1  0  1  0  1  0  1  0  1
  2  2  0
   1 109
77  
  0  1  0  1  0  1  0  1  0  1  0  1  0  1  0  1  0  1  0  1
  2  2  0
   1 110
89  
  0  1  0  1  0  1  0  1  0  1  0  1  0  1  0  1  0  1  0  1
  2  2  0
   1 111
123 
  0  1  0  1  0  1  0  1  0  1  0  1  0  1  0  1  0  1  0  1
  2  2  0
   1 112
41  
  0  1  0  1  0  1  0  1  0  1  0  1  0  1  0  1  0  1  0  1
  2  2  0
   1 113
84  
  0  1  0  1  0  1  0  1  0  1  0  1  0  1  0  1  0  1  0  1
  2  2  0
   1 114
102 
  0  1  0  1  0  1  0  1  0  1  0  1  0  1  0  1  0  1  0  1
  2  2  0
   1 115
28  
  0  1  0  1  0  1  0  1  0  1  0  1  0  1  0  1  0  1  0  1
  2  2  0
   1 116
58  
  0  1  0  1  0  1  0  1  0  1  0  1  0  1  0  1  0  1  0  1
  2  2  0
   1 117
66  
  0  1  0  1  0  1  0  1  0  1  0  1  0  1  0  1  0  1  0  1
  2  2  0
   1 118
204 
  0  1  0  1  0  1  0  1  0  1  0  1  0  1  0  1  0  1  0  1
  2  2  0
   1 119
225 
  0  1  0  1  0  1  0  1  0  1  0  1  0  1  0  1  0  1  0  1
  2  2  0
   1 120
218 
  0  1  0  1  0  1  0  1  0  1  0  1  0  1  0  1  0  1  0  1
  2  2  0
   1 121
116 
  0  1  0  1  0  1  0  1  0  1  0  1  0  1  0  1  0  1  0  1
  2  2  0
   1 122
107 
  0  1  0  1  0  1  0  1  0  1  0  1  0  1  0  1  0  1  0  1
  2  2  0
   1 123
77  
  0  1  0  1  0  1  0  1  0  1  0  1  0  1  0  1  0  1  0  1
  2  2  0
   1 124
138 
  0  1  0  1  0  1  0  1  0  1  0  1  0  1  0  1  0  1  0  1
  2  2  0
   1 125
104 
  0  1  0  1  0  1  0  1  0  1  0  1  0  1  0  1  0  1  0  1
  2  2  0
   1 126
30  
  0  1  0  1  0  1  0  1  0  1  0  1  0  1  0  1  0  1  0  1
  2  2  0
   1 127
103 
  0  1  0  1  0  1  0  1  0  1  0  1  0  1  0  1  0  1  0  1
  2  2  0
   1 128
141 
  0  1  0  1  0  1  0  1  0  1  0  1  0  1  0  1  0  1  0  1
  2  2  0
   1 129
159 
  0  1  0  1  0  1  0  1  0  1  0  1  0  1  0  1  0  1  0  1
  2  2  0
   1 130
183 
  0  1  0  1  0  1  0  1  0  1  0  1  0  1  0  1  0  1  0  1
  2  2  0
   1 131
71  
  0  1  0  1  0  1  0  1  0  1  0  1  0  1  0  1  0  1  0  1
  1  1  0
   1 137
205 
  0  1  0  1  0  1  0  1  0  1  0  1  0  1  0  1  0  1  0  1
  1  1  0
   1 138
129 
  0  1  0  1  0  1  0  1  0  1  0  1  0  1  0  1  0  1  0  1
  1  1  0
   1 139
88  
  0  1  0  1  0  1  0  1  0  1  0  1  0  1  0  1  0  1  0  1
  1  1  0
   1 140
179 
  0  1  0  1  0  1  0  1  0  1  0  1  0  1  0  1  0  1  0  1
  1  1  0
   1 141
14  
  0  1  0  1  0  1  0  1  0  1  0  1  0  1  0  1  0  1  0  1
  1  1  0
   1 142
202 
  0  1  0  1  0  1  0  1  0  1  0  1  0  1  0  1  0  1  0  1
  1  1  0
   1 143
247 
  0  1  0  1  0  1  0  1  0  1  0  1  0  1  0  1  0  1  0  1
  1  1  0
   1 144
42  
  0  1  0  1  0  1  0  1  0  1  0  1  0  1  0  1  0  1  0  1
  1  1  0
   1 145
41  
  0  1  0  1  0  1  0  1  0  1  0  1  0  1  0  1  0  1  0  1
  1  1  0
   1 146
218 
  0  1  0  1  0  1  0  1  0  1  0  1  0  1  0  1  0  1  0  1
  1  1  0
   1 147
103 
  0  1  0  1  0  1  0  1  0  1  0  1  0  1  0  1  0  1  0  1
  1  1  0
   1 148
178 
  0  1  0  1  0  1  0  1  0  1  0  1  0  1  0  1  0  1  0  1
  1  1  0
   1 149
161 
  0  1  0  1  0  1  0  1  0  1  0  1  0  1  0  1  0  1  0  1
  1  1  0
   1 150
101 
  0  1  0  1  0  1  0  1  0  1  0  1  0  1  0  1  0  1  0  1
  1  1  0
   1 151
142 
  0  1  0  1  0  1  0  1  0  1  0  1  0  1  0  1  0  1  0  1
  1  1  0
   1 152
203 
  0  1  0  1  0  1  0  1  0  1  0  1  0  1  0  1  0  1  0  1
  1  1  0
   1 153
111 
  0  1  0  1  0  1  0  1  0  1  0  1  0  1  0  1  0  1  0  1
  1  1  0
   1 154
239 
  0  1  0  1  0  1  0  1  0  1  0  1  0  1  0  1  0  1  0  1
  1  1  0
   1 155
44  
  0  1  0  1  0  1  0  1  0  1  0  1  0  1  0  1  0  1  0  1
  1  1  0
   1 156
91  
  0  1  0  1  0  1  0  1  0  1  0  1  0  1  0  1  0  1  0  1
  1  1  0
   1 157
176 
  0  1  0  1  0  1  0  1  0  1  0  1  0  1  0  1  0  1  0  1
  1  1  0
   1 158
138 
  0  1  0  1  0  1  0  1  0  1  0  1  0  1  0  1  0  1  0  1
  1  1  0
   1 159
145 
  0  1  0  1  0  1  0  1  0  1  0  1  0  1  0  1  0  1  0  1
  1  1  0
   1 160
185 
  0  1  0  1  0  1  0  1  0  1  0  1  0  1  0  1  0  1  0  1
  1  1  0
   1 161
201 
  0  1  0  1  0  1  0  1  0  1  0  1  0  1  0  1  0  1  0  1
  1  1  0
   1 162
91  
  0  1  0  1  0  1  0  1  0  1  0  1  0  1  0  1  0  1  0  1
  1  1  0
   1 163
213 
  0  1  0  1  0  1  0  1  0  1  0  1  0  1  0  1  0  1  0  1
  1  1  0
   1 164
102 
  0  1  0  1  0  1  0  1  0  1  0  1  0  1  0  1  0  1  0  1
  1  1  0
   1 165
58  
  0  1  0  1  0  1  0  1  0  1  0  1  0  1  0  1  0  1  0  1
  1  1  0
   1 166
240 
  0  1  0  1  0  1  0  1  0  1  0  1  0  1  0  1  0  1  0  1
  1  1  0
   1 167
58  
  0  1  0  1  0  1  0  1  0  1  0  1  0  1  0  1  0  1  0  1
  1  1  0
   1 168
202 
  0  1  0  1  0  1  0  1  0  1  0  1  0  1  0  1  0  1  0  1
  1  1  0
   1 169
149 
  0  1  0  1  0  1  0  1  0  1  0  1  0  1  0  1  0  1  0  1
  1  1  0
   1 170
201 
  0  1  0  1  0  1  0  1  0  1  0  1  0  1  0  1  0  1  0  1
  1  1  0
   1 171
84  
  0  1  0  1  0  1  0  1  0  1  0  1  0  1  0  1  0  1  0  1
  1  1  0
   1 172
9   
  0  1  0  1  0  1  0  1  0  1  0  1  0  1  0  1  0  1  0  1
  1  1  0
   1 173
9   
  0  1  0  1  0  1  0  1  0  1  0  1  0  1  0  1  0  1  0  1
  1  1  0
   1 174
23  
  0  1  0  1  0  1  0  1  0  1  0  1  0  1  0  1  0  1  0  1
  1  1  0
   1 175
104 
  0  1  0  1  0  1  0  1  0  1  0  1  0  1  0  1  0  1  0  1
  1  1  0
   1 176
74  
  0  1  0  1  0  1  0  1  0  1  0  1  0  1  0  1  0  1  0  1
  1  1  0
   1 177
128 
  0  1  0  1  0  1  0  1  0  1  0  1  0  1  0  1  0  1  0  1
  1  1  0
   1 178
68  
  0  1  0  1  0  1  0  1  0  1  0  1  0  1  0  1  0  1  0  1
  1  1  0
   1 179
89  
  0  1  0  1  0  1  0  1  0  1  0  1  0  1  0  1  0  1  0  1
  1  1  0
   1 180
19  
  0  1  0  1  0  1  0  1  0  1  0  1  0  1  0  1  0  1  0  1
  1  1  0
   1 181
143 
  0  1  0  1  0  1  0  1  0  1  0  1  0  1  0  1  0  1  0  1
  1  1  0
   1 182
9   
  0  1  0  1  0  1  0  1  0  1  0  1  0  1  0  1  0  1  0  1
  1  1  0
   1 183
235 
  0  1  0  1  0  1  0  1  0  1  0  1  0  1  0  1  0  1  0  1
  1  1  0
   1 184
20  
  0  1  0  1  0  1  0  1  0  1  0  1  0  1  0  1  0  1  0  1
  1  1  0
   1 185
226 
  0  1  0  1  0  1  0  1  0  1  0  1  0  1  0  1  0  1  0  1
  1  1  0
   1 186
67  
  0  1  0  1  0  1  0  1  0  1  0  1  0  1  0  1  0  1  0  1
  1  1  0
   1 187
208 
  0  1  0  1  0  1  0  1  0  1  0  1  0  1  0  1  0  1  0  1
  1  1  0
   1 188
65  
  0  1  0  1  0  1  0  1  0  1  0  1  0  1  0  1  0  1  0  1
  1  1  0
   1 189
29  
  0  1  0  1  0  1  0  1  0  1  0  1  0  1  0  1  0  1  0  1
  1  1  0
   1 190
129 
  0  1  0  1  0  1  0  1  0  1  0  1  0  1  0  1  0  1  0  1
  1  1  0
   1 191
254 
  0  1  0  1  0  1  0  1  0  1  0  1  0  1  0  1  0  1  0  1
  1  1  0
   1 192
158 
  0  1  0  1  0  1  0  1  0  1  0  1  0  1  0  1  0  1  0  1
  1  1  0
   1 193
104 
  0  1  0  1  0  1  0  1  0  1  0  1  0  1  0  1  0  1  0  1
  1  1  0
   1 194
51  
  0  1  0  1  0  1  0  1  0  1  0  1  0  1  0  1  0  1  0  1
  1  1  0
   1 195
159 
  0  1  0  1  0  1  0  1  0  1  0  1  0  1  0  1  0  1  0  1
  1  1  0
   1 201
219 
  0  1  0  1  0  1  0  1  0  1  0  1  0  1  0  1  0  1  0  1
  1  1  0
   1 202
2   
  0  1  0  1  0  1  0  1  0  1  0  1  0  1  0  1  0  1  0  1
  1  1  0
   1 203
239 
  0  1  0  1  0  1  0  1  0  1  0  1  0  1  0  1  0  1  0  1
  1  1  0
   1 204
241 
  0  1  0  1  0  1  0  1  0  1  0  1  0  1  0  1  0  1  0  1
  1  1  0
   1 205
22  
  0  1  0  1  0  1  0  1  0  1  0  1  0  1  0  1  0  1  0  1
  1  1  0
   1 206
57  
  0  1  0  1  0  1  0  1  0  1  0  1  0  1  0  1  0  1  0  1
  1  1  0
   1 207
111 
  0  1  0  1  0  1  0  1  0  1  0  1  0  1  0  1  0  1  0  1
  1  1  0
   1 208
245 
  0  1  0  1  0  1  0  1  0  1  0  1  0  1  0  1  0  1  0  1
  1  1  0
   1 209
215 
  0  1  0  1  0  1  0  1  0  1  0  1  0  1  0  1  0  1  0  1
  1  1  0
   1 210
82  
  0  1  0  1  0  1  0  1  0  1  0  1  0  1  0  1  0  1  0  1
  1  1  0
   1 211
5   
  0  1  0  1  0  1  0  1  0  1  0  1  0  1  0  1  0  1  0  1
  1  1  0
   1 212
6   
  0  1  0  1  0  1  0  1  0  1  0  1  0  1  0  1  0  1  0  1
  1  1  0
   1 213
137 
  0  1  0  1  0  1  0  1  0  1  0  1  0  1  0  1  0  1  0  1
  1  1  0
   1 214
217 
  0  1  0  1  0  1  0  1  0  1  0  1  0  1  0  1  0  1  0  1
  1  1  0
   1 215
18  
  0  1  0  1  0  1  0  1  0  1  0  1  0  1  0  1  0  1  0  1
  1  1  0
   1 216
194 
  0  1  0  1  0  1  0  1  0  1  0  1  0  1  0  1  0  1  0  1
  1  1  0
   1 217
68  
  0  1  0  1  0  1  0  1  0  1  0  1  0  1  0  1  0  1  0  1
  1  1  0
   1 218
36  
  0  1  0  1  0  1  0  1  0  1  0  1  0  1  0  1  0  1  0  1
  1  1  0
   1 219
178 
  0  1  0  1  0  1  0  1  0  1  0  1  0  1  0  1  0  1  0  1
  1  1  0
   1 220
74  
  0  1  0  1  0  1  0  1  0  1  0  1  0  1  0  1  0  1  0  1
  1  1  0
   1 221
58  
  0  1  0  1  0  1  0  1  0  1  0  1  0  1  0  1  0  1  0  1
  1  1  0
   1 222
203 
  0  1  0  1  0  1  0  1  0  1  0  1  0  1  0  1  0  1  0  1
  1  1  0
   1 223
8   
  0  1  0  1  0  1  0  1  0  1  0  1  0  1  0  1  0  1  0  1
  1  1  0
   1 224
122 
  0  1  0  1  0  1  0  1  0  1  0  1  0  1  0  1  0  1  0  1
  1  1  0
   1 225
25  
  0  1  0  1  0  1  0  1  0  1  0  1  0  1  0  1  0  1  0  1
  1  1  0
   1 226
140 
  0  1  0  1  0  1  0  1  0  1  0  1  0  1  0  1  0  1  0  1
  1  1  0
   1 227
247 
  0  1  0  1  0  1  0  1  0  1  0  1  0  1  0  1  0  1  0  1
  1  1  0
   1 228
7   
  0  1  0  1  0  1  0  1  0  1  0  1  0  1  0  1  0  1  0  1
  1  1  0
   1 229
122 
  0  1  0  1  0  1  0  1  0  1  0  1  0  1  0  1  0  1  0  1
  1  1  0
   1 230
218 
  0  1  0  1  0  1  0  1  0  1  0  1  0  1  0  1  0  1  0  1
  1  1  0
   1 231
25  
  0  1  0  1  0  1  0  1  0  1  0  1  0  1  0  1  0  1  0  1
  1  1  0
   1 232
107 
  0  1  0  1  0  1  0  1  0  1  0  1  0  1  0  1  0  1  0  1
  1  1  0
   1 233
144 
  0  1  0  1  0  1  0  1  0  1  0  1  0  1  0  1  0  1  0  1
  1  1  0
   1 234
30  
  0  1  0  1  0  1  0  1  0  1  0  1  0  1  0  1  0  1  0  1
  1  1  0
   1 235
74  
  0  1  0  1  0  1  0  1  0  1  0  1  0  1  0  1  0  1  0  1
  1  1  0
   1 236
51  
  0  1  0  1  0  1  0  1  0  1  0  1  0  1  0  1  0  1  0  1
  1  1  0
   1 237
58  
  0  1  0  1  0  1  0  1  0  1  0  1  0  1  0  1  0  1  0  1
  1  1  0
   1 238
74  
  0  1  0  1  0  1  0  1  0  1  0  1  0  1  0  1  0  1  0  1
  1  1  0
   1 239
141 
  0  1  0  1  0  1  0  1  0  1  0  1  0  1  0  1  0  1  0  1
  1  1  0
   1 240
88  
  0  1  0  1  0  1  0  1  0  1  0  1  0  1  0  1  0  1  0  1
  1  1  0
   1 241
76  
  0  1  0  1  0  1  0  1  0  1  0  1  0  1  0  1  0  1  0  1
  1  1  0
   1 242
128 
  0  1  0  1  0  1  0  1  0  1  0  1  0  1  0  1  0  1  0  1
  1  1  0
   1 243
41  
  0  1  0  1  0  1  0  1  0  1  0  1  0  1  0  1  0  1  0  1
  1  1  0
   1 244
119 
  0  1  0  1  0  1  0  1  0  1  0  1  0  1  0  1  0  1  0  1
  1  1  0
   1 245
243 
  0  1  0  1  0  1  0  1  0  1  0  1  0  1  0  1  0  1  0  1
  1  1  0
   1 246
68  
  0  1  0  1  0  1  0  1  0  1  0  1  0  1  0  1  0  1  0  1
  1  1  0
   1 247
28  
  0  1  0  1  0  1  0  1  0  1  0  1  0  1  0  1  0  1  0  1
  1  1  0
   1 248
202 
  0  1  0  1  0  1  0  1  0  1  0  1  0  1  0  1  0  1  0  1
  1  1  0
   1 249
76  
  0  1  0  1  0  1  0  1  0  1  0  1  0  1  0  1  0  1  0  1
  1  1  0
   1 250
106 
  0  1  0  1  0  1  0  1  0  1  0  1  0  1  0  1  0  1  0  1
  1  1  0
   1 251
201 
  0  1  0  1  0  1  0  1  0  1  0  1  0  1  0  1  0  1  0  1
  1  1  0
   1 252
243 
  0  1  0  1  0  1  0  1  0  1  0  1  0  1  0  1  0  1  0  1
  1  1  0
   1 253
11  
  0  1  0  1  0  1  0  1  0  1  0  1  0  1  0  1  0  1  0  1
  1  1  0
   1 254
11  
  0  1  0  1  0  1  0  1  0  1  0  1  0  1  0  1  0  1  0  1
  1  1  0
   1 255
115 
  0  1  0  1  0  1  0  1  0  1  0  1  0  1  0  1  0  1  0  1
  1  1  0
   1 256
74  
  0  1  0  1  0  1  0  1  0  1  0  1  0  1  0  1  0  1  0  1
  1  1  0
   1 257
238 
  0  1  0  1  0  1  0  1  0  1  0  1  0  1  0  1  0  1  0  1
  1  1  0
   1 258
89  
  0  1  0  1  0  1  0  1  0  1  0  1  0  1  0  1  0  1  0  1
  1  1  0
   1 259
217 
  0  1  0  1  0  1  0  1  0  1  0  1  0  1  0  1  0  1  0  1
