 10  8  9  3 00  0  0  0  0
nnn_pot
  8                                                            Z1  BVs 1 - 8
  8  8
                                    19.503891   
                                    8.691788    
                                    3.195671    
                                    0.938459    
                                    0.233557    
                                    0.044398    
                                    0.012201    
                                    0.005213    
    9.602958    9.477205    4.546610    1.814387    0.116429    0.114168
    0.007050    0.006533
  1  1
          1.

  1  1
                      1.

  1  1
                                  1.

  1  1
                                              1.

  1  1
                                                          1.

  1  1
                                                                      1.

  1  1

          1.
  1  1

                      1.
  8                                                            Z2  BVs 9 - 16
  8  8
                                    13.071424   
                                    9.756773    
                                    8.719273    
                                    1.606061    
                                    1.507502    
                                    0.947721    
                                    0.165210    
                                    0.039227    
  143.903244    6.508696    5.496972    0.790741    0.459159    0.145748
    0.114980    0.030955
  1  1
          1.

  1  1
                      1.

  1  1
                                  1.

  1  1
                                              1.

  1  1
                                                          1.

  1  1
                                                                      1.

  1  1

          1.
  1  1

                      1.
eob-tni/123_123
elu-tni/000_000
eob-tni/123_123
elu-tni/000_000
eob-tni/123_123
elu-tni/000_000
