 10  8  9  3 00  0  0  0  0
nnn_pot
  8                                                            Z1  BVs 1 - 8
  8  8
                                    28.933435   
                                    3.995490    
                                    3.284740    
                                    2.130813    
                                    2.092701    
                                    0.571530    
                                    0.222408    
                                    0.032584    
    8.140154    5.498237    2.026338    1.379840    0.208921    0.188945
    0.057489    0.001445
  1  1
          1.

  1  1
                      1.

  1  1
                                  1.

  1  1
                                              1.

  1  1
                                                          1.

  1  1
                                                                      1.

  1  1

          1.
  1  1

                      1.
  8                                                            Z2  BVs 9 - 16
  8  8
                                    26.663063   
                                    8.996874    
                                    2.894411    
                                    1.392701    
                                    0.502690    
                                    0.180577    
                                    0.175388    
                                    0.043192    
   39.404446    6.183431    4.374685    3.242732    0.835361    0.305466
    0.118510    0.078837
  1  1
          1.

  1  1
                      1.

  1  1
                                  1.

  1  1
                                              1.

  1  1
                                                          1.

  1  1
                                                                      1.

  1  1

          1.
  1  1

                      1.
eob-tni/he_no1_he_no1
elu-tni/000_000
eob-tni/he_no6_he_no1
elu-tni/000_000
eob-tni/he_no6_he_no6
elu-tni/000_000
