 10  8  9  3 00  0  0  0  0
/home/johannesk/kette_repo/limit_cycles/src_python/../systems/2np1s/8.00/nnn_pot
  5                                                            Z1  BVs 1 - 5
  5 10
                                    19.144369   
                                    17.031483   
                                    12.145141   
                                    2.439793    
                                    0.546352    
   19.877592   18.298267    7.923932    1.865742    0.968512    0.323087
    0.161586    0.124988    0.052787    0.013781
  1  1
          1.
  1  1
                      1.
  1  1
                                  1.
  1  1
                                              1.
  1  1
                                                          1.
  5                                                            Z2  BVs 6 - 10
  5 10
                                    7.421741    
                                    0.234367    
                                    0.234323    
                                    0.053202    
                                    0.007774    
    7.321553    7.065988    2.031037    1.988159    1.351376    1.243725
    1.145869    0.701414    0.078111    0.037406
  1  1
          1.
  1  1
                      1.
  1  1
                                  1.
  1  1
                                              1.
  1  1
                                                          1.
  5                                                            Z3  BVs 11 - 15
  5 10
                                    19.983198   
                                    11.949704   
                                    9.239596    
                                    1.332445    
                                    0.654039    
    5.965267    3.292103    1.814478    1.121823    0.579001    0.366081
    0.296813    0.139371    0.090477    0.080441
  1  1
          1.
  1  1
                      1.
  1  1
                                  1.
  1  1
                                              1.
  1  1
                                                          1.
  5                                                            Z4  BVs 16 - 20
  5 10
                                    0.216727    
                                    0.172535    
                                    0.111330    
                                    0.098669    
                                    0.037466    
    7.408208    7.111756    1.889300    0.555297    0.513113    0.413741
    0.265181    0.116858    0.053584    0.013388
  1  1
          1.
  1  1
                      1.
  1  1
                                  1.
  1  1
                                              1.
  1  1
                                                          1.
eob-tni/t_no1_t_no1
elu-tni/000_000
eob-tni/t_no1_t_no1
elu-tni/000_000
eob-tni/t_no1_t_no1
elu-tni/000_000
eob-tni/t_no6_t_no1
elu-tni/000_000
eob-tni/t_no6_t_no1
elu-tni/000_000
eob-tni/t_no6_t_no6
elu-tni/000_000
eob-tni/t_no6_t_no1
elu-tni/000_000
eob-tni/t_no6_t_no1
elu-tni/000_000
eob-tni/t_no6_t_no6
elu-tni/000_000
eob-tni/t_no6_t_no6
elu-tni/000_000
