 10  8  9  3 00  0  0  0  0
nnn_pot
  6                                                            Z1  BVs 1 - 6
  6  6
                                    6.393447    
                                    4.338157    
                                    0.821800    
                                    0.280425    
                                    0.127992    
                                    0.048823    
    7.138544    3.247482    0.430310    0.384347    0.059553    0.045767
  1  1
          1.
  1  1
                      1.
  1  1
                                  1.
  1  1
                                              1.
  1  1
                                                          1.
  1  1
                                                                      1.
  6                                                            Z2  BVs 7 - 12
  6  6
                                    163.794647  
                                    2.310131    
                                    0.721128    
                                    0.296257    
                                    0.226254    
                                    0.055741    
   12.370863    1.546708    1.202995    0.344871    0.184781    0.067173
  1  1
          1.
  1  1
                      1.
  1  1
                                  1.
  1  1
                                              1.
  1  1
                                                          1.
  1  1
                                                                      1.
eob-tni/t_no1_t_no1
elu-tni/000_000
eob-tni/t_no6_t_no1
elu-tni/000_000
eob-tni/t_no6_t_no6
elu-tni/000_000
