 10  8  9  3 00  0  0  0  0
nnn_pot
  8                                                            Z1  BVs 1 - 8
  8  6
                                    9.898659    
                                    5.631204    
                                    2.955036    
                                    0.999292    
                                    0.686656    
                                    0.429641    
                                    0.109344    
                                    0.019771    
    7.417881    1.493498    1.031050    0.593738    0.133408    0.034204
  1  1
          1.

  1  1
                      1.

  1  1
                                  1.

  1  1
                                              1.

  1  1
                                                          1.

  1  1
                                                                      1.

  1  1

          1.
  1  1

                      1.
  8                                                            Z2  BVs 9 - 16
  8  6
                                    9.898659    
                                    5.631204    
                                    2.955036    
                                    0.999292    
                                    0.686656    
                                    0.429641    
                                    0.109344    
                                    0.019771    
    7.417881    1.493498    1.031050    0.593738    0.133408    0.034204
  1  1
          1.

  1  1
                      1.

  1  1
                                  1.

  1  1
                                              1.

  1  1
                                                          1.

  1  1
                                                                      1.

  1  1

          1.
  1  1

                      1.
eob-tni/123_123
elu-tni/000_000
eob-tni/123_123
elu-tni/000_000
eob-tni/123_123
elu-tni/000_000
