 10  8  9  3 00  0  0  0  0
nnn_pot
  6                                                            Z1  BVs 1 - 6
  6 12
                                    26.476959   
                                    8.438873    
                                    6.567136    
                                    3.640598    
                                    3.209870    
                                    1.638065    
   13.240955    8.573201    5.661214    2.910033    2.434320    1.563815
    1.147053    0.827182    0.327740    0.242859    0.101044    0.077555
  1  1
          1.
  1  1
                      1.
  1  1
                                  1.
  1  1
                                              1.
  1  1
                                                          1.
  1  1
                                                                      1.
  6                                                            Z2  BVs 7 - 12
  6 12
                                    11.375210   
                                    7.689047    
                                    1.343224    
                                    0.511939    
                                    0.498832    
                                    0.202571    
   68.624733   58.957054   13.388098   10.226536    5.162614    0.466385
    0.376699    0.188262    0.124265    0.095162    0.068258    0.063923
  1  1
          1.
  1  1
                      1.
  1  1
                                  1.
  1  1
                                              1.
  1  1
                                                          1.
  1  1
                                                                      1.
  6                                                            Z3  BVs 13 - 18
  6 12
                                    55.229473   
                                    19.363928   
                                    9.547699    
                                    7.906367    
                                    4.175873    
                                    1.770792    
   78.990204   31.310671    6.450628    3.261523    1.867480    1.508913
    0.938004    0.343450    0.331847    0.131252    0.081565    0.007182
  1  1
          1.
  1  1
                      1.
  1  1
                                  1.
  1  1
                                              1.
  1  1
                                                          1.
  1  1
                                                                      1.
  6                                                            Z4  BVs 19 - 24
  6 12
                                    9.457238    
                                    6.822978    
                                    1.713918    
                                    0.745541    
                                    0.246885    
                                    0.064861    
  504.851227  107.615150    7.016946    5.450940    2.609823    1.652956
    0.849448    0.329834    0.175566    0.097894    0.092514    0.043565
  1  1
          1.
  1  1
                      1.
  1  1
                                  1.
  1  1
                                              1.
  1  1
                                                          1.
  1  1
                                                                      1.
eob-tni/he_no1_he_no1
elu-tni/000_000
eob-tni/he_no1_he_no1
elu-tni/000_000
eob-tni/he_no1_he_no1
elu-tni/000_000
eob-tni/he_no6_he_no1
elu-tni/000_000
eob-tni/he_no6_he_no1
elu-tni/000_000
eob-tni/he_no6_he_no6
elu-tni/000_000
eob-tni/he_no6_he_no1
elu-tni/000_000
eob-tni/he_no6_he_no1
elu-tni/000_000
eob-tni/he_no6_he_no6
elu-tni/000_000
eob-tni/he_no6_he_no6
elu-tni/000_000
