 10  8  9  3 00  0  0  0  0
nnn_pot
  6                                                            Z1  BVs 1 - 6
  6  8
                                    13.989326   
                                    1.919070    
                                    1.430752    
                                    0.428080    
                                    0.164111    
                                    0.025422    
   10.346946    9.709394    4.758123    0.803457    0.783618    0.191046
    0.092219    0.011252
  1  1
          1.
  1  1
                      1.
  1  1
                                  1.
  1  1
                                              1.
  1  1
                                                          1.
  1  1
                                                                      1.
  6                                                            Z2  BVs 7 - 12
  6  8
                                    17.980219   
                                    4.186931    
                                    2.822009    
                                    0.876723    
                                    0.363273    
                                    0.023193    
    9.973471    6.005041    1.610862    0.489194    0.432939    0.108001
    0.043355    0.040086
  1  1
          1.
  1  1
                      1.
  1  1
                                  1.
  1  1
                                              1.
  1  1
                                                          1.
  1  1
                                                                      1.
eob-tni/t_no1_t_no1
elu-tni/000_000
eob-tni/t_no6_t_no1
elu-tni/000_000
eob-tni/t_no6_t_no6
elu-tni/000_000
