 10  8  9  3 00  0  0  0  0
nnn_pot
  6                                                            Z1  BVs 1 - 6
  6  6
                                    85.836876   
                                    29.927576   
                                    9.367867    
                                    2.498937    
                                    0.487627    
                                    0.062417    
   28.378382   10.215423    0.492120    0.489514    0.082931    0.006347
  1  1
          1.
  1  1
                      1.
  1  1
                                  1.
  1  1
                                              1.
  1  1
                                                          1.
  1  1
                                                                      1.
  6                                                            Z2  BVs 7 - 12
  6  6
                                    115.986320  
                                    31.617151   
                                    31.615843   
                                    7.246093    
                                    1.480159    
                                    0.359217    
  380.593628   20.033123    5.008758    0.713897    0.706085    0.144831
  1  1
          1.
  1  1
                      1.
  1  1
                                  1.
  1  1
                                              1.
  1  1
                                                          1.
  1  1
                                                                      1.
eob-tni/he_no1_he_no1
elu-tni/000_000
eob-tni/he_no6_he_no1
elu-tni/000_000
eob-tni/he_no6_he_no6
elu-tni/000_000
