 11  2 12 31  1  0  4  0  0 -1  0 +0
  1  1  1  1  0  0  0  0  0  0  0  0  0  0  1  1
   0.0000000   1.0000000   0.0000000   0.0000000   0.0000000   0.0000000   0.0000000
   0.0000000   0.0000000   0.0000000   0.0000000   0.0000000   0.0000000   1.0000000
   0.0000000   0.0000000   0.0000000   0.0000000   0.0000000   0.0000000   0.0000000
   0.0000000   0.0000000   0.0000000   0.0000000   0.0000000   0.0000000   0.0000000
   0.0000000   0.0000000
   0  72   1  -1   0
   1   1
  0  1  0  1  0  1  0  1  0  1  0  1  0  1  0  1  0  1  0  1
   1   2
  0  1  0  1  0  1  0  1  0  1  0  1  0  1  0  1  0  1  0  1
   1   3
  0  1  0  1  0  1  0  1  0  1  0  1  0  1  0  1  0  1  0  1
   1   4
  0  1  0  1  0  1  0  1  0  1  0  1  0  1  0  1  0  1  0  1
   1   5
  0  1  0  1  0  1  0  1  0  1  0  1  0  1  0  1  0  1  0  1
   1   6
  0  1  0  1  0  1  0  1  0  1  0  1  0  1  0  1  0  1  0  1
   1   7
  0  1  0  1  0  1  0  1  0  1  0  1  0  1  0  1  0  1  0  1
   1   8
  0  1  0  1  0  1  0  1  0  1  0  1  0  1  0  1  0  1  0  1
   1   9
  1  0  1  0  1  0  1  0  1  0  1  0  1  0  1  0  1  0  1  0
   1  10
  1  0  1  0  1  0  1  0  1  0  1  0  1  0  1  0  1  0  1  0
   1  11
  1  0  1  0  1  0  1  0  1  0  1  0  1  0  1  0  1  0  1  0
   1  12
  1  0  1  0  1  0  1  0  1  0  1  0  1  0  1  0  1  0  1  0
   1  13
  1  0  1  0  1  0  1  0  1  0  1  0  1  0  1  0  1  0  1  0
   1  14
  1  0  1  0  1  0  1  0  1  0  1  0  1  0  1  0  1  0  1  0
   1  15
  1  0  1  0  1  0  1  0  1  0  1  0  1  0  1  0  1  0  1  0
   1  16
  1  0  1  0  1  0  1  0  1  0  1  0  1  0  1  0  1  0  1  0
   1  17
  0  1  0  1  0  1  0  1  0  1  0  1  0  1  0  1  0  1  0  1
   1  18
  0  1  0  1  0  1  0  1  0  1  0  1  0  1  0  1  0  1  0  1
   1  19
  0  1  0  1  0  1  0  1  0  1  0  1  0  1  0  1  0  1  0  1
   1  20
  0  1  0  1  0  1  0  1  0  1  0  1  0  1  0  1  0  1  0  1
   1  21
  0  1  0  1  0  1  0  1  0  1  0  1  0  1  0  1  0  1  0  1
   1  22
  0  1  0  1  0  1  0  1  0  1  0  1  0  1  0  1  0  1  0  1
   1  23
  0  1  0  1  0  1  0  1  0  1  0  1  0  1  0  1  0  1  0  1
   1  24
  0  1  0  1  0  1  0  1  0  1  0  1  0  1  0  1  0  1  0  1
   1  25
  1  0  1  0  1  0  1  0  1  0  1  0  1  0  1  0  1  0  1  0
   1  26
  1  0  1  0  1  0  1  0  1  0  1  0  1  0  1  0  1  0  1  0
   1  27
  1  0  1  0  1  0  1  0  1  0  1  0  1  0  1  0  1  0  1  0
   1  28
  1  0  1  0  1  0  1  0  1  0  1  0  1  0  1  0  1  0  1  0
   1  29
  1  0  1  0  1  0  1  0  1  0  1  0  1  0  1  0  1  0  1  0
   1  30
  1  0  1  0  1  0  1  0  1  0  1  0  1  0  1  0  1  0  1  0
   1  31
  1  0  1  0  1  0  1  0  1  0  1  0  1  0  1  0  1  0  1  0
   1  32
  1  0  1  0  1  0  1  0  1  0  1  0  1  0  1  0  1  0  1  0
   1  33
  0  1  0  1  0  1  0  1  0  1  0  1  0  1  0  1  0  1  0  1
   1  34
  0  1  0  1  0  1  0  1  0  1  0  1  0  1  0  1  0  1  0  1
   1  35
  0  1  0  1  0  1  0  1  0  1  0  1  0  1  0  1  0  1  0  1
   1  36
  0  1  0  1  0  1  0  1  0  1  0  1  0  1  0  1  0  1  0  1
   1  37
  1  0  1  0  1  0  1  0  1  0  1  0  1  0  1  0  1  0  1  0
   1  38
  1  0  1  0  1  0  1  0  1  0  1  0  1  0  1  0  1  0  1  0
   1  39
  1  0  1  0  1  0  1  0  1  0  1  0  1  0  1  0  1  0  1  0
   1  40
  1  0  1  0  1  0  1  0  1  0  1  0  1  0  1  0  1  0  1  0
   1  41
  1  0  1  0  1  0  1  0  1  0  1  0  1  0  1  0  1  0  1  0
   1  42
  1  0  1  0  1  0  1  0  1  0  1  0  1  0  1  0  1  0  1  0
   1  43
  1  0  1  0  1  0  1  0  1  0  1  0  1  0  1  0  1  0  1  0
   1  44
  1  0  1  0  1  0  1  0  1  0  1  0  1  0  1  0  1  0  1  0
   1  45
  0  1  0  1  0  1  0  1  0  1  0  1  0  1  0  1  0  1  0  1
   1  46
  0  1  0  1  0  1  0  1  0  1  0  1  0  1  0  1  0  1  0  1
   1  47
  0  1  0  1  0  1  0  1  0  1  0  1  0  1  0  1  0  1  0  1
   1  48
  0  1  0  1  0  1  0  1  0  1  0  1  0  1  0  1  0  1  0  1
   1  49
  0  1  0  1  0  1  0  1  0  1  0  1  0  1  0  1  0  1  0  1
   1  50
  0  1  0  1  0  1  0  1  0  1  0  1  0  1  0  1  0  1  0  1
   1  51
  0  1  0  1  0  1  0  1  0  1  0  1  0  1  0  1  0  1  0  1
   1  52
  0  1  0  1  0  1  0  1  0  1  0  1  0  1  0  1  0  1  0  1
   1  53
  1  0  1  0  1  0  1  0  1  0  1  0  1  0  1  0  1  0  1  0
   1  54
  1  0  1  0  1  0  1  0  1  0  1  0  1  0  1  0  1  0  1  0
   1  55
  1  0  1  0  1  0  1  0  1  0  1  0  1  0  1  0  1  0  1  0
   1  56
  1  0  1  0  1  0  1  0  1  0  1  0  1  0  1  0  1  0  1  0
   1  57
  1  0  1  0  1  0  1  0  1  0  1  0  1  0  1  0  1  0  1  0
   1  58
  1  0  1  0  1  0  1  0  1  0  1  0  1  0  1  0  1  0  1  0
   1  59
  1  0  1  0  1  0  1  0  1  0  1  0  1  0  1  0  1  0  1  0
   1  60
  1  0  1  0  1  0  1  0  1  0  1  0  1  0  1  0  1  0  1  0
   1  61
  0  1  0  1  0  1  0  1  0  1  0  1  0  1  0  1  0  1  0  1
   1  62
  0  1  0  1  0  1  0  1  0  1  0  1  0  1  0  1  0  1  0  1
   1  63
  0  1  0  1  0  1  0  1  0  1  0  1  0  1  0  1  0  1  0  1
   1  64
  0  1  0  1  0  1  0  1  0  1  0  1  0  1  0  1  0  1  0  1
   1  65
  0  1  0  1  0  1  0  1  0  1  0  1  0  1  0  1  0  1  0  1
   1  66
  0  1  0  1  0  1  0  1  0  1  0  1  0  1  0  1  0  1  0  1
   1  67
  0  1  0  1  0  1  0  1  0  1  0  1  0  1  0  1  0  1  0  1
   1  68
  0  1  0  1  0  1  0  1  0  1  0  1  0  1  0  1  0  1  0  1
   1  69
  1  0  1  0  1  0  1  0  1  0  1  0  1  0  1  0  1  0  1  0
   1  70
  1  0  1  0  1  0  1  0  1  0  1  0  1  0  1  0  1  0  1  0
   1  71
  1  0  1  0  1  0  1  0  1  0  1  0  1  0  1  0  1  0  1  0
   1  72
  1  0  1  0  1  0  1  0  1  0  1  0  1  0  1  0  1  0  1  0
