 10  8  9  3 00  0  0  0  0
nnn_pot
  8                                                            Z1  BVs 1 - 8
  8 20
                                                6.183313    2.138642    
                                                2.894084    0.650074    
                                                1.373032    0.013293    
                                                0.654684    8.043142    
                                                0.444124    3.416852    
                                                0.137521    7.320367    
                                                0.092811    0.538929    
                                                0.020315    9.584204    
   11.872764    1.279767    4.825745    0.764502    0.499643    2.582438
    0.494978    1.604446    0.017851    0.950562    0.282359    0.070897
    0.119909    0.231799    0.170629    0.067974    0.036765    0.054280
    0.059453    0.020212
  1  1
          1.

  1  1
                      1.

  1  1
                                  1.

  1  1
                                              1.

  1  1
                                                          1.

  1  1
                                                                      1.

  1  1

          1.
  1  1

                      1.
  8                                                            Z2  BVs 9 - 16
  8 20
                                                1.584270    0.312834    
                                                0.739195    3.694634    
                                                0.512480    0.044156    
                                                0.490669    1.754450    
                                                0.152649    0.319494    
                                                0.148266    5.253242    
                                                0.110793    5.647679    
                                                0.097870    8.288660    
   11.872764    1.279767    4.825745    0.764502    0.499643    2.582438
    0.494978    1.604446    0.017851    0.950562    0.282359    0.070897
    0.119909    0.231799    0.170629    0.067974    0.036765    0.054280
    0.059453    0.020212
  1  1
          1.

  1  1
                      1.

  1  1
                                  1.

  1  1
                                              1.

  1  1
                                                          1.

  1  1
                                                                      1.

  1  1

          1.
  1  1

                      1.
  8                                                            Z3  BVs 17 - 24
  8 20
                                                2.278330    0.043608    
                                                1.697591    0.492775    
                                                1.394721    0.055829    
                                                0.931696    0.737562    
                                                0.879042    0.061955    
                                                0.687649    0.134906    
                                                0.173991    0.265625    
                                                0.020468    8.605989    
   11.872764    1.279767    4.825745    0.764502    0.499643    2.582438
    0.494978    1.604446    0.017851    0.950562    0.282359    0.070897
    0.119909    0.231799    0.170629    0.067974    0.036765    0.054280
    0.059453    0.020212
  1  1
          1.

  1  1
                      1.

  1  1
                                  1.

  1  1
                                              1.

  1  1
                                                          1.

  1  1
                                                                      1.

  1  1

          1.
  1  1

                      1.
  8                                                            Z4  BVs 25 - 32
  8 20
                                                9.149130    0.734825    
                                                1.075972    14.885133   
                                                0.601632    0.625501    
                                                0.142198    0.442666    
                                                0.069641    0.976212    
                                                0.041280    0.087614    
                                                0.032158    0.169014    
                                                0.029449    1.881680    
   11.872764    1.279767    4.825745    0.764502    0.499643    2.582438
    0.494978    1.604446    0.017851    0.950562    0.282359    0.070897
    0.119909    0.231799    0.170629    0.067974    0.036765    0.054280
    0.059453    0.020212
  1  1
          1.

  1  1
                      1.

  1  1
                                  1.

  1  1
                                              1.

  1  1
                                                          1.

  1  1
                                                                      1.

  1  1

          1.
  1  1

                      1.
  4                                                            Z5  BVs 33 - 36
  4 20
                                                4.767484    0.077338    
                                                4.144728    0.040078    
                                                1.014160    0.352591    
                                                0.021116    0.145925    
   11.872764    1.279767    4.825745    0.764502    0.499643    2.582438
    0.494978    1.604446    0.017851    0.950562    0.282359    0.070897
    0.119909    0.231799    0.170629    0.067974    0.036765    0.054280
    0.059453    0.020212
  1  1
          1.
  1  1
                      1.
  1  1
                                  1.
  1  1
                                              1.
  8                                                            Z6  BVs 37 - 44
  8 20
                                                2.558730    0.064944    
                                                2.150934    9.899355    
                                                0.630151    0.484216    
                                                0.289221    0.254529    
                                                0.085090    1.308157    
                                                0.080193    3.956868    
                                                0.044201    0.044492    
                                                0.043003    0.236594    
    7.420318    2.112181    8.522106    6.576570    3.245369    2.278670
    1.886741    0.001768    1.191851    0.026928    0.489312    0.546737
    0.441247    0.196713    0.106567    0.074687    0.083161    0.042370
    0.063207    0.012226
  1  1
          1.

  1  1
                      1.

  1  1
                                  1.

  1  1
                                              1.

  1  1
                                                          1.

  1  1
                                                                      1.

  1  1

          1.
  1  1

                      1.
  8                                                            Z7  BVs 45 - 52
  8 20
                                                14.623590   4.794065    
                                                5.117977    1.303314    
                                                0.523010    0.368667    
                                                0.342978    0.712279    
                                                0.164600    15.139906   
                                                0.103989    1.782743    
                                                0.082259    9.953054    
                                                0.073601    7.570316    
    7.420318    2.112181    8.522106    6.576570    3.245369    2.278670
    1.886741    0.001768    1.191851    0.026928    0.489312    0.546737
    0.441247    0.196713    0.106567    0.074687    0.083161    0.042370
    0.063207    0.012226
  1  1
          1.

  1  1
                      1.

  1  1
                                  1.

  1  1
                                              1.

  1  1
                                                          1.

  1  1
                                                                      1.

  1  1

          1.
  1  1

                      1.
  8                                                            Z8  BVs 53 - 60
  8 20
                                                2.217240    0.087473    
                                                1.438786    0.140561    
                                                1.236615    0.633461    
                                                0.895011    1.960646    
                                                0.104791    0.186223    
                                                0.086869    0.032113    
                                                0.052678    0.316574    
                                                0.026287    0.367958    
    7.420318    2.112181    8.522106    6.576570    3.245369    2.278670
    1.886741    0.001768    1.191851    0.026928    0.489312    0.546737
    0.441247    0.196713    0.106567    0.074687    0.083161    0.042370
    0.063207    0.012226
  1  1
          1.

  1  1
                      1.

  1  1
                                  1.

  1  1
                                              1.

  1  1
                                                          1.

  1  1
                                                                      1.

  1  1

          1.
  1  1

                      1.
  8                                                            Z9  BVs 61 - 68
  8 20
                                                8.354744    2.970842    
                                                7.146682    0.207370    
                                                3.985321    1.309160    
                                                1.705219    0.294725    
                                                1.241258    0.455182    
                                                0.696706    0.899170    
                                                0.035765    0.457088    
                                                0.024487    2.800427    
    7.420318    2.112181    8.522106    6.576570    3.245369    2.278670
    1.886741    0.001768    1.191851    0.026928    0.489312    0.546737
    0.441247    0.196713    0.106567    0.074687    0.083161    0.042370
    0.063207    0.012226
  1  1
          1.

  1  1
                      1.

  1  1
                                  1.

  1  1
                                              1.

  1  1
                                                          1.

  1  1
                                                                      1.

  1  1

          1.
  1  1

                      1.
  4                                                            Z10  BVs 69 - 72
  4 20
                                                8.990662    0.102027    
                                                1.857143    0.192920    
                                                1.543516    0.921852    
                                                0.101588    13.002241   
    7.420318    2.112181    8.522106    6.576570    3.245369    2.278670
    1.886741    0.001768    1.191851    0.026928    0.489312    0.546737
    0.441247    0.196713    0.106567    0.074687    0.083161    0.042370
    0.063207    0.012226
  1  1
          1.
  1  1
                      1.
  1  1
                                  1.
  1  1
                                              1.
eob-tni/np3s_np3s_12-34_np3s_np3s_12-34
elu-tni/000-0_000-0
eob-tni/np3s_np3s_12-34_np3s_np3s_12-34
elu-tni/000-0_000-0
eob-tni/np3s_np3s_12-34_np3s_np3s_12-34
elu-tni/000-0_000-0
eob-tni/np3s_np3s_12-34_np3s_np3s_12-34
elu-tni/000-0_000-0
eob-tni/np3s_np3s_12-34_np3s_np3s_12-34
elu-tni/000-0_000-0
eob-tni/np3s_np3s_12-34_np3s_np3s_12-34
elu-tni/000-0_000-0
eob-tni/np3s_np3s_12-34_np3s_np3s_12-34
elu-tni/000-0_000-0
eob-tni/np3s_np3s_12-34_np3s_np3s_12-34
elu-tni/000-0_000-0
eob-tni/np3s_np3s_12-34_np3s_np3s_12-34
elu-tni/000-0_000-0
eob-tni/np3s_np3s_12-34_np3s_np3s_12-34
elu-tni/000-0_000-0
eob-tni/np3s_np3s_12-34_np3s_np3s_12-34
elu-tni/000-0_000-0
eob-tni/np3s_np3s_12-34_np3s_np3s_12-34
elu-tni/000-0_000-0
eob-tni/np3s_np3s_12-34_np3s_np3s_12-34
elu-tni/000-0_000-0
eob-tni/np3s_np3s_12-34_np3s_np3s_12-34
elu-tni/000-0_000-0
eob-tni/np3s_np3s_12-34_np3s_np3s_12-34
elu-tni/000-0_000-0
eob-tni/tp_123-4_np3s_np3s_12-34
elu-tni/000-0_000-0
eob-tni/tp_123-4_np3s_np3s_12-34
elu-tni/000-0_000-0
eob-tni/tp_123-4_np3s_np3s_12-34
elu-tni/000-0_000-0
eob-tni/tp_123-4_np3s_np3s_12-34
elu-tni/000-0_000-0
eob-tni/tp_123-4_np3s_np3s_12-34
elu-tni/000-0_000-0
eob-tni/tp_123-4_tp_123-4
elu-tni/000-0_000-0
eob-tni/tp_123-4_np3s_np3s_12-34
elu-tni/000-0_000-0
eob-tni/tp_123-4_np3s_np3s_12-34
elu-tni/000-0_000-0
eob-tni/tp_123-4_np3s_np3s_12-34
elu-tni/000-0_000-0
eob-tni/tp_123-4_np3s_np3s_12-34
elu-tni/000-0_000-0
eob-tni/tp_123-4_np3s_np3s_12-34
elu-tni/000-0_000-0
eob-tni/tp_123-4_tp_123-4
elu-tni/000-0_000-0
eob-tni/tp_123-4_tp_123-4
elu-tni/000-0_000-0
eob-tni/tp_123-4_np3s_np3s_12-34
elu-tni/000-0_000-0
eob-tni/tp_123-4_np3s_np3s_12-34
elu-tni/000-0_000-0
eob-tni/tp_123-4_np3s_np3s_12-34
elu-tni/000-0_000-0
eob-tni/tp_123-4_np3s_np3s_12-34
elu-tni/000-0_000-0
eob-tni/tp_123-4_np3s_np3s_12-34
elu-tni/000-0_000-0
eob-tni/tp_123-4_tp_123-4
elu-tni/000-0_000-0
eob-tni/tp_123-4_tp_123-4
elu-tni/000-0_000-0
eob-tni/tp_123-4_tp_123-4
elu-tni/000-0_000-0
eob-tni/tp_123-4_np3s_np3s_12-34
elu-tni/000-0_000-0
eob-tni/tp_123-4_np3s_np3s_12-34
elu-tni/000-0_000-0
eob-tni/tp_123-4_np3s_np3s_12-34
elu-tni/000-0_000-0
eob-tni/tp_123-4_np3s_np3s_12-34
elu-tni/000-0_000-0
eob-tni/tp_123-4_np3s_np3s_12-34
elu-tni/000-0_000-0
eob-tni/tp_123-4_tp_123-4
elu-tni/000-0_000-0
eob-tni/tp_123-4_tp_123-4
elu-tni/000-0_000-0
eob-tni/tp_123-4_tp_123-4
elu-tni/000-0_000-0
eob-tni/tp_123-4_tp_123-4
elu-tni/000-0_000-0
eob-tni/tp_123-4_np3s_np3s_12-34
elu-tni/000-0_000-0
eob-tni/tp_123-4_np3s_np3s_12-34
elu-tni/000-0_000-0
eob-tni/tp_123-4_np3s_np3s_12-34
elu-tni/000-0_000-0
eob-tni/tp_123-4_np3s_np3s_12-34
elu-tni/000-0_000-0
eob-tni/tp_123-4_np3s_np3s_12-34
elu-tni/000-0_000-0
eob-tni/tp_123-4_tp_123-4
elu-tni/000-0_000-0
eob-tni/tp_123-4_tp_123-4
elu-tni/000-0_000-0
eob-tni/tp_123-4_tp_123-4
elu-tni/000-0_000-0
eob-tni/tp_123-4_tp_123-4
elu-tni/000-0_000-0
eob-tni/tp_123-4_tp_123-4
elu-tni/000-0_000-0
