 10  8  9  3 00  0  0  0  0
nnn_pot
  8                                                            Z1  BVs 1 - 8
  8  6
                                    21.506895   
                                    17.646175   
                                    2.166126    
                                    0.266859    
                                    0.173459    
                                    0.090186    
                                    0.023242    
                                    0.019954    
   30.903311    3.799407    0.218016    0.217952    0.049489    0.046852
  1  1
          1.

  1  1
                      1.

  1  1
                                  1.

  1  1
                                              1.

  1  1
                                                          1.

  1  1
                                                                      1.

  1  1

          1.
  1  1

                      1.
  8                                                            Z2  BVs 9 - 16
  8  6
                                    31.927195   
                                    31.162054   
                                    8.702050    
                                    0.194660    
                                    0.194614    
                                    0.131814    
                                    0.070191    
                                    0.022457    
    9.920159    0.967794    0.852487    0.160989    0.060269    0.040982
  1  1
          1.

  1  1
                      1.

  1  1
                                  1.

  1  1
                                              1.

  1  1
                                                          1.

  1  1
                                                                      1.

  1  1

          1.
  1  1

                      1.
eob-tni/he_no1_he_no1
elu-tni/000_000
eob-tni/he_no6_he_no1
elu-tni/000_000
eob-tni/he_no6_he_no6
elu-tni/000_000
