 11  2 12 31  1  1 +2  0  0 -1
  1  1  1  1  0  0  0  0  0  0  0  0  0  0  1  1
   0.0000000   1.0000000   1.0000000   1.0000000   1.0000000   1.0000000   1.0000000
   1.0000000   1.0000000   1.0000000   1.0000000   1.0000000   1.0000000   1.6500000
   1.0000000   1.0000000   1.0000000   1.0000000   1.0000000   1.0000000   1.0000000
   1.0000000   1.0000000   1.0000000   1.0000000   1.0000000   1.0000000   1.0000000
   1.0000000   1.0000000
   0  50   0   0   0   1
  45
1.457870821         
2.272469324         
1.113637459         
0.464169317         
0.136855709         
0.885558026         
0.867946229         
0.361764060         
0.106662537         
0.212671173         
0.177284685         
0.052270627         
0.036946544         
0.021786643         
0.003211788         
5.716895000         
-0.019627390        
0.006326377         
-1.570624000        
-0.064730920        
0.021765220         
0.046596980         
-0.046997630        
0.013576460         
-0.006233565        
-0.020428030        
0.006581268         
0.000560642         
-0.002661695        
0.003120165         
-0.000066045        
0.000130347         
0.000495034         
-0.238331300        
0.024192890         
-0.210493800        
0.023732570         
0.001293734         
-0.001089133        
-0.027804430        
0.010606830         
0.001476672         
0.006195184         
0.000462889         
0.000846310         
  2  2  0
  15   1   2   3   4   5   6   7   8   9  10  11  12  13  14  15
   1   2   3   4   5   6   7   8   9  10  11  12  13  14  15
  1  1  1  1  1  1  1  1  1  1  1  1  1
  1  1  0
  30  16  17  18  19  20  21  22  23  24  25  26  27  28  29  30  31  32  33  34
  35  36  37  38  39  40  41  42  43  44  45
  16  17  18  19  20  21  22  23  24  25  26  27  28  29  30  31  32  33  34  35
  36  37  38  39  40  41  42  43  44  45
  1  1  1  1  1  1  1  1  1  1  1  1  1
  2  2  0 -1
   1   1
11  
  0  1  0  1  1  0  1  0
  2  2  0
   1   2
5   
  0  1  0  1  0  1  1  0
  2  2  0
   1   3
1   
  0  1  1  1  1  1  1  0
  2  2  0
   1   4
7   
  0  1  1  1  1  1  1  0
  2  2  0
   1   5
34  
  0  0  1  0  1  1  1  0
  2  2  0
   1   6
8   
  0  1  1  0  0  1  1  0
  2  2  0
   1   7
10  
  0  1  0  0  1  0  1  0
  2  2  0
   1   8
7   
  0  0  1  1  1  1  0  0
  2  2  0
   1   9
19  
  0  1  0  0  0  1  0  0
  2  2  0
   1  10
3   
  0  1  0  1  0  1  1  0
  2  2  0
   1  11
34  
  0  1  1  1  1  1  1  0
  1  1  0
   1  16
11  
  0  1  0  1  1  0  1  0
  1  1  0
   1  17
2   
  0  1  1  1  0  0  0  0
  1  1  0
   1  18
16  
  0  1  1  1  1  0  1  0
  1  1  0
   1  20
34  
  0  1  0  0  0  1  1  0
  1  1  0
   1  21
19  
  0  1  0  0  1  1  0  0
  1  1  0
   1  22
10  
  0  0  0  1  1  1  1  0
  1  1  0
   1  23
4   
  0  0  1  1  1  1  1  0
  1  1  0
   1  24
8   
  0  1  1  1  1  0  0  0
  1  1  0
   1  25
7   
  0  0  0  0  1  0  0  0
  1  1  0
   1  26
36  
  0  0  1  1  1  1  1  0
  1  1  0
   1  27
4   
  0  1  1  1  1  1  1  0
  1  1  0
   1  28
1   
  0  1  1  1  1  1  1  0
  1  1  0
   1  29
11  
  0  1  1  1  1  1  1  0
  1  1  0
   1  30
5   
  0  1  1  1  1  1  1  0
  1  1  0
   1  31
16  
  0  1  1  1  1  1  1  0
  1  1  0
   1  32
2   
  0  1  1  1  1  1  1  0
  1  1  0
   1  33
19  
  0  1  1  1  1  1  1  0
  1  1  0
   1  34
4   
  0  1  0  1  1  0  0  0
  1  1  0
   1  35
4   
  0  1  1  1  0  1  1  0
  1  1  0
   1  36
16  
  0  1  1  0  1  1  1  0
  1  1  0
   1  37
3   
  0  1  1  1  1  1  1  0
  1  1  0
   1  38
19  
  0  1  1  1  0  1  1  0
  1  1  0
   1  39
34  
  0  0  0  1  1  1  1  0
  1  1  0
   1  40
8   
  0  0  1  0  1  0  1  0
  1  1  0
   1  41
1   
  0  1  1  1  1  1  1  0
  2  2  0
   1  46
36  
  0  1  1  1  1  1  1  0
  2  2  0
   1  47
1   
  0  1  1  1  1  1  1  0
  2  2  0
   1  48
38  
  0  1  0  0  1  0  1  0
  2  2  0
   1  49
38  
  0  0  0  0  0  1  0  0
  2  2  0
   1  51
34  
  0  0  0  0  0  1  0  0
  2  2  0
   1  52
4   
  0  0  0  1  0  0  1  0
  2  2  0
   1  53
21  
  0  0  0  0  1  0  1  0
  1  1  0
   1  54
32  
  0  0  0  1  1  0  0  0
  1  1  0
   1  56
39  
  0  0  0  1  0  0  1  0
  1  1  0
   1  57
19  
  0  1  1  1  1  1  1  0
  1  1  0
   1  58
41  
  0  0  0  0  0  1  0  0
  1  1  0
   1  60
41  
  0  0  1  0  0  0  1  0
  1  1  0
   1  61
38  
  0  1  0  1  0  1  0  0  0
