 10  8  9  3 00  0  0  0  0
nnn_pot
  8
  8 13
                                                13.477057   13.477057   
                                                13.477057   3.503203    
                                                13.477057   0.668381    
                                                13.477057   0.109168    
                                                13.477057   0.015066    
                                                3.503203    3.503203    
                                                3.503203    0.668381    
                                                3.503203    0.109168    
    6.812921    4.190079    4.084239    2.576980    1.584893    1.052500
    0.271227    0.069895    0.018012    0.004642    0.001196    0.000308
    0.000079
  1  1
          1.

  1  1
                      1.

  1  1
                                  1.

  1  1
                                              1.

  1  1
                                                          1.

  1  1
                                                                      1.

  1  1

          1.
  1  1

                      1.
  7
  7 13
                                                3.503203    0.015066    
                                                0.668381    0.668381    
                                                0.668381    0.109168    
                                                0.668381    0.015066    
                                                0.109168    0.109168    
                                                0.109168    0.015066    
                                                0.015066    0.015066    
    6.812921    4.190079    4.084239    2.576980    1.584893    1.052500
    0.271227    0.069895    0.018012    0.004642    0.001196    0.000308
    0.000079
  1  1
          1.

  1  1
                      1.

  1  1
                                  1.

  1  1
                                              1.

  1  1
                                                          1.

  1  1
                                                                      1.

  1  1

          1.
  8
  8 13
                                                23.993927   23.990957   
                                                23.993927   0.566440    
                                                23.993927   0.009270    
                                                9.479408    23.990957   
                                                9.479408    0.566440    
                                                9.479408    0.009270    
                                                2.373580    23.990957   
                                                2.373580    0.566440    
    6.812921    4.190079    4.084239    2.576980    1.584893    1.052500
    0.271227    0.069895    0.018012    0.004642    0.001196    0.000308
    0.000079
  1  1
          1.

  1  1
                      1.

  1  1
                                  1.

  1  1
                                              1.

  1  1
                                                          1.

  1  1
                                                                      1.

  1  1

          1.
  1  1

                      1.
  8
  8 13
                                                2.373580    0.009270    
                                                0.517303    23.990957   
                                                0.517303    0.566440    
                                                0.517303    0.009270    
                                                0.101454    23.990957   
                                                0.101454    0.566440    
                                                0.101454    0.009270    
                                                0.014194    23.990957   
    6.812921    4.190079    4.084239    2.576980    1.584893    1.052500
    0.271227    0.069895    0.018012    0.004642    0.001196    0.000308
    0.000079
  1  1
          1.

  1  1
                      1.

  1  1
                                  1.

  1  1
                                              1.

  1  1
                                                          1.

  1  1
                                                                      1.

  1  1

          1.
  1  1

                      1.
  8
  8 13
                                                0.014194    0.566440    
                                                0.014194    0.009270    
                                                15.225970   1.835891    
                                                15.225970   0.046188    
                                                4.874390    1.835891    
                                                4.874390    0.046188    
                                                1.556066    1.835891    
                                                1.556066    0.046188    
    6.812921    4.190079    4.084239    2.576980    1.584893    1.052500
    0.271227    0.069895    0.018012    0.004642    0.001196    0.000308
    0.000079
  1  1
          1.

  1  1
                      1.

  1  1
                                  1.

  1  1
                                              1.

  1  1
                                                          1.

  1  1
                                                                      1.

  1  1

          1.
  1  1

                      1.
  6
  6 13
                                                1.369019    1.835891    
                                                1.369019    0.046188    
                                                0.476351    1.835891    
                                                0.476351    0.046188    
                                                0.048515    1.835891    
                                                0.048515    0.046188    
    6.812921    4.190079    4.084239    2.576980    1.584893    1.052500
    0.271227    0.069895    0.018012    0.004642    0.001196    0.000308
    0.000079
  1  1
          1.
  1  1
                      1.
  1  1
                                  1.
  1  1
                                              1.
  1  1
                                                          1.
  1  1
                                                                      1.
  8                                                            Z1  BVs 1 - 8
  8 10
                                                33.612068   0.317836    
                                                0.085491    0.035887    
                                                0.233740    4.632947    
                                                2.286328    5.026368    
                                                1.537768    1.863602    
                                                26.401352   70.057350   
                                                0.017276    6.607069    
                                                0.325315    1.712691    
   11.889307   11.406076    4.064217    1.409008    0.454975    0.298225
    0.090574    3.089183    0.017902    0.004878
  1  1
          1.

  1  1
                      1.

  1  1
                                  1.

  1  1
                                              1.

  1  1
                                                          1.

  1  1
                                                                      1.

  1  1

          1.
  1  1

                      1.
  8                                                            Z2  BVs 9 - 16
  8 10
                                                0.220447    0.092809    
                                                115.231911  7.909908    
                                                0.030169    0.256390    
                                                0.836630    1.338772    
                                                5.209369    43.994919   
                                                25.852692   31.842562   
                                                12.985573   10.447221   
                                                1.733541    0.388147    
   22.516460    4.838958    3.266081    0.643387    8.561780    0.171835
    0.090915    0.046713    0.018325    0.003651
  1  1
          1.

  1  1
                      1.

  1  1
                                  1.

  1  1
                                              1.

  1  1
                                                          1.

  1  1
                                                                      1.

  1  1

          1.
  1  1

                      1.
eob-tni/np3s_np3s_12-34_np3s_np3s_12-34
elu-tni/000-0_000-0
eob-tni/np3s_np3s_12-34_np3s_np3s_12-34
elu-tni/000-0_000-0
eob-tni/np3s_np3s_12-34_np3s_np3s_12-34
elu-tni/000-0_000-0
eob-tni/tp_123-4_np3s_np3s_12-34
elu-tni/000-0_000-0
eob-tni/tp_123-4_np3s_np3s_12-34
elu-tni/000-0_000-0
eob-tni/tp_123-4_tp_123-4
elu-tni/000-0_000-0
eob-tni/tp_123-4_np3s_np3s_12-34
elu-tni/000-0_000-0
eob-tni/tp_123-4_np3s_np3s_12-34
elu-tni/000-0_000-0
eob-tni/tp_123-4_tp_123-4
elu-tni/000-0_000-0
eob-tni/tp_123-4_tp_123-4
elu-tni/000-0_000-0
eob-tni/tp_123-4_np3s_np3s_12-34
elu-tni/000-0_000-0
eob-tni/tp_123-4_np3s_np3s_12-34
elu-tni/000-0_000-0
eob-tni/tp_123-4_tp_123-4
elu-tni/000-0_000-0
eob-tni/tp_123-4_tp_123-4
elu-tni/000-0_000-0
eob-tni/tp_123-4_tp_123-4
elu-tni/000-0_000-0
eob-tni/tp_123-4_np3s_np3s_12-34
elu-tni/000-0_000-0
eob-tni/tp_123-4_np3s_np3s_12-34
elu-tni/000-0_000-0
eob-tni/tp_123-4_tp_123-4
elu-tni/000-0_000-0
eob-tni/tp_123-4_tp_123-4
elu-tni/000-0_000-0
eob-tni/tp_123-4_tp_123-4
elu-tni/000-0_000-0
eob-tni/tp_123-4_tp_123-4
elu-tni/000-0_000-0
eob-tni/np3s_np3s_12-34_np3s_np3s_12-34
elu-tni/000-0_000-0
eob-tni/np3s_np3s_12-34_np3s_np3s_12-34
elu-tni/000-0_000-0
eob-tni/np3s_np3s_12-34_tp_123-4
elu-tni/000-0_000-0
eob-tni/np3s_np3s_12-34_tp_123-4
elu-tni/000-0_000-0
eob-tni/np3s_np3s_12-34_tp_123-4
elu-tni/000-0_000-0
eob-tni/np3s_np3s_12-34_tp_123-4
elu-tni/000-0_000-0
eob-tni/np3s_np3s_12-34_np3s_np3s_12-34
elu-tni/000-0_000-0
eob-tni/tp_123-4_np3s_np3s_12-34
elu-tni/000-0_000-0
eob-tni/tp_123-4_np3s_np3s_12-34
elu-tni/000-0_000-0
eob-tni/tp_123-4_tp_123-4
elu-tni/000-0_000-0
eob-tni/tp_123-4_tp_123-4
elu-tni/000-0_000-0
eob-tni/tp_123-4_tp_123-4
elu-tni/000-0_000-0
eob-tni/tp_123-4_tp_123-4
elu-tni/000-0_000-0
eob-tni/tp_123-4_np3s_np3s_12-34
elu-tni/000-0_000-0
eob-tni/tp_123-4_tp_123-4
elu-tni/000-0_000-0
