 10  8  9  3 00  0  0  0  0
nnn_pot
  8                                                            Z1  BVs 1 - 8
  8  8
                                    47.246792   
                                    15.683188   
                                    11.128576   
                                    6.338079    
                                    1.861797    
                                    0.503113    
                                    0.121741    
                                    0.117142    
   11.773956    7.427547    2.858193    1.425672    0.591741    0.179640
    0.120576    0.110826
  1  1
          1.

  1  1
                      1.

  1  1
                                  1.

  1  1
                                              1.

  1  1
                                                          1.

  1  1
                                                                      1.

  1  1

          1.
  1  1

                      1.
  8                                                            Z2  BVs 9 - 16
  8  8
                                    58.977203   
                                    31.985960   
                                    11.858757   
                                    8.668209    
                                    5.202497    
                                    1.861267    
                                    0.484308    
                                    0.060612    
   28.371872   12.724482    4.279776    1.941399    1.902097    0.495543
    0.122803    0.116821
  1  1
          1.

  1  1
                      1.

  1  1
                                  1.

  1  1
                                              1.

  1  1
                                                          1.

  1  1
                                                                      1.

  1  1

          1.
  1  1

                      1.
eob-tni/t_no1_t_no1
elu-tni/000_000
eob-tni/t_no6_t_no1
elu-tni/000_000
eob-tni/t_no6_t_no6
elu-tni/000_000
