 11  2 12 31  1  1 +2  0  0 -1
  1  1  1  1  0  0  0  0  0  0  0  0  0  0  1  1
   0.0000000   1.0000000   1.0000000   1.0000000   1.0000000   1.0000000   1.0000000
   1.0000000   1.0000000   1.0000000   1.0000000   1.0000000   1.0000000   1.0000000
   1.0000000   1.0000000   1.0000000   1.0000000   1.0000000   1.0000000   1.0000000
   1.0000000   1.0000000   1.0000000   1.0000000   1.0000000   1.0000000   1.0000000
   1.0000000   1.0000000
   0  70   0   0   0   1
  91
-6.778046000        
-0.041547470        
-0.000025405        
3.840324000         
0.027201230         
0.000062677         
-8.120428000        
-0.116000600        
-0.000507377        
0.482293900         
0.022190770         
0.000114251         
-0.003962413        
-0.019246330        
-0.000003210        
0.000278812         
0.001324101         
0.000002910         
0.000114592         
0.000045981         
0.000000323         
-2.436419000        
0.001034888         
-0.917418300        
0.002405626         
-0.932316000        
0.004678199         
2630.530000000      
-37.474390000       
-2630.611000000     
37.472370000        
0.039722130         
-0.001034787        
-0.001004692        
-0.000017625        
0.553187800         
-0.004651681        
-0.008892901        
-0.285113100        
-0.018930830        
-0.012419130        
0.651642600         
0.010644550         
-0.003896352        
-0.044179180        
-0.012364590        
-0.007898231        
-0.002347935        
0.005884495         
-0.004801189        
0.000205233         
0.002425037         
-0.002650421        
-0.000023323        
-0.000136343        
-0.000657457        
0.249062600         
-0.043847430        
0.124399400         
-0.034404960        
0.093864180         
-0.008091437        
-493.586100000      
-74.743210000       
493.619500000       
74.728640000        
-0.008907857        
-0.012143950        
0.000170381         
-0.001815311        
1.228631262         
0.494108082         
1.721805618         
0.848951054         
0.314261661         
0.063065978         
0.049677801         
0.346221889         
0.170707677         
0.063191957         
0.012681351         
0.603235217         
0.594860614         
0.220203372         
0.044190376         
0.146650568         
0.108573164         
0.021788445         
0.020095613         
0.008065568         
0.000809298         
  1  1  0
  35  22  23  24  25  26  27  28  29  30  31  32  33  34  35  36  37  38  39  40
  41  42  43  44  45  46  47  48  49  50  51  52  53  54  55  56
   1   2   3   4   5   6   7   8   9  10  11  12  13  14  15  16  17  18  19  20
  21  22  23  24  25  26  27  28  29  30  31  32  33  34  35
  1  1  1  1  1  1  1  1  1  1  1  1  1  1  1  1  1  1  1  1  1  1  1
  1  1  0
  35  22  23  24  25  26  27  28  29  30  31  32  33  34  35  36  37  38  39  40
  41  42  43  44  45  46  47  48  49  50  51  52  53  54  55  56
  36  37  38  39  40  41  42  43  44  45  46  47  48  49  50  51  52  53  54  55
  56  57  58  59  60  61  62  63  64  65  66  67  68  69  70
  1  1  1  1  1  1  1  1  1  1  1  1  1  1  1  1  1  1  1  1  1  1  1
  2  2  0
  21   1   2   3   4   5   6   7   8   9  10  11  12  13  14  15  16  17  18  19
  20  21
  71  72  73  74  75  76  77  78  79  80  81  82  83  84  85  86  87  88  89  90
  91
  1  1  1  1  1  1  1  1  1  1  1  1  1  1  1  1  1  1  1  1  1  1  1
  1  1  0 -1
   1  22
39  
  0  1  0  1  0  1  0  1  0  1  0  1  0  0
  1  1  0
   1  23
79  
  0  1  0  1  0  1  0  1  0  1  0  1  0  0
  1  1  0
   1  24
82  
  0  1  0  1  0  1  0  1  0  1  0  1  0  0
  1  1  0
   1  25
22  
  0  1  0  1  0  1  0  1  0  1  0  1  0  0
  1  1  0
   1  26
57  
  0  1  0  1  0  1  0  1  0  1  0  1  0  0
  1  1  0
   1  27
71  
  0  1  0  1  0  1  0  1  0  1  0  1  0  0
  1  1  0
   1  28
66  
  0  1  0  1  0  1  0  1  0  1  0  1  0  0
  1  1  0
   1  29
82  
  0  1  0  1  0  1  0  1  0  1  0  1  0  0
  1  1  0
   1  30
4   
  0  1  0  1  0  1  0  1  0  1  0  1  0  0
  1  1  0
   1  31
42  
  0  1  0  1  0  1  0  1  0  1  0  1  0  0
  1  1  0
   1  32
59  
  0  1  0  1  0  1  0  1  0  1  0  1  0  0
  1  1  0
   1  33
74  
  0  1  0  1  0  1  0  1  0  1  0  1  0  0
  1  1  0
   1  34
86  
  0  1  0  1  0  1  0  1  0  1  0  1  0  0
  1  1  0
   1  35
87  
  0  1  0  1  0  1  0  1  0  1  0  1  0  0
  1  1  0
   1  36
8   
  0  1  0  1  0  1  0  1  0  1  0  1  0  0
  1  1  0
   1  37
74  
  0  1  0  1  0  1  0  1  0  1  0  1  0  0
  1  1  0
   1  38
75  
  0  1  0  1  0  1  0  1  0  1  0  1  0  0
  1  1  0
   1  39
74  
  0  1  0  1  0  1  0  1  0  1  0  1  0  0
  1  1  0
   1  40
10  
  0  1  0  1  0  1  0  1  0  1  0  1  0  0
  1  1  0
   1  41
10  
  0  1  0  1  0  1  0  1  0  1  0  1  0  0
  1  1  0
   1  42
26  
  0  1  0  1  0  1  0  1  0  1  0  1  0  0
  1  1  0
   1  43
26  
  0  1  0  1  0  1  0  1  0  1  0  1  0  0
  1  1  0
   1  44
59  
  0  1  0  1  0  1  0  1  0  1  0  1  0  0
  1  1  0
   1  45
39  
  0  1  0  1  0  1  0  1  0  1  0  1  0  0
  1  1  0
   1  46
86  
  0  1  0  1  0  1  0  1  0  1  0  1  0  0
  1  1  0
   1  47
1   
  0  1  0  1  0  1  0  1  0  1  0  1  0  0
  1  1  0
   1  48
8   
  0  1  0  1  0  1  0  1  0  1  0  1  0  0
  1  1  0
   1  49
86  
  0  1  0  1  0  1  0  1  0  1  0  1  0  0
  1  1  0
   1  50
86  
  0  1  0  1  0  1  0  1  0  1  0  1  0  0
  1  1  0
   1  51
24  
  0  1  0  1  0  1  0  1  0  1  0  1  0  0
  1  1  0
   1  52
22  
  0  1  0  1  0  1  0  1  0  1  0  1  0  0
  2  2  0
   1   1
42  
  0  1  0  1  0  1  0  1  0  1  0  1  0  0
  2  2  0
   1   2
1   
  0  1  0  1  0  1  0  1  0  1  0  1  0  0
  2  2  0
   1   3
29  
  0  1  0  1  0  1  0  1  0  1  0  1  0  0
  2  2  0
   1   4
82  
  0  1  0  1  0  1  0  1  0  1  0  1  0  0
  2  2  0
   1   5
1   
  0  1  0  1  0  1  0  1  0  1  0  1  0  0
  2  2  0
   1   6
87  
  0  1  0  1  0  1  0  1  0  1  0  1  0  0
  2  2  0
   1   7
8   
  0  1  0  1  0  1  0  1  0  1  0  1  0  0
  2  2  0
   1   8
10  
  0  1  0  1  0  1  0  1  0  1  0  1  0  0
  2  2  0
   1   9
73  
  0  1  0  1  0  1  0  1  0  1  0  1  0  0
  2  2  0
   1  10
71  
  0  1  0  1  0  1  0  1  0  1  0  1  0  0
  2  2  0
   1  11
78  
  0  1  0  1  0  1  0  1  0  1  0  1  0  0
  2  2  0
   1  12
1   
  0  1  0  1  0  1  0  1  0  1  0  1  0  0
  2  2  0
   1  13
8   
  0  1  0  1  0  1  0  1  0  1  0  1  0  0
  2  2  0
   1  14
42  
  0  1  0  1  0  1  0  1  0  1  0  1  0  0
  2  2  0
   1  15
78  
  0  1  0  1  0  1  0  1  0  1  0  1  0  0
  2  2  0
   1  16
4   
  0  1  0  1  0  1  0  1  0  1  0  1  0  0
  2  2  0
   1  17
8   
  0  1  0  1  0  1  0  1  0  1  0  1  0  0
  2  2  0
   1  57
12  
  0  1  0  1  0  1  0  1  0  1  0  1  0  0
  2  2  0
   1  58
22  
  0  1  0  1  0  1  0  1  0  1  0  1  0  0
  2  2  0
   1  59
60  
  0  1  0  1  0  1  0  1  0  1  0  1  0  0
  2  2  0
   1  60
4   
  0  1  0  1  0  1  0  1  0  1  0  1  0  0
  2  2  0
   1  61
66  
  0  1  0  1  0  1  0  1  0  1  0  1  0  0
  2  2  0
   1  62
64  
  0  1  0  1  0  1  0  1  0  1  0  1  0  0
  2  2  0
   1  63
52  
  0  1  0  1  0  1  0  1  0  1  0  1  0  0
  2  2  0
   1  64
63  
  0  1  0  1  0  1  0  1  0  1  0  1  0  0
  2  2  0
   1  65
13  
  0  1  0  1  0  1  0  1  0  1  0  1  0  0
  2  2  0
   1  66
22  
  0  1  0  1  0  1  0  1  0  1  0  1  0  0
  2  2  0
   1  67
50  
  0  1  0  1  0  1  0  1  0  1  0  1  0  0
  2  2  0
   1  68
45  
  0  1  0  1  0  1  0  1  0  1  0  1  0  0
  1  1  0
   1  69
82  
  0  1  0  1  0  1  0  1  0  1  0  1  0  0
  1  1  0
   1  70
64  
  0  1  0  1  0  1  0  1  0  1  0  1  0  0
  1  1  0
   1  71
80  
  0  1  0  1  0  1  0  1  0  1  0  1  0  0
  1  1  0
   1  72
16  
  0  1  0  1  0  1  0  1  0  1  0  1  0  0
  1  1  0
   1  73
85  
  0  1  0  1  0  1  0  1  0  1  0  1  0  0
  1  1  0
   1  74
43  
  0  1  0  1  0  1  0  1  0  1  0  1  0  0
  1  1  0
   1  75
43  
  0  1  0  1  0  1  0  1  0  1  0  1  0  0
  1  1  0
   1  76
50  
  0  1  0  1  0  1  0  1  0  1  0  1  0  0
  1  1  0
   1  77
80  
  0  1  0  1  0  1  0  1  0  1  0  1  0  0
  1  1  0
   1  78
80  
  0  1  0  1  0  1  0  1  0  1  0  1  0  0
  1  1  0
   1  79
1   
  0  1  0  1  0  1  0  1  0  1  0  1  0  0
  1  1  0
   1  80
9   
  0  1  0  1  0  1  0  1  0  1  0  1  0  0
