 10  8  9  3 00  0  0  0  0
nnn_pot
  8
  8 23
                                                12.647725   12.647725   
                                                12.647725   7.142526    
                                                12.647725   2.584047    
                                                12.647725   0.446574    
                                                12.647725   0.059474    
                                                12.647725   0.007565    
                                                7.142526    7.142526    
                                                7.142526    2.584047    
    6.072022    3.758374    2.326305    1.439903    0.891251    0.551654
    0.341455    0.211349    0.130818    0.080972    0.050119    0.031022
    0.019201    0.011885    0.007356    0.004553    0.002818    0.001744
    0.001080    0.000668    0.000414    0.000256    0.000158
  1  1
          1.

  1  1
                      1.

  1  1
                                  1.

  1  1
                                              1.

  1  1
                                                          1.

  1  1
                                                                      1.

  1  1

          1.
  1  1

                      1.
  8
  8 23
                                                7.142526    0.446574    
                                                7.142526    0.059474    
                                                7.142526    0.007565    
                                                2.584047    2.584047    
                                                2.584047    0.446574    
                                                2.584047    0.059474    
                                                2.584047    0.007565    
                                                0.446574    0.446574    
    6.072022    3.758374    2.326305    1.439903    0.891251    0.551654
    0.341455    0.211349    0.130818    0.080972    0.050119    0.031022
    0.019201    0.011885    0.007356    0.004553    0.002818    0.001744
    0.001080    0.000668    0.000414    0.000256    0.000158
  1  1
          1.

  1  1
                      1.

  1  1
                                  1.

  1  1
                                              1.

  1  1
                                                          1.

  1  1
                                                                      1.

  1  1

          1.
  1  1

                      1.
  5
  5 23
                                                0.446574    0.059474    
                                                0.446574    0.007565    
                                                0.059474    0.059474    
                                                0.059474    0.007565    
                                                0.007565    0.007565    
    6.072022    3.758374    2.326305    1.439903    0.891251    0.551654
    0.341455    0.211349    0.130818    0.080972    0.050119    0.031022
    0.019201    0.011885    0.007356    0.004553    0.002818    0.001744
    0.001080    0.000668    0.000414    0.000256    0.000158
  1  1
          1.
  1  1
                      1.
  1  1
                                  1.
  1  1
                                              1.
  1  1
                                                          1.
  8
  8 23
                                                19.270870   9.354673    
                                                19.270870   0.249999    
                                                19.270870   0.008908    
                                                8.121530    9.354673    
                                                8.121530    0.249999    
                                                8.121530    0.008908    
                                                4.685037    9.354673    
                                                4.685037    0.249999    
    6.072022    3.758374    2.326305    1.439903    0.891251    0.551654
    0.341455    0.211349    0.130818    0.080972    0.050119    0.031022
    0.019201    0.011885    0.007356    0.004553    0.002818    0.001744
    0.001080    0.000668    0.000414    0.000256    0.000158
  1  1
          1.

  1  1
                      1.

  1  1
                                  1.

  1  1
                                              1.

  1  1
                                                          1.

  1  1
                                                                      1.

  1  1

          1.
  1  1

                      1.
  8
  8 23
                                                4.685037    0.008908    
                                                2.015447    9.354673    
                                                2.015447    0.249999    
                                                2.015447    0.008908    
                                                0.559734    9.354673    
                                                0.559734    0.249999    
                                                0.559734    0.008908    
                                                0.123250    9.354673    
    6.072022    3.758374    2.326305    1.439903    0.891251    0.551654
    0.341455    0.211349    0.130818    0.080972    0.050119    0.031022
    0.019201    0.011885    0.007356    0.004553    0.002818    0.001744
    0.001080    0.000668    0.000414    0.000256    0.000158
  1  1
          1.

  1  1
                      1.

  1  1
                                  1.

  1  1
                                              1.

  1  1
                                                          1.

  1  1
                                                                      1.

  1  1

          1.
  1  1

                      1.
  8
  8 23
                                                0.123250    0.249999    
                                                0.123250    0.008908    
                                                0.020420    9.354673    
                                                0.020420    0.249999    
                                                0.020420    0.008908    
                                                14.740558   1.487919    
                                                14.740558   0.050039    
                                                4.950761    1.487919    
    6.072022    3.758374    2.326305    1.439903    0.891251    0.551654
    0.341455    0.211349    0.130818    0.080972    0.050119    0.031022
    0.019201    0.011885    0.007356    0.004553    0.002818    0.001744
    0.001080    0.000668    0.000414    0.000256    0.000158
  1  1
          1.

  1  1
                      1.

  1  1
                                  1.

  1  1
                                              1.

  1  1
                                                          1.

  1  1
                                                                      1.

  1  1

          1.
  1  1

                      1.
  8
  8 23
                                                4.950761    0.050039    
                                                2.615640    1.487919    
                                                2.615640    0.050039    
                                                0.902787    1.487919    
                                                0.902787    0.050039    
                                                0.902725    1.487919    
                                                0.902725    0.050039    
                                                0.340805    1.487919    
    6.072022    3.758374    2.326305    1.439903    0.891251    0.551654
    0.341455    0.211349    0.130818    0.080972    0.050119    0.031022
    0.019201    0.011885    0.007356    0.004553    0.002818    0.001744
    0.001080    0.000668    0.000414    0.000256    0.000158
  1  1
          1.

  1  1
                      1.

  1  1
                                  1.

  1  1
                                              1.

  1  1
                                                          1.

  1  1
                                                                      1.

  1  1

          1.
  1  1

                      1.
  3
  3 23
                                                0.340805    0.050039    
                                                0.056017    1.487919    
                                                0.056017    0.050039    
    6.072022    3.758374    2.326305    1.439903    0.891251    0.551654
    0.341455    0.211349    0.130818    0.080972    0.050119    0.031022
    0.019201    0.011885    0.007356    0.004553    0.002818    0.001744
    0.001080    0.000668    0.000414    0.000256    0.000158
  1  1
          1.
  1  1
                      1.
  1  1
                                  1.
  8                                                            Z1  BVs 1 - 8
  8 10
                                                17.230883   0.394317    
                                                0.712346    1.941344    
                                                0.556811    0.046662    
                                                5.025120    3.832708    
                                                32.925419   0.141125    
                                                0.371915    1.626151    
                                                16.449869   5.060005    
                                                1.658093    0.106307    
   31.030083    5.806772    1.572473    0.243819    0.517444    0.139389
    0.118831    0.032882    0.017364    0.002743
  1  1
          1.

  1  1
                      1.

  1  1
                                  1.

  1  1
                                              1.

  1  1
                                                          1.

  1  1
                                                                      1.

  1  1

          1.
  1  1

                      1.
  4                                                            Z2  BVs 9 - 12
  4 10
                                                0.166293    14.396977   
                                                0.141139    0.124801    
                                                0.218264    3.786663    
                                                0.278650    10.653039   
   16.859180    5.669964    1.194905    0.243820    0.519016    0.217514
    1.768485    0.016476    9.056991    0.005022
  1  1
          1.
  1  1
                      1.
  1  1
                                  1.
  1  1
                                              1.
  8                                                            Z3  BVs 13 - 20
  8 10
                                                0.920819    0.734005    
                                                8.045204    3.894407    
                                                10.482858   1.789970    
                                                9.025291    1.768510    
                                                2.991933    1.753851    
                                                0.596134    12.706005   
                                                1.966353    0.404449    
                                                13.038919   1.436389    
    1.184640    6.838521   22.299618    3.801827    0.343741    1.077985
   10.682544    0.038271    0.009001    0.004455
  1  1
          1.

  1  1
                      1.

  1  1
                                  1.

  1  1
                                              1.

  1  1
                                                          1.

  1  1
                                                                      1.

  1  1

          1.
  1  1

                      1.
  4                                                            Z4  BVs 21 - 24
  4 10
                                                1.993380    0.232253    
                                                2.583949    1.488667    
                                                17.647785   10.062491   
                                                16.578318   4.998887    
    0.013338    9.653068    2.495839    0.256755    0.497953    0.126936
    0.078893    6.639392    1.654467    0.004744
  1  1
          1.
  1  1
                      1.
  1  1
                                  1.
  1  1
                                              1.
eob-tni/np3s_np3s_12-34_np3s_np3s_12-34
elu-tni/000-0_000-0
eob-tni/np3s_np3s_12-34_np3s_np3s_12-34
elu-tni/000-0_000-0
eob-tni/np3s_np3s_12-34_np3s_np3s_12-34
elu-tni/000-0_000-0
eob-tni/np3s_np3s_12-34_np3s_np3s_12-34
elu-tni/000-0_000-0
eob-tni/np3s_np3s_12-34_np3s_np3s_12-34
elu-tni/000-0_000-0
eob-tni/np3s_np3s_12-34_np3s_np3s_12-34
elu-tni/000-0_000-0
eob-tni/tp_123-4_np3s_np3s_12-34
elu-tni/000-0_000-0
eob-tni/tp_123-4_np3s_np3s_12-34
elu-tni/000-0_000-0
eob-tni/tp_123-4_np3s_np3s_12-34
elu-tni/000-0_000-0
eob-tni/tp_123-4_tp_123-4
elu-tni/000-0_000-0
eob-tni/tp_123-4_np3s_np3s_12-34
elu-tni/000-0_000-0
eob-tni/tp_123-4_np3s_np3s_12-34
elu-tni/000-0_000-0
eob-tni/tp_123-4_np3s_np3s_12-34
elu-tni/000-0_000-0
eob-tni/tp_123-4_tp_123-4
elu-tni/000-0_000-0
eob-tni/tp_123-4_tp_123-4
elu-tni/000-0_000-0
eob-tni/tp_123-4_np3s_np3s_12-34
elu-tni/000-0_000-0
eob-tni/tp_123-4_np3s_np3s_12-34
elu-tni/000-0_000-0
eob-tni/tp_123-4_np3s_np3s_12-34
elu-tni/000-0_000-0
eob-tni/tp_123-4_tp_123-4
elu-tni/000-0_000-0
eob-tni/tp_123-4_tp_123-4
elu-tni/000-0_000-0
eob-tni/tp_123-4_tp_123-4
elu-tni/000-0_000-0
eob-tni/tp_123-4_np3s_np3s_12-34
elu-tni/000-0_000-0
eob-tni/tp_123-4_np3s_np3s_12-34
elu-tni/000-0_000-0
eob-tni/tp_123-4_np3s_np3s_12-34
elu-tni/000-0_000-0
eob-tni/tp_123-4_tp_123-4
elu-tni/000-0_000-0
eob-tni/tp_123-4_tp_123-4
elu-tni/000-0_000-0
eob-tni/tp_123-4_tp_123-4
elu-tni/000-0_000-0
eob-tni/tp_123-4_tp_123-4
elu-tni/000-0_000-0
eob-tni/tp_123-4_np3s_np3s_12-34
elu-tni/000-0_000-0
eob-tni/tp_123-4_np3s_np3s_12-34
elu-tni/000-0_000-0
eob-tni/tp_123-4_np3s_np3s_12-34
elu-tni/000-0_000-0
eob-tni/tp_123-4_tp_123-4
elu-tni/000-0_000-0
eob-tni/tp_123-4_tp_123-4
elu-tni/000-0_000-0
eob-tni/tp_123-4_tp_123-4
elu-tni/000-0_000-0
eob-tni/tp_123-4_tp_123-4
elu-tni/000-0_000-0
eob-tni/tp_123-4_tp_123-4
elu-tni/000-0_000-0
eob-tni/np3s_np3s_12-34_np3s_np3s_12-34
elu-tni/000-0_000-0
eob-tni/np3s_np3s_12-34_np3s_np3s_12-34
elu-tni/000-0_000-0
eob-tni/np3s_np3s_12-34_np3s_np3s_12-34
elu-tni/000-0_000-0
eob-tni/np3s_np3s_12-34_tp_123-4
elu-tni/000-0_000-0
eob-tni/np3s_np3s_12-34_tp_123-4
elu-tni/000-0_000-0
eob-tni/np3s_np3s_12-34_tp_123-4
elu-tni/000-0_000-0
eob-tni/np3s_np3s_12-34_tp_123-4
elu-tni/000-0_000-0
eob-tni/np3s_np3s_12-34_tp_123-4
elu-tni/000-0_000-0
eob-tni/np3s_np3s_12-34_np3s_np3s_12-34
elu-tni/000-0_000-0
eob-tni/np3s_np3s_12-34_np3s_np3s_12-34
elu-tni/000-0_000-0
eob-tni/np3s_np3s_12-34_np3s_np3s_12-34
elu-tni/000-0_000-0
eob-tni/np3s_np3s_12-34_np3s_np3s_12-34
elu-tni/000-0_000-0
eob-tni/np3s_np3s_12-34_tp_123-4
elu-tni/000-0_000-0
eob-tni/np3s_np3s_12-34_tp_123-4
elu-tni/000-0_000-0
eob-tni/np3s_np3s_12-34_tp_123-4
elu-tni/000-0_000-0
eob-tni/np3s_np3s_12-34_tp_123-4
elu-tni/000-0_000-0
eob-tni/np3s_np3s_12-34_tp_123-4
elu-tni/000-0_000-0
eob-tni/np3s_np3s_12-34_np3s_np3s_12-34
elu-tni/000-0_000-0
eob-tni/np3s_np3s_12-34_np3s_np3s_12-34
elu-tni/000-0_000-0
eob-tni/tp_123-4_np3s_np3s_12-34
elu-tni/000-0_000-0
eob-tni/tp_123-4_np3s_np3s_12-34
elu-tni/000-0_000-0
eob-tni/tp_123-4_np3s_np3s_12-34
elu-tni/000-0_000-0
eob-tni/tp_123-4_tp_123-4
elu-tni/000-0_000-0
eob-tni/tp_123-4_tp_123-4
elu-tni/000-0_000-0
eob-tni/tp_123-4_tp_123-4
elu-tni/000-0_000-0
eob-tni/tp_123-4_tp_123-4
elu-tni/000-0_000-0
eob-tni/tp_123-4_tp_123-4
elu-tni/000-0_000-0
eob-tni/tp_123-4_np3s_np3s_12-34
elu-tni/000-0_000-0
eob-tni/tp_123-4_np3s_np3s_12-34
elu-tni/000-0_000-0
eob-tni/tp_123-4_tp_123-4
elu-tni/000-0_000-0
eob-tni/tp_123-4_np3s_np3s_12-34
elu-tni/000-0_000-0
eob-tni/tp_123-4_np3s_np3s_12-34
elu-tni/000-0_000-0
eob-tni/tp_123-4_np3s_np3s_12-34
elu-tni/000-0_000-0
eob-tni/tp_123-4_tp_123-4
elu-tni/000-0_000-0
eob-tni/tp_123-4_tp_123-4
elu-tni/000-0_000-0
eob-tni/tp_123-4_tp_123-4
elu-tni/000-0_000-0
eob-tni/tp_123-4_tp_123-4
elu-tni/000-0_000-0
eob-tni/tp_123-4_tp_123-4
elu-tni/000-0_000-0
eob-tni/tp_123-4_np3s_np3s_12-34
elu-tni/000-0_000-0
eob-tni/tp_123-4_np3s_np3s_12-34
elu-tni/000-0_000-0
eob-tni/tp_123-4_tp_123-4
elu-tni/000-0_000-0
eob-tni/tp_123-4_tp_123-4
elu-tni/000-0_000-0
