 10  8  9  3 00  0  0  0
nn_pot
  8
  8 20
                                                            4.037146    
0.128163    0.280796    
                                                            4.037146    
0.128163    0.158901    
                                                            4.037146    
0.128163    2.978492    
                                                            0.298402    
15.808714   0.280796    
                                                            0.298402    
15.808714   0.158901    
                                                            0.298402    
15.808714   2.978492    
                                                            13.222997   
0.297377    0.358208    
                                                            13.222997   
0.297377    0.280796    
   12.956650    5.134670    2.947287    1.342339    0.821446    0.444741
    2.939000    1.690174    1.185236    0.843000    0.500110    0.257369
    0.138520    0.071429    0.038519    0.018573    0.009726    0.005619
    0.002765    0.001010
  1  1
          1.

  1  1
                      1.

  1  1
                                  1.

  1  1
                                              1.

  1  1
                                                          1.

  1  1
                                                                      1.

  1  1

          1.
  1  1

                      1.
  5
  5 20
                                                            13.222997   
0.297377    0.158901    
                                                            13.222997   
0.297377    2.978492    
                                                            7.504772    
11.879612   0.158901    
                                                            7.504772    
11.879612   2.978492    
                                                            1.161154    
0.101088    0.043173    
   12.956650    5.134670    2.947287    1.342339    0.821446    0.444741
    2.939000    1.690174    1.185236    0.843000    0.500110    0.257369
    0.138520    0.071429    0.038519    0.018573    0.009726    0.005619
    0.002765    0.001010
  1  1
          1.
  1  1
                      1.
  1  1
                                  1.
  1  1
                                              1.
  1  1
                                                          1.
  8
  8 20
                                                            10.993642   
0.690579    0.396280    
                                                            10.993642   
0.690579    0.404169    
                                                            10.993642   
0.690579    2.010464    
                                                            10.993642   
0.690579    6.796119    
                                                            0.155179    
0.329030    0.404169    
                                                            0.155179    
0.329030    0.253610    
                                                            0.155179    
0.329030    2.010464    
                                                            0.155179    
0.329030    6.796119    
   12.956650    5.134670    2.947287    1.342339    0.821446    0.444741
    2.939000    1.690174    1.185236    0.843000    0.500110    0.257369
    0.138520    0.071429    0.038519    0.018573    0.009726    0.005619
    0.002765    0.001010
  1  1
          1.

  1  1
                      1.

  1  1
                                  1.

  1  1
                                              1.

  1  1
                                                          1.

  1  1
                                                                      1.

  1  1

          1.
  1  1

                      1.
  8
  8 20
                                                            2.377701    
9.770164    0.404169    
                                                            2.377701    
9.770164    0.253610    
                                                            2.377701    
9.770164    2.010464    
                                                            2.377701    
9.770164    6.796119    
                                                            3.040512    
0.735074    0.253610    
                                                            3.040512    
0.735074    2.010464    
                                                            3.040512    
0.735074    6.796119    
                                                            0.658179    
0.154694    0.253610    
   12.956650    5.134670    2.947287    1.342339    0.821446    0.444741
    2.939000    1.690174    1.185236    0.843000    0.500110    0.257369
    0.138520    0.071429    0.038519    0.018573    0.009726    0.005619
    0.002765    0.001010
  1  1
          1.

  1  1
                      1.

  1  1
                                  1.

  1  1
                                              1.

  1  1
                                                          1.

  1  1
                                                                      1.

  1  1

          1.
  1  1

                      1.
  7
  7 20
                                                            0.658179    
0.154694    2.010464    
                                                            0.658179    
0.154694    6.796119    
                                                            11.371024   
4.659338    1.082942    
                                                            11.371024   
4.659338    3.292146    
                                                            11.371024   
4.659338    5.535491    
                                                            9.827191    
0.411622    3.292146    
                                                            9.827191    
0.411622    5.535491    
   12.956650    5.134670    2.947287    1.342339    0.821446    0.444741
    2.939000    1.690174    1.185236    0.843000    0.500110    0.257369
    0.138520    0.071429    0.038519    0.018573    0.009726    0.005619
    0.002765    0.001010
  1  1
          1.

  1  1
                      1.

  1  1
                                  1.

  1  1
                                              1.

  1  1
                                                          1.

  1  1
                                                                      1.

  1  1

          1.
  8
  8 20
                                                            1.803032    
0.249875    0.203637    
                                                            1.803032    
0.249875    0.094995    
                                                            10.728193   
7.976027    1.553760    
                                                            10.728193   
7.976027    1.296638    
                                                            10.728193   
7.976027    0.203637    
                                                            10.728193   
7.976027    0.094995    
                                                            0.080486    
9.023806    0.203637    
                                                            0.080486    
9.023806    0.094995    
   12.956650    5.134670    2.947287    1.342339    0.821446    0.444741
    2.939000    1.690174    1.185236    0.843000    0.500110    0.257369
    0.138520    0.071429    0.038519    0.018573    0.009726    0.005619
    0.002765    0.001010
  1  1
          1.

  1  1
                      1.

  1  1
                                  1.

  1  1
                                              1.

  1  1
                                                          1.

  1  1
                                                                      1.

  1  1

          1.
  1  1

                      1.
  8
  8 20
                                                            7.639909    
5.582593    0.094995    
                                                            6.475979    
0.663426    1.296638    
                                                            6.475979    
0.663426    0.203637    
                                                            6.475979    
0.663426    0.094995    
                                                            1.248069    
0.088427    1.191722    
                                                            1.248069    
0.088427    0.195247    
                                                            1.248069    
0.088427    0.383015    
                                                            1.248069    
0.088427    0.222369    
   12.956650    5.134670    2.947287    1.342339    0.821446    0.444741
    2.939000    1.690174    1.185236    0.843000    0.500110    0.257369
    0.138520    0.071429    0.038519    0.018573    0.009726    0.005619
    0.002765    0.001010
  1  1
          1.

  1  1
                      1.

  1  1
                                  1.

  1  1
                                              1.

  1  1
                                                          1.

  1  1
                                                                      1.

  1  1

          1.
  1  1

                      1.
  1
  1 20
                                                            0.337592    
1.237662    0.222369    
   12.956650    5.134670    2.947287    1.342339    0.821446    0.444741
    2.939000    1.690174    1.185236    0.843000    0.500110    0.257369
    0.138520    0.071429    0.038519    0.018573    0.009726    0.005619
    0.002765    0.001010
  1  1
          1.
  8
  8 20
                                                            1.893180    
3.446747    2.510194    
                                                            1.893180    
3.446747    10.841875   
                                                            0.480194    
1.224776    0.480900    
                                                            0.480194    
1.224776    2.510194    
                                                            0.480194    
1.224776    10.841875   
                                                            10.165168   
0.692324    0.212479    
                                                            10.165168   
0.692324    0.008098    
                                                            10.165168   
0.692324    4.163901    
   12.956650    5.134670    2.947287    1.342339    0.821446    0.444741
    2.939000    1.690174    1.185236    0.843000    0.500110    0.257369
    0.138520    0.071429    0.038519    0.018573    0.009726    0.005619
    0.002765    0.001010
  1  1
          1.

  1  1
                      1.

  1  1
                                  1.

  1  1
                                              1.

  1  1
                                                          1.

  1  1
                                                                      1.

  1  1

          1.
  1  1

                      1.
  7
  7 20
                                                            0.213752    
0.180795    4.163901    
                                                            1.135687    
1.321152    0.212479    
                                                            1.135687    
1.321152    0.008098    
                                                            1.135687    
1.321152    4.163901    
                                                            0.340820    
0.761297    0.212479    
                                                            0.340820    
0.761297    0.008098    
                                                            0.340820    
0.761297    4.163901    
   12.956650    5.134670    2.947287    1.342339    0.821446    0.444741
    2.939000    1.690174    1.185236    0.843000    0.500110    0.257369
    0.138520    0.071429    0.038519    0.018573    0.009726    0.005619
    0.002765    0.001010
  1  1
          1.

  1  1
                      1.

  1  1
                                  1.

  1  1
                                              1.

  1  1
                                                          1.

  1  1
                                                                      1.

  1  1

          1.
