 10  8  9  3 00  0  0  0  0
nnn_pot
  8                                                            Z1  BVs 1 - 8
  8  8
                                    7.924285    
                                    7.917959    
                                    4.804718    
                                    1.994093    
                                    0.840487    
                                    0.416492    
                                    0.354480    
                                    0.031057    
    7.237178    3.606746    1.022949    0.702938    0.337241    0.246931
    0.091277    0.050284
  1  1
          1.

  1  1
                      1.

  1  1
                                  1.

  1  1
                                              1.

  1  1
                                                          1.

  1  1
                                                                      1.

  1  1

          1.
  1  1

                      1.
  8                                                            Z2  BVs 9 - 16
  8  8
                                    10.037566   
                                    4.874448    
                                    1.745687    
                                    1.506461    
                                    1.115196    
                                    0.436370    
                                    0.311492    
                                    0.062400    
   31.370781    7.843179    1.983327    1.187181    0.485538    0.393799
    0.246027    0.100792
  1  1
          1.

  1  1
                      1.

  1  1
                                  1.

  1  1
                                              1.

  1  1
                                                          1.

  1  1
                                                                      1.

  1  1

          1.
  1  1

                      1.
eob-tni/t_no1_t_no1
elu-tni/000_000
eob-tni/t_no6_t_no1
elu-tni/000_000
eob-tni/t_no6_t_no6
elu-tni/000_000
