 10  8  9  3 00  0  0  0  0
nn_pot
  8                                                            Z1  BVs 1 - 8
  8  8
                                    159.191269  
                                    31.932608   
                                    27.826643   
                                    23.994381   
                                    6.799430    
                                    2.312253    
                                    0.433441    
                                    0.062006    
    7.421869    1.921626    1.728178    0.844530    0.374881    0.343666
    0.084838    0.062111
  1  1
          1.

  1  1
                      1.

  1  1
                                  1.

  1  1
                                              1.

  1  1
                                                          1.

  1  1
                                                                      1.

  1  1

          1.
  1  1

                      1.
  8                                                            Z2  BVs 9 - 16
  8  8
                                    72.865929   
                                    31.363272   
                                    13.124877   
                                    9.712324    
                                    4.206597    
                                    2.630459    
                                    1.202754    
                                    0.278961    
   10.277241    7.593256    6.952507    1.701109    0.934553    0.370999
    0.124428    0.090816
  1  1
          1.

  1  1
                      1.

  1  1
                                  1.

  1  1
                                              1.

  1  1
                                                          1.

  1  1
                                                                      1.

  1  1

          1.
  1  1

                      1.
eob/t_no1_t_no1
elu/000_000
eob/t_no6_t_no1
elu/000_000
eob/t_no6_t_no6
elu/000_000
