 11  2 12 31  1  1 +2  0  0 -1
  1  1  1  1  0  0  0  0  0  0  0  0  0  0  1  1
   0.0000000   1.0000000   1.0000000   1.0000000   1.0000000   1.0000000   1.0000000
   1.0000000   1.0000000   1.0000000   1.0000000   1.0000000   1.0000000   1.0000000
   1.0000000   1.0000000   1.0000000   1.0000000   1.0000000   1.0000000   1.0000000
   1.0000000   1.0000000   1.0000000   1.0000000   1.0000000   1.0000000   1.0000000
   1.0000000   1.0000000
   0   7   0   0   0   1
  35
0.710738621         
0.919104269         
0.614900530         
0.343734573         
0.093502477         
0.297139002         
0.397584770         
0.222253234         
0.060457194         
0.132996383         
0.148692195         
0.040447164         
0.041560094         
0.022610305         
0.003075221         
1.683724000         
-1.073167000        
-1.521753000        
1.046056000         
0.006197438         
-0.402300800        
-0.001084023        
0.013004060         
0.002809969         
-0.007119047        
-0.169441400        
0.108909800         
-0.045396800        
0.090930590         
0.134006400         
0.038424430         
-0.073757740        
-0.032296960        
-0.002735494        
0.006812470         
  2  2  0
  15   1   2   3   4   5   6   7   8   9  10  11  12  13  14  15
   1   2   3   4   5   6   7   8   9  10  11  12  13  14  15
  1  1  1  1  1  1  1  1  1  1  1  1  1  1  1  1  1  1  1  1  1  1
  1  1  0
  20  16  17  18  19  20  21  22  23  24  25  26  27  28  29  30  31  32  33  34
  35
  16  17  18  19  20  21  22  23  24  25  26  27  28  29  30  31  32  33  34  35
  1  1  1  1  1  1  1  1  1  1  1  1  1  1  1  1  1  1  1  1  1  1
  2  2  0 -1
   1   1
7   
  0  1  1  1  1  1  1  1  1  1  0
  2  2  0
   1   2
8   
  1  0  1  0  0  0  0  0  0  1  0
  2  2  0
   1   3
11  
  1  0  1  0  1  0  1  1  0  1  0
  2  2  0
   1   4
17  
  1  0  0  0  0  0  0  0  0  1  0
  2  2  0
   1   5
3   
  1  0  0  0  0  1  0  0  0  0  0
  2  2  0
   1   6
17  
  0  1  0  1  0  1  0  1  0  1  0  0
  2  2  0
   1   7
17  
  0  1  0  1  0  1  0  1  0  1  0  0
  2  2  0
   1   8
30  
  0  1  0  1  0  1  0  1  0  1  0  0
  2  2  0
   1   9
19  
  0  1  0  1  0  1  0  1  0  1  0  0
  2  2  0
   1  10
10  
  0  1  0  1  0  1  0  1  0  1  0  0
  2  2  0
   1  11
30  
  0  1  0  1  0  1  0  1  0  1  0  0
  1  1  0
   1  16
11  
  0  1  0  1  0  1  0  1  0  1  0  0
  1  1  0
   1  17
18  
  0  1  0  1  0  1  0  1  0  1  0  0
  1  1  0
   1  18
19  
  0  1  0  1  0  1  0  1  0  1  0  0
  1  1  0
   1  19
1   
  0  1  0  1  0  1  0  1  0  1  0  0
  1  1  0
   1  20
10  
  0  1  0  1  0  1  0  1  0  1  0  0
  1  1  0
   1  21
3   
  0  1  0  1  0  1  0  1  0  1  0  0
  1  1  0
   1  22
18  
  0  1  0  1  0  1  0  1  0  1  0  0
  1  1  0
   1  23
10  
  0  1  0  1  0  1  0  1  0  1  0  0
  1  1  0
   1  24
30  
  0  1  0  1  0  1  0  1  0  1  0  0
  1  1  0
   1  25
6   
  0  1  0  1  0  1  0  1  0  1  0  0
  1  1  0
   1  26
19  
  0  1  0  1  0  1  0  1  0  1  0  0
  1  1  0
   1  27
18  
  0  1  0  1  0  1  0  1  0  1  0  0
  1  1  0
   1  28
2   
  0  1  0  1  0  1  0  1  0  1  0  0
  1  1  0
   1  29
21  
  0  1  0  1  0  1  0  1  0  1  0  0
  1  1  0
   1  30
4   
  0  1  0  1  0  1  0  1  0  1  0  0
  1  1  0
   1  31
3   
  0  1  0  1  0  1  0  1  0  1  0  0
  2  2  0
   1  36
22  
  0  1  0  1  0  1  0  1  0  1  0  0
  2  2  0
   1  37
12  
  0  1  0  1  0  1  0  1  0  1  0  0
  2  2  0
   1  38
30  
  0  1  0  1  0  1  0  1  0  1  0  0
  2  2  0
   1  39
6   
  0  1  0  1  0  1  0  1  0  1  0  0
  1  1  0
   1  40
27  
  0  1  0  1  0  1  0  1  0  1  0  0
  1  1  0
   1  41
6   
  0  1  0  1  0  1  0  1  0  1  0  0
  1  1  0
   1  42
11  
  0  1  0  1  0  1  0  1  0  1  0  0
  1  1  0
   1  43
23  
  0  1  0  1  0  1  0  1  0  1  0  0
