 10  8  9  3 00  0  0  0
nn_pot
  8
  8 22
                                                6.868693    6.868693    
                                                6.868693    2.066171    
                                                6.868693    0.637237    
                                                6.868693    0.112546    
                                                6.868693    0.014074    
                                                2.066171    2.066171    
                                                2.066171    0.637237    
                                                2.066171    0.112546    
   16.713866   15.848932   11.937766    8.526469    6.198801    6.089973
    4.349722    3.106760    2.424462    2.218982    1.584893    0.948250
    0.370878    0.145057    0.056734    0.022190    0.008679    0.003394
    0.001328    0.000519    0.000203    0.000079
  1  1
          1.

  1  1
                      1.

  1  1
                                  1.

  1  1
                                              1.

  1  1
                                                          1.

  1  1
                                                                      1.

  1  1

          1.
  1  1

                      1.
  7
  7 22
                                                2.066171    0.014074    
                                                0.637237    0.637237    
                                                0.637237    0.112546    
                                                0.637237    0.014074    
                                                0.112546    0.112546    
                                                0.112546    0.014074    
                                                0.014074    0.014074    
   16.713866   15.848932   11.937766    8.526469    6.198801    6.089973
    4.349722    3.106760    2.424462    2.218982    1.584893    0.948250
    0.370878    0.145057    0.056734    0.022190    0.008679    0.003394
    0.001328    0.000519    0.000203    0.000079
  1  1
          1.

  1  1
                      1.

  1  1
                                  1.

  1  1
                                              1.

  1  1
                                                          1.

  1  1
                                                                      1.

  1  1

          1.
  8
  8 22
                                                3.845619    6.568584    
                                                3.845619    0.236447    
                                                3.234715    6.568584    
                                                3.234715    0.236447    
                                                1.407296    6.568584    
                                                1.407296    0.236447    
                                                0.050857    6.568584    
                                                0.050857    0.236447    
   16.713866   15.848932   11.937766    8.526469    6.198801    6.089973
    4.349722    3.106760    2.424462    2.218982    1.584893    0.948250
    0.370878    0.145057    0.056734    0.022190    0.008679    0.003394
    0.001328    0.000519    0.000203    0.000079
  1  1
          1.

  1  1
                      1.

  1  1
                                  1.

  1  1
                                              1.

  1  1
                                                          1.

  1  1
                                                                      1.

  1  1

          1.
  1  1

                      1.
  8
  8 22
                                                0.036496    6.568584    
                                                0.036496    0.236447    
                                                7.486737    0.455892    
                                                7.486737    0.091467    
                                                1.237139    0.455892    
                                                1.237139    0.091467    
                                                0.605636    0.455892    
                                                0.605636    0.091467    
   16.713866   15.848932   11.937766    8.526469    6.198801    6.089973
    4.349722    3.106760    2.424462    2.218982    1.584893    0.948250
    0.370878    0.145057    0.056734    0.022190    0.008679    0.003394
    0.001328    0.000519    0.000203    0.000079
  1  1
          1.

  1  1
                      1.

  1  1
                                  1.

  1  1
                                              1.

  1  1
                                                          1.

  1  1
                                                                      1.

  1  1

          1.
  1  1

                      1.
  4
  4 22
                                                0.347167    0.455892    
                                                0.347167    0.091467    
                                                0.007509    0.455892    
                                                0.007509    0.091467    
   16.713866   15.848932   11.937766    8.526469    6.198801    6.089973
    4.349722    3.106760    2.424462    2.218982    1.584893    0.948250
    0.370878    0.145057    0.056734    0.022190    0.008679    0.003394
    0.001328    0.000519    0.000203    0.000079
  1  1
          1.
  1  1
                      1.
  1  1
                                  1.
  1  1
                                              1.
  4                                                            Z1  BVs 1 - 4
  4 10
                                                0.052342    3.718282    
                                                6.322042    0.067221    
                                                15.916199   12.694329   
                                                0.038221    0.057511    
   12.091871    1.826308    1.282102    0.726516    0.235160    0.113619
    0.071770    0.051117    0.011672    0.002733
  1  1
          1.
  1  1
                      1.
  1  1
                                  1.
  1  1
                                              1.
  4                                                            Z2  BVs 5 - 8
  4 10
                                                0.299936    0.363898    
                                                5.506265    0.258553    
                                                2.111997    0.420698    
                                                37.962494   0.129121    
   14.306477    4.279842    1.326236    0.838176    0.201429    0.154866
    0.063113    0.037439    0.008718    0.001334
  1  1
          1.
  1  1
                      1.
  1  1
                                  1.
  1  1
                                              1.
