 10  8  9  3 00  0  0  0  0
nnn_pot
  8                                                            Z1  BVs 1 - 8
  8 10
                                                0.860748    0.407861    
                                                6.058712    1.809609    
                                                0.091408    0.013583    
                                                0.116224    0.251061    
                                                6.825432    10.023091   
                                                0.849128    7.149927    
                                                47.436268   0.451629    
                                                0.981841    36.123463   
    0.036316    4.698020    0.203155    4.401776    0.199710    0.274625
    0.082629    0.007844    8.913688    0.001357
  1  1
          1.

  1  1
                      1.

  1  1
                                  1.

  1  1
                                              1.

  1  1
                                                          1.

  1  1
                                                                      1.

  1  1

          1.
  1  1

                      1.
  8                                                            Z2  BVs 9 - 16
  8 10
                                                5.798522    4.814379    
                                                0.288979    0.109802    
                                                21.116932   219.666428  
                                                0.404309    0.134447    
                                                0.627708    1.012128    
                                                11.648993   20.775574   
                                                31.890053   37.983902   
                                                0.056735    4.103075    
   16.875055    6.921049   18.840231    0.662075    0.242451    0.010184
    0.106761    0.010544    0.014542    0.004758
  1  1
          1.

  1  1
                      1.

  1  1
                                  1.

  1  1
                                              1.

  1  1
                                                          1.

  1  1
                                                                      1.

  1  1

          1.
  1  1

                      1.
eob-tni/np3s_np3s_12-34_np3s_np3s_12-34
elu-tni/000-0_000-0
eob-tni/tp_123-4_np3s_np3s_12-34
elu-tni/000-0_000-0
eob-tni/tp_123-4_tp_123-4
elu-tni/000-0_000-0
