 10  8  9  3 00  0  0  0  0
nnn_pot
  8                                                            Z1  BVs 1 - 8
  8  6
                                    15.241510   
                                    4.857340    
                                    3.520227    
                                    2.085672    
                                    1.901595    
                                    0.898100    
                                    0.247984    
                                    0.030356    
    6.987590    1.721016    0.265259    0.185421    0.044403    0.006824
  1  1
          1.

  1  1
                      1.

  1  1
                                  1.

  1  1
                                              1.

  1  1
                                                          1.

  1  1
                                                                      1.

  1  1

          1.
  1  1

                      1.
  8                                                            Z2  BVs 9 - 16
  8  6
                                    17.435621   
                                    7.215651    
                                    3.137802    
                                    1.182994    
                                    0.366696    
                                    0.124991    
                                    0.040336    
                                    0.004702    
   31.570162    2.087718    1.499920    0.436026    0.404777    0.008719
  1  1
          1.

  1  1
                      1.

  1  1
                                  1.

  1  1
                                              1.

  1  1
                                                          1.

  1  1
                                                                      1.

  1  1

          1.
  1  1

                      1.
eob-tni/123_123
elu-tni/000_000
eob-tni/123_123
elu-tni/000_000
eob-tni/123_123
elu-tni/000_000
