 10  8  9  3 00  0  0  0  0
nnn_pot
  8                                                            Z1  BVs 1 - 8
  8 10
                                                3.732596    0.059728    
                                                6.204090    1.228294    
                                                0.308158    0.084292    
                                                25.411247   3.273178    
                                                10.953292   20.363197   
                                                1.007780    0.440890    
                                                0.039014    27.542313   
                                                0.108264    0.050016    
   13.233459    3.065925    1.499117    0.661706    0.607631    0.144597
    0.054912    0.036242    0.002868    0.002153
  1  1
          1.

  1  1
                      1.

  1  1
                                  1.

  1  1
                                              1.

  1  1
                                                          1.

  1  1
                                                                      1.

  1  1

          1.
  1  1

                      1.
  4                                                            Z2  BVs 9 - 12
  4 10
                                                0.597717    0.225806    
                                                0.116832    1.006363    
                                                0.520465    15.198773   
                                                0.028256    6.133621    
    4.503791    3.118346  319.848663    0.241236    0.176352    0.095735
    0.080527    0.037801    0.749988    0.002147
  1  1
          1.
  1  1
                      1.
  1  1
                                  1.
  1  1
                                              1.
  8                                                            Z3  BVs 13 - 20
  8 10
                                                22.622829   0.108139    
                                                1.359075    3.440158    
                                                0.512612    0.985249    
                                                8.407830    0.009720    
                                                3.029963    0.380770    
                                                29.743984   1.830000    
                                                9.175714    2.537896    
                                                3.495023    0.014982    
    2.991978    4.466933   34.386326    0.876039    0.356625    0.256881
    0.121689    0.044384    0.013612    0.001821
  1  1
          1.

  1  1
                      1.

  1  1
                                  1.

  1  1
                                              1.

  1  1
                                                          1.

  1  1
                                                                      1.

  1  1

          1.
  1  1

                      1.
  4                                                            Z4  BVs 21 - 24
  4 10
                                                7.025710    0.469245    
                                                7.429806    1.309978    
                                                0.285642    0.102666    
                                                0.159693    22.697006   
    5.983053    6.216903    2.078676    0.907625    0.356626    0.080639
    0.106458    0.028141    0.008901    0.002784
  1  1
          1.
  1  1
                      1.
  1  1
                                  1.
  1  1
                                              1.
eob-tni/np3s_np3s_12-34_np3s_np3s_12-34
elu-tni/000-0_000-0
eob-tni/np3s_np3s_12-34_np3s_np3s_12-34
elu-tni/000-0_000-0
eob-tni/np3s_np3s_12-34_np3s_np3s_12-34
elu-tni/000-0_000-0
eob-tni/tp_123-4_np3s_np3s_12-34
elu-tni/000-0_000-0
eob-tni/tp_123-4_np3s_np3s_12-34
elu-tni/000-0_000-0
eob-tni/tp_123-4_tp_123-4
elu-tni/000-0_000-0
eob-tni/tp_123-4_np3s_np3s_12-34
elu-tni/000-0_000-0
eob-tni/tp_123-4_np3s_np3s_12-34
elu-tni/000-0_000-0
eob-tni/tp_123-4_tp_123-4
elu-tni/000-0_000-0
eob-tni/tp_123-4_tp_123-4
elu-tni/000-0_000-0
