 11  2 12 31  1  1 +2  0  0 -1
  1  1  1  1  0  0  0  0  0  0  0  0  0  0  1  1
   0.0000000   1.0000000   1.0000000   1.0000000   1.0000000   1.0000000   1.0000000
   1.0000000   1.0000000   1.0000000   1.0000000   1.0000000   1.0000000   1.0000000
   1.0000000   1.0000000   1.0000000   1.0000000   1.0000000   1.0000000   1.0000000
   1.0000000   1.0000000   1.0000000   1.0000000   1.0000000   1.0000000   1.0000000
   1.0000000   1.0000000
   0  78   0   0   0   1
  93
0.024817361         
0.045671316         
0.087872809         
0.044938841         
0.011658038         
0.000238978         
0.021012197         
0.080856035         
0.041350408         
0.010727127         
0.000219895         
0.077784564         
0.079559268         
0.020639273         
0.000423084         
0.020343616         
0.010555085         
0.000216369         
0.001369101         
0.000056130         
0.000000575         
-0.023601010        
-0.023807670        
0.006749178         
0.033368660         
0.033330510         
-0.008906936        
-0.011960320        
0.010023870         
0.031312440         
0.003621886         
0.131237100         
0.033981830         
-0.002924141        
0.029171830         
0.013080350         
0.000345149         
-0.002976530        
0.010326650         
0.000382211         
0.000249498         
-0.000069978        
-0.011104880        
-0.007052163        
0.001842429         
0.087339920         
0.033801220         
-0.040558510        
-0.073310780        
0.281401000         
-0.010238600        
0.039441860         
-0.273151200        
-0.035608210        
0.000009168         
0.000249203         
0.003639132         
-0.002280738        
-0.001879302        
0.001459241         
-0.003702414        
0.007813309         
-0.009632998        
0.033637590         
-0.002309476        
0.021604310         
-0.028261920        
0.079444610         
0.039747460         
0.009796008         
-0.032657920        
0.047956340         
-0.000278603        
-0.000149517        
0.001462666         
-0.000210956        
0.000122144         
-0.000796093        
0.006799427         
-0.000547911        
0.001328160         
0.051995810         
-0.039218310        
-0.018253460        
0.082160920         
-0.077615040        
0.029441510         
-0.070505860        
-0.014006180        
-0.050785430        
0.000918885         
-0.000851850        
-0.005618010        
  1  1  0
  36  58  59  60  61  62  63  64  65  66  67  68  69  70  71  72  73  74  75  76
  77  78  79  80  81  82  83  84  85  86  87  88  89  90  91  92  93
  58  59  60  61  62  63  64  65  66  67  68  69  70  71  72  73  74  75  76  77
  78  79  80  81  82  83  84  85  86  87  88  89  90  91  92  93
  1  1  1  1  1  1  1  1  1  1  1  1  1  1  1  1  1  1  1  1
  1  1  0
  36  22  23  24  25  26  27  28  29  30  31  32  33  34  35  36  37  38  39  40
  41  42  43  44  45  46  47  48  49  50  51  52  53  54  55  56  57
  22  23  24  25  26  27  28  29  30  31  32  33  34  35  36  37  38  39  40  41
  42  43  44  45  46  47  48  49  50  51  52  53  54  55  56  57
  1  1  1  1  1  1  1  1  1  1  1  1  1  1  1  1  1  1  1  1
  2  2  0
  21   1   2   3   4   5   6   7   8   9  10  11  12  13  14  15  16  17  18  19
  20  21
   1   2   3   4   5   6   7   8   9  10  11  12  13  14  15  16  17  18  19  20
  21
  1  1  1  1  1  1  1  1  1  1  1  1  1  1  1  1  1  1  1  1
  2  2  0 -1
   1   1
50  
  0  1  0  0  0  0  0
  2  2  0
   1   2
50  
  0  1  0  0  0  0  0
  2  2  0
   1   3
50  
  0  1  0  0  0  0  0
  2  2  0
   1   4
32  
  0  1  0  0  0  0  0
  2  2  0
   1   5
53  
  0  1  0  0  0  0  0
  2  2  0
   1   6
32  
  0  1  0  0  0  0  0
  2  2  0
   1   7
53  
  0  1  0  0  0  0  0
  2  2  0
   1   8
53  
  0  1  0  0  0  0  0
  2  2  0
   1   9
50  
  0  1  0  0  0  0  0
  2  2  0
   1  10
50  
  0  1  0  0  0  0  0
  2  2  0
   1  11
32  
  0  1  0  0  0  0  0
  2  2  0
   1  12
53  
  0  1  0  0  0  0  0
  2  2  0
   1  13
50  
  0  1  0  0  0  0  0
  2  2  0
   1  14
50  
  0  1  0  0  0  0  0
  2  2  0
   1  15
32  
  0  1  0  0  0  0  0
  2  2  0
   1  16
50  
  0  1  0  0  0  0  0
  1  1  0
   1  22
32  
  0  1  0  0  0  0  0
  1  1  0
   1  23
50  
  0  1  0  0  0  0  0
  1  1  0
   1  24
32  
  0  1  0  0  0  0  0
  1  1  0
   1  25
32  
  0  1  0  0  0  0  0
  1  1  0
   1  26
50  
  0  1  0  0  0  0  0
  1  1  0
   1  27
53  
  0  1  0  0  0  0  0
  1  1  0
   1  28
32  
  0  1  0  0  0  0  0
  1  1  0
   1  29
32  
  0  1  0  0  0  0  0
  1  1  0
   1  30
50  
  0  1  0  0  0  0  0
  1  1  0
   1  31
50  
  0  1  0  0  0  0  0
  1  1  0
   1  32
53  
  0  1  0  0  0  0  0
  1  1  0
   1  33
32  
  0  1  0  0  0  0  0
  1  1  0
   1  34
53  
  0  1  0  0  0  0  0
  1  1  0
   1  35
32  
  0  1  0  0  0  0  0
  1  1  0
   1  36
32  
  0  1  0  0  0  0  0
  1  1  0
   1  37
32  
  0  1  0  0  0  0  0
  1  1  0
   1  38
53  
  0  1  0  0  0  0  0
  1  1  0
   1  39
32  
  0  1  0  0  0  0  0
  1  1  0
   1  40
53  
  0  1  0  0  0  0  0
  1  1  0
   1  41
32  
  0  1  0  0  0  0  0
  1  1  0
   1  42
53  
  0  1  0  0  0  0  0
  1  1  0
   1  43
53  
  0  1  0  0  0  0  0
  1  1  0
   1  44
53  
  0  1  0  0  0  0  0
  1  1  0
   1  45
53  
  0  1  0  0  0  0  0
  1  1  0
   1  46
50  
  0  1  0  0  0  0  0
  1  1  0
   1  47
32  
  0  1  0  0  0  0  0
  1  1  0
   1  48
32  
  0  1  0  0  0  0  0
  1  1  0
   1  49
50  
  0  1  0  0  0  0  0
  1  1  0
   1  50
53  
  0  1  0  0  0  0  0
  1  1  0
   1  51
50  
  0  1  0  0  0  0  0
  1  1  0
   1  52
50  
  0  1  0  0  0  0  0
  1  1  0
   1  58
50  
  0  1  0  0  0  0  0
  1  1  0
   1  59
32  
  0  1  0  0  0  0  0
  1  1  0
   1  60
32  
  0  1  0  0  0  0  0
  1  1  0
   1  61
32  
  0  1  0  0  0  0  0
  1  1  0
   1  62
32  
  0  1  0  0  0  0  0
  1  1  0
   1  63
50  
  0  1  0  0  0  0  0
  1  1  0
   1  64
53  
  0  1  0  0  0  0  0
  1  1  0
   1  65
53  
  0  1  0  0  0  0  0
  1  1  0
   1  66
53  
  0  1  0  0  0  0  0
  1  1  0
   1  67
50  
  0  1  0  0  0  0  0
  1  1  0
   1  68
53  
  0  1  0  0  0  0  0
  1  1  0
   1  69
53  
  0  1  0  0  0  0  0
  1  1  0
   1  70
53  
  0  1  0  0  0  0  0
  1  1  0
   1  71
50  
  0  1  0  0  0  0  0
  1  1  0
   1  72
53  
  0  1  0  0  0  0  0
  1  1  0
   1  73
50  
  0  1  0  0  0  0  0
  1  1  0
   1  74
32  
  0  1  0  0  0  0  0
  1  1  0
   1  75
32  
  0  1  0  0  0  0  0
  1  1  0
   1  76
32  
  0  1  0  0  0  0  0
  1  1  0
   1  77
32  
  0  1  0  0  0  0  0
  1  1  0
   1  78
53  
  0  1  0  0  0  0  0
  1  1  0
   1  79
50  
  0  1  0  0  0  0  0
  1  1  0
   1  80
53  
  0  1  0  0  0  0  0
  1  1  0
   1  81
32  
  0  1  0  0  0  0  0
  1  1  0
   1  82
53  
  0  1  0  0  0  0  0
  1  1  0
   1  83
53  
  0  1  0  0  0  0  0
  1  1  0
   1  84
53  
  0  1  0  0  0  0  0
  1  1  0
   1  85
32  
  0  1  0  0  0  0  0
  1  1  0
   1  86
53  
  0  1  0  0  0  0  0
  1  1  0
   1  87
32  
  0  1  0  0  0  0  0
  1  1  0
   1  88
50  
  0  1  0  0  0  0  0
