 11  2 12 31  1  1 +2  0  0 -1
  1  1  1  1  0  0  0  0  0  0  0  0  0  0  1  1
   0.0000000   1.0000000   1.0000000   1.0000000   1.0000000   1.0000000   1.0000000
   1.0000000   1.0000000   1.0000000   1.0000000   1.0000000   1.0000000   1.0000000
   1.0000000   1.0000000   1.0000000   1.0000000   1.0000000   1.0000000   1.0000000
   1.0000000   1.0000000   1.0000000   1.0000000   1.0000000   1.0000000   1.0000000
   1.0000000   1.0000000
   0 235   0   0   0   1
 264
0.836369753         
0.897433599         
0.478792820         
0.241172668         
0.162329577         
0.090192415         
0.050915942         
0.015304547         
0.897433599         
0.962955753         
0.513749765         
0.258780826         
0.174181355         
0.096777417         
0.054633345         
0.016421941         
0.478792820         
0.513749765         
0.274092366         
0.138063029         
0.092928081         
0.051632045         
0.029147620         
0.008761325         
0.241172668         
0.258780826         
0.138063029         
0.069543710         
0.046808791         
0.026007571         
0.014681944         
0.004413166         
0.162329577         
0.174181355         
0.092928081         
0.046808791         
0.031506271         
0.017505292         
0.009882188         
0.002970433         
0.090192415         
0.096777417         
0.051632045         
0.026007571         
0.017505292         
0.009726167         
0.005490672         
0.001650411         
0.050915942         
0.054633345         
0.029147620         
0.014681944         
0.009882188         
0.005490672         
0.003099626         
0.000931700         
0.015304547         
0.016421941         
0.008761325         
0.004413166         
0.002970433         
0.001650411         
0.000931700         
0.000280055         
0.836369753         
1.794867199         
0.957585639         
0.482345336         
0.324659155         
0.180384831         
0.101831885         
0.030609094         
0.962955753         
1.027499529         
0.517561652         
0.348362710         
0.193554833         
0.109266690         
0.032843882         
0.274092366         
0.276126059         
0.185856162         
0.103264091         
0.058295240         
0.017522650         
0.069543710         
0.093617583         
0.052015141         
0.029363888         
0.008826332         
0.031506271         
0.035010584         
0.019764377         
0.005940867         
0.009726167         
0.010981344         
0.003300823         
0.003099626         
0.001863399         
0.000280055         
0.836369768         
1.794867231         
0.957585657         
0.482345345         
0.324659161         
0.180384834         
0.101831886         
0.030609095         
0.962955771         
1.027499548         
0.517561662         
0.348362717         
0.193554837         
0.109266692         
0.032843883         
0.274092371         
0.276126064         
0.185856165         
0.103264092         
0.058295241         
0.017522650         
0.069543712         
0.093617585         
0.052015142         
0.029363888         
0.008826332         
0.031506271         
0.035010585         
0.019764377         
0.005940867         
0.009726167         
0.010981344         
0.003300823         
0.003099626         
0.001863399         
0.000280055         
-2.594841000        
0.761692900         
0.485894300         
0.097628820         
-7.037256000        
2.455169000         
0.920732300         
0.172513400         
1.587049000         
-1.904365000        
-0.591851100        
-0.077135290        
-1.231457000        
1.097674000         
0.577984700         
0.078531950         
0.265542400         
-0.692459600        
0.219567600         
0.074222460         
-0.156231600        
-0.751838700        
0.014110720         
-0.082018320        
0.069464860         
0.315661900         
0.061206270         
0.098113540         
-0.000361498        
-0.000627035        
0.001048294         
0.017503220         
0.753019500         
-0.476550200        
-0.127254900        
-0.030234790        
1.434415000         
-1.554386000        
-0.610257700        
-0.107259600        
-15.091250000       
2.413906000         
1.213370000         
0.180817500         
11.264100000        
-2.602440000        
-1.341111000        
-0.201644900        
0.027058070         
-0.817401100        
-0.196139600        
-0.048587730        
-0.032594780        
-0.875622000        
-0.042592240        
0.024224540         
0.004431548         
0.350429600         
-0.017731410        
-0.040320260        
0.002065350         
-0.020371780        
-0.071101320        
-0.009300903        
-2.594841000        
0.761692900         
0.485894300         
0.097628820         
-7.037256000        
2.455169000         
0.920732300         
0.172513400         
1.587049000         
-1.904365000        
-0.591851100        
-0.077135290        
-1.231457000        
1.097674000         
0.577984700         
0.078531950         
0.265542400         
-0.692459600        
0.219567600         
0.074222460         
-0.156231600        
-0.751838700        
0.014110720         
-0.082018320        
0.069464860         
0.315661900         
0.061206270         
0.098113540         
-0.000361498        
-0.000627035        
0.001048294         
0.017503220         
0.753019500         
-0.476550200        
-0.127254900        
-0.030234790        
1.434415000         
-1.554386000        
-0.610257700        
-0.107259600        
-15.091250000       
2.413906000         
1.213370000         
0.180817500         
11.264100000        
-2.602440000        
-1.341111000        
-0.201644900        
0.027058070         
-0.817401100        
-0.196139600        
-0.048587730        
-0.032594780        
-0.875622000        
-0.042592240        
0.024224540         
0.004431548         
0.350429600         
-0.017731410        
-0.040320260        
0.002065350         
-0.020371780        
-0.071101320        
-0.009300903        
  1  1  0
  64 201 202 203 204 205 206 207 208 209 210 211 212 213 214 215 216 217 218 219
 220 221 222 223 224 225 226 227 228 229 230 231 232 233 234 235 236 237 238 239
 240 241 242 243 244 245 246 247 248 249 250 251 252 253 254 255 256 257 258 259
 260 261 262 263 264
 201 202 203 204 205 206 207 208 209 210 211 212 213 214 215 216 217 218 219 220
 221 222 223 224 225 226 227 228 229 230 231 232 233 234 235 236 237 238 239 240
 241 242 243 244 245 246 247 248 249 250 251 252 253 254 255 256 257 258 259 260
 261 262 263 264
  1  1  1  1  1  1  1  1  1  1  1  1  1  1  1  1  1  1  1  1  1  1  1  1  1  1  1  1  1  1
  1  1  0
  64 137 138 139 140 141 142 143 144 145 146 147 148 149 150 151 152 153 154 155
 156 157 158 159 160 161 162 163 164 165 166 167 168 169 170 171 172 173 174 175
 176 177 178 179 180 181 182 183 184 185 186 187 188 189 190 191 192 193 194 195
 196 197 198 199 200
 137 138 139 140 141 142 143 144 145 146 147 148 149 150 151 152 153 154 155 156
 157 158 159 160 161 162 163 164 165 166 167 168 169 170 171 172 173 174 175 176
 177 178 179 180 181 182 183 184 185 186 187 188 189 190 191 192 193 194 195 196
 197 198 199 200
  1  1  1  1  1  1  1  1  1  1  1  1  1  1  1  1  1  1  1  1  1  1  1  1  1  1  1  1  1  1
  2  2  0
  36 101 102 103 104 105 106 107 108 109 110 111 112 113 114 115 116 117 118 119
 120 121 122 123 124 125 126 127 128 129 130 131 132 133 134 135 136
 101 102 103 104 105 106 107 108 109 110 111 112 113 114 115 116 117 118 119 120
 121 122 123 124 125 126 127 128 129 130 131 132 133 134 135 136
  1  1  1  1  1  1  1  1  1  1  1  1  1  1  1  1  1  1  1  1  1  1  1  1  1  1  1  1  1  1
  0  0  0
  36  65  66  67  68  69  70  71  72  73  74  75  76  77  78  79  80  81  82  83
  84  85  86  87  88  89  90  91  92  93  94  95  96  97  98  99 100
  65  66  67  68  69  70  71  72  73  74  75  76  77  78  79  80  81  82  83  84
  85  86  87  88  89  90  91  92  93  94  95  96  97  98  99 100
  1  1  1  1  1  1  1  1  1  1  1  1  1  1  1  1  1  1  1  1  1  1  1  1  1  1  1  1  1  1
  0  0  0
  64   1   2   3   4   5   6   7   8   9  10  11  12  13  14  15  16  17  18  19
  20  21  22  23  24  25  26  27  28  29  30  31  32  33  34  35  36  37  38  39
  40  41  42  43  44  45  46  47  48  49  50  51  52  53  54  55  56  57  58  59
  60  61  62  63  64
   1   2   3   4   5   6   7   8   9  10  11  12  13  14  15  16  17  18  19  20
  21  22  23  24  25  26  27  28  29  30  31  32  33  34  35  36  37  38  39  40
  41  42  43  44  45  46  47  48  49  50  51  52  53  54  55  56  57  58  59  60
  61  62  63  64
  1  1  1  1  1  1  1  1  1  1  1  1  1  1  1  1  1  1  1  1  1  1  1  1  1  1  1  1  1  1
  0  0  0 -1
   1   1
157 
  0  1  0  1  0  1  0  1  0  1  0  1  0  1  0  1  0  1  0  1
  0  0  0
   1   2
176 
  0  1  0  1  0  1  0  1  0  1  0  1  0  1  0  1  0  1  0  1
  0  0  0
   1   3
241 
  0  1  0  1  0  1  0  1  0  1  0  1  0  1  0  1  0  1  0  1
  0  0  0
   1   4
153 
  0  1  0  1  0  1  0  1  0  1  0  1  0  1  0  1  0  1  0  1
  0  0  0
   1   5
12  
  0  1  0  1  0  1  0  1  0  1  0  1  0  1  0  1  0  1  0  1
  0  0  0
   1   6
154 
  0  1  0  1  0  1  0  1  0  1  0  1  0  1  0  1  0  1  0  1
  0  0  0
   1   7
194 
  0  1  0  1  0  1  0  1  0  1  0  1  0  1  0  1  0  1  0  1
  0  0  0
   1   8
143 
  0  1  0  1  0  1  0  1  0  1  0  1  0  1  0  1  0  1  0  1
  0  0  0
   1   9
25  
  0  1  0  1  0  1  0  1  0  1  0  1  0  1  0  1  0  1  0  1
  0  0  0
   1  10
190 
  0  1  0  1  0  1  0  1  0  1  0  1  0  1  0  1  0  1  0  1
  0  0  0
   1  11
69  
  0  1  0  1  0  1  0  1  0  1  0  1  0  1  0  1  0  1  0  1
  0  0  0
   1  12
17  
  0  1  0  1  0  1  0  1  0  1  0  1  0  1  0  1  0  1  0  1
  0  0  0
   1  13
215 
  0  1  0  1  0  1  0  1  0  1  0  1  0  1  0  1  0  1  0  1
  0  0  0
   1  14
237 
  0  1  0  1  0  1  0  1  0  1  0  1  0  1  0  1  0  1  0  1
  0  0  0
   1  15
74  
  0  1  0  1  0  1  0  1  0  1  0  1  0  1  0  1  0  1  0  1
  0  0  0
   1  16
9   
  0  1  0  1  0  1  0  1  0  1  0  1  0  1  0  1  0  1  0  1
  0  0  0
   1  17
219 
  0  1  0  1  0  1  0  1  0  1  0  1  0  1  0  1  0  1  0  1
  0  0  0
   1  18
27  
  0  1  0  1  0  1  0  1  0  1  0  1  0  1  0  1  0  1  0  1
  0  0  0
   1  19
75  
  0  1  0  1  0  1  0  1  0  1  0  1  0  1  0  1  0  1  0  1
  0  0  0
   1  20
187 
  0  1  0  1  0  1  0  1  0  1  0  1  0  1  0  1  0  1  0  1
  0  0  0
   1  21
234 
  0  1  0  1  0  1  0  1  0  1  0  1  0  1  0  1  0  1  0  1
  0  0  0
   1  22
169 
  0  1  0  1  0  1  0  1  0  1  0  1  0  1  0  1  0  1  0  1
  0  0  0
   1  23
250 
  0  1  0  1  0  1  0  1  0  1  0  1  0  1  0  1  0  1  0  1
  0  0  0
   1  24
244 
  0  1  0  1  0  1  0  1  0  1  0  1  0  1  0  1  0  1  0  1
  0  0  0
   1  25
81  
  0  1  0  1  0  1  0  1  0  1  0  1  0  1  0  1  0  1  0  1
  0  0  0
   1  26
66  
  0  1  0  1  0  1  0  1  0  1  0  1  0  1  0  1  0  1  0  1
  0  0  0
   1  27
209 
  0  1  0  1  0  1  0  1  0  1  0  1  0  1  0  1  0  1  0  1
  0  0  0
   1  28
162 
  0  1  0  1  0  1  0  1  0  1  0  1  0  1  0  1  0  1  0  1
  0  0  0
   1  29
1   
  0  1  0  1  0  1  0  1  0  1  0  1  0  1  0  1  0  1  0  1
  0  0  0
   1  30
143 
  0  1  0  1  0  1  0  1  0  1  0  1  0  1  0  1  0  1  0  1
  0  0  0
   1  31
209 
  0  1  0  1  0  1  0  1  0  1  0  1  0  1  0  1  0  1  0  1
  0  0  0
   1  32
5   
  0  1  0  1  0  1  0  1  0  1  0  1  0  1  0  1  0  1  0  1
  0  0  0
   1  33
103 
  0  1  0  1  0  1  0  1  0  1  0  1  0  1  0  1  0  1  0  1
  0  0  0
   1  34
9   
  0  1  0  1  0  1  0  1  0  1  0  1  0  1  0  1  0  1  0  1
  0  0  0
   1  35
234 
  0  1  0  1  0  1  0  1  0  1  0  1  0  1  0  1  0  1  0  1
  0  0  0
   1  36
117 
  0  1  0  1  0  1  0  1  0  1  0  1  0  1  0  1  0  1  0  1
  0  0  0
   1  37
116 
  0  1  0  1  0  1  0  1  0  1  0  1  0  1  0  1  0  1  0  1
  0  0  0
   1  38
190 
  0  1  0  1  0  1  0  1  0  1  0  1  0  1  0  1  0  1  0  1
  0  0  0
   1  39
75  
  0  1  0  1  0  1  0  1  0  1  0  1  0  1  0  1  0  1  0  1
  0  0  0
   1  40
110 
  0  1  0  1  0  1  0  1  0  1  0  1  0  1  0  1  0  1  0  1
  0  0  0
   1  41
4   
  0  1  0  1  0  1  0  1  0  1  0  1  0  1  0  1  0  1  0  1
  0  0  0
   1  42
176 
  0  1  0  1  0  1  0  1  0  1  0  1  0  1  0  1  0  1  0  1
  0  0  0
   1  43
169 
  0  1  0  1  0  1  0  1  0  1  0  1  0  1  0  1  0  1  0  1
  0  0  0
   1  44
107 
  0  1  0  1  0  1  0  1  0  1  0  1  0  1  0  1  0  1  0  1
  0  0  0
   1  45
105 
  0  1  0  1  0  1  0  1  0  1  0  1  0  1  0  1  0  1  0  1
  0  0  0
   1  46
25  
  0  1  0  1  0  1  0  1  0  1  0  1  0  1  0  1  0  1  0  1
  0  0  0
   1  47
173 
  0  1  0  1  0  1  0  1  0  1  0  1  0  1  0  1  0  1  0  1
  0  0  0
   1  48
150 
  0  1  0  1  0  1  0  1  0  1  0  1  0  1  0  1  0  1  0  1
  0  0  0
   1  49
202 
  0  1  0  1  0  1  0  1  0  1  0  1  0  1  0  1  0  1  0  1
  0  0  0
   1  50
11  
  0  1  0  1  0  1  0  1  0  1  0  1  0  1  0  1  0  1  0  1
  0  0  0
   1  51
254 
  0  1  0  1  0  1  0  1  0  1  0  1  0  1  0  1  0  1  0  1
  0  0  0
   1  52
222 
  0  1  0  1  0  1  0  1  0  1  0  1  0  1  0  1  0  1  0  1
  0  0  0
   1  53
147 
  0  1  0  1  0  1  0  1  0  1  0  1  0  1  0  1  0  1  0  1
  0  0  0
   1  54
250 
  0  1  0  1  0  1  0  1  0  1  0  1  0  1  0  1  0  1  0  1
  0  0  0
   1  55
245 
  0  1  0  1  0  1  0  1  0  1  0  1  0  1  0  1  0  1  0  1
  0  0  0
   1  56
219 
  0  1  0  1  0  1  0  1  0  1  0  1  0  1  0  1  0  1  0  1
  0  0  0
   1  57
65  
  0  1  0  1  0  1  0  1  0  1  0  1  0  1  0  1  0  1  0  1
  0  0  0
   1  58
137 
  0  1  0  1  0  1  0  1  0  1  0  1  0  1  0  1  0  1  0  1
  0  0  0
   1  59
184 
  0  1  0  1  0  1  0  1  0  1  0  1  0  1  0  1  0  1  0  1
  0  0  0
   1  65
111 
  0  1  0  1  0  1  0  1  0  1  0  1  0  1  0  1  0  1  0  1
  0  0  0
   1  66
146 
  0  1  0  1  0  1  0  1  0  1  0  1  0  1  0  1  0  1  0  1
  0  0  0
   1  67
154 
  0  1  0  1  0  1  0  1  0  1  0  1  0  1  0  1  0  1  0  1
  0  0  0
   1  68
113 
  0  1  0  1  0  1  0  1  0  1  0  1  0  1  0  1  0  1  0  1
  0  0  0
   1  69
181 
  0  1  0  1  0  1  0  1  0  1  0  1  0  1  0  1  0  1  0  1
  0  0  0
   1  70
143 
  0  1  0  1  0  1  0  1  0  1  0  1  0  1  0  1  0  1  0  1
  0  0  0
   1  71
202 
  0  1  0  1  0  1  0  1  0  1  0  1  0  1  0  1  0  1  0  1
  0  0  0
   1  72
19  
  0  1  0  1  0  1  0  1  0  1  0  1  0  1  0  1  0  1  0  1
  0  0  0
   1  73
190 
  0  1  0  1  0  1  0  1  0  1  0  1  0  1  0  1  0  1  0  1
  0  0  0
   1  74
9   
  0  1  0  1  0  1  0  1  0  1  0  1  0  1  0  1  0  1  0  1
  0  0  0
   1  75
4   
  0  1  0  1  0  1  0  1  0  1  0  1  0  1  0  1  0  1  0  1
  0  0  0
   1  76
20  
  0  1  0  1  0  1  0  1  0  1  0  1  0  1  0  1  0  1  0  1
  0  0  0
   1  77
105 
  0  1  0  1  0  1  0  1  0  1  0  1  0  1  0  1  0  1  0  1
  0  0  0
   1  78
76  
  0  1  0  1  0  1  0  1  0  1  0  1  0  1  0  1  0  1  0  1
  0  0  0
   1  79
186 
  0  1  0  1  0  1  0  1  0  1  0  1  0  1  0  1  0  1  0  1
  0  0  0
   1  80
151 
  0  1  0  1  0  1  0  1  0  1  0  1  0  1  0  1  0  1  0  1
  0  0  0
   1  81
169 
  0  1  0  1  0  1  0  1  0  1  0  1  0  1  0  1  0  1  0  1
  0  0  0
   1  82
187 
  0  1  0  1  0  1  0  1  0  1  0  1  0  1  0  1  0  1  0  1
  0  0  0
   1  83
2   
  0  1  0  1  0  1  0  1  0  1  0  1  0  1  0  1  0  1  0  1
  0  0  0
   1  84
184 
  0  1  0  1  0  1  0  1  0  1  0  1  0  1  0  1  0  1  0  1
  0  0  0
   1  85
139 
  0  1  0  1  0  1  0  1  0  1  0  1  0  1  0  1  0  1  0  1
  0  0  0
   1  86
190 
  0  1  0  1  0  1  0  1  0  1  0  1  0  1  0  1  0  1  0  1
  0  0  0
   1  87
187 
  0  1  0  1  0  1  0  1  0  1  0  1  0  1  0  1  0  1  0  1
  0  0  0
   1  88
82  
  0  1  0  1  0  1  0  1  0  1  0  1  0  1  0  1  0  1  0  1
  0  0  0
   1  89
235 
  0  1  0  1  0  1  0  1  0  1  0  1  0  1  0  1  0  1  0  1
  0  0  0
   1  90
67  
  0  1  0  1  0  1  0  1  0  1  0  1  0  1  0  1  0  1  0  1
  0  0  0
   1  91
113 
  0  1  0  1  0  1  0  1  0  1  0  1  0  1  0  1  0  1  0  1
  0  0  0
   1  92
25  
  0  1  0  1  0  1  0  1  0  1  0  1  0  1  0  1  0  1  0  1
  0  0  0
   1  93
248 
  0  1  0  1  0  1  0  1  0  1  0  1  0  1  0  1  0  1  0  1
  0  0  0
   1  94
10  
  0  1  0  1  0  1  0  1  0  1  0  1  0  1  0  1  0  1  0  1
  0  0  0
   1  95
150 
  0  1  0  1  0  1  0  1  0  1  0  1  0  1  0  1  0  1  0  1
  2  2  0
   1 101
11  
  0  1  0  1  0  1  0  1  0  1  0  1  0  1  0  1  0  1  0  1
  2  2  0
   1 102
112 
  0  1  0  1  0  1  0  1  0  1  0  1  0  1  0  1  0  1  0  1
  2  2  0
   1 103
150 
  0  1  0  1  0  1  0  1  0  1  0  1  0  1  0  1  0  1  0  1
  2  2  0
   1 104
104 
  0  1  0  1  0  1  0  1  0  1  0  1  0  1  0  1  0  1  0  1
  2  2  0
   1 105
78  
  0  1  0  1  0  1  0  1  0  1  0  1  0  1  0  1  0  1  0  1
  2  2  0
   1 106
3   
  0  1  0  1  0  1  0  1  0  1  0  1  0  1  0  1  0  1  0  1
  2  2  0
   1 107
226 
  0  1  0  1  0  1  0  1  0  1  0  1  0  1  0  1  0  1  0  1
  2  2  0
   1 108
27  
  0  1  0  1  0  1  0  1  0  1  0  1  0  1  0  1  0  1  0  1
  2  2  0
   1 109
3   
  0  1  0  1  0  1  0  1  0  1  0  1  0  1  0  1  0  1  0  1
  2  2  0
   1 110
176 
  0  1  0  1  0  1  0  1  0  1  0  1  0  1  0  1  0  1  0  1
  2  2  0
   1 111
237 
  0  1  0  1  0  1  0  1  0  1  0  1  0  1  0  1  0  1  0  1
  2  2  0
   1 112
251 
  0  1  0  1  0  1  0  1  0  1  0  1  0  1  0  1  0  1  0  1
  2  2  0
   1 113
144 
  0  1  0  1  0  1  0  1  0  1  0  1  0  1  0  1  0  1  0  1
  2  2  0
   1 114
194 
  0  1  0  1  0  1  0  1  0  1  0  1  0  1  0  1  0  1  0  1
  2  2  0
   1 115
209 
  0  1  0  1  0  1  0  1  0  1  0  1  0  1  0  1  0  1  0  1
  2  2  0
   1 116
207 
  0  1  0  1  0  1  0  1  0  1  0  1  0  1  0  1  0  1  0  1
  2  2  0
   1 117
26  
  0  1  0  1  0  1  0  1  0  1  0  1  0  1  0  1  0  1  0  1
  2  2  0
   1 118
176 
  0  1  0  1  0  1  0  1  0  1  0  1  0  1  0  1  0  1  0  1
  2  2  0
   1 119
112 
  0  1  0  1  0  1  0  1  0  1  0  1  0  1  0  1  0  1  0  1
  2  2  0
   1 120
33  
  0  1  0  1  0  1  0  1  0  1  0  1  0  1  0  1  0  1  0  1
  2  2  0
   1 121
112 
  0  1  0  1  0  1  0  1  0  1  0  1  0  1  0  1  0  1  0  1
  2  2  0
   1 122
213 
  0  1  0  1  0  1  0  1  0  1  0  1  0  1  0  1  0  1  0  1
  2  2  0
   1 123
154 
  0  1  0  1  0  1  0  1  0  1  0  1  0  1  0  1  0  1  0  1
  2  2  0
   1 124
70  
  0  1  0  1  0  1  0  1  0  1  0  1  0  1  0  1  0  1  0  1
  2  2  0
   1 125
186 
  0  1  0  1  0  1  0  1  0  1  0  1  0  1  0  1  0  1  0  1
  2  2  0
   1 126
147 
  0  1  0  1  0  1  0  1  0  1  0  1  0  1  0  1  0  1  0  1
  2  2  0
   1 127
180 
  0  1  0  1  0  1  0  1  0  1  0  1  0  1  0  1  0  1  0  1
  2  2  0
   1 128
190 
  0  1  0  1  0  1  0  1  0  1  0  1  0  1  0  1  0  1  0  1
  2  2  0
   1 129
217 
  0  1  0  1  0  1  0  1  0  1  0  1  0  1  0  1  0  1  0  1
  2  2  0
   1 130
117 
  0  1  0  1  0  1  0  1  0  1  0  1  0  1  0  1  0  1  0  1
  2  2  0
   1 131
4   
  0  1  0  1  0  1  0  1  0  1  0  1  0  1  0  1  0  1  0  1
  1  1  0
   1 137
27  
  0  1  0  1  0  1  0  1  0  1  0  1  0  1  0  1  0  1  0  1
  1  1  0
   1 138
81  
  0  1  0  1  0  1  0  1  0  1  0  1  0  1  0  1  0  1  0  1
  1  1  0
   1 139
19  
  0  1  0  1  0  1  0  1  0  1  0  1  0  1  0  1  0  1  0  1
  1  1  0
   1 140
247 
  0  1  0  1  0  1  0  1  0  1  0  1  0  1  0  1  0  1  0  1
  1  1  0
   1 141
70  
  0  1  0  1  0  1  0  1  0  1  0  1  0  1  0  1  0  1  0  1
  1  1  0
   1 142
234 
  0  1  0  1  0  1  0  1  0  1  0  1  0  1  0  1  0  1  0  1
  1  1  0
   1 143
237 
  0  1  0  1  0  1  0  1  0  1  0  1  0  1  0  1  0  1  0  1
  1  1  0
   1 144
214 
  0  1  0  1  0  1  0  1  0  1  0  1  0  1  0  1  0  1  0  1
  1  1  0
   1 145
142 
  0  1  0  1  0  1  0  1  0  1  0  1  0  1  0  1  0  1  0  1
  1  1  0
   1 146
113 
  0  1  0  1  0  1  0  1  0  1  0  1  0  1  0  1  0  1  0  1
  1  1  0
   1 147
182 
  0  1  0  1  0  1  0  1  0  1  0  1  0  1  0  1  0  1  0  1
  1  1  0
   1 148
251 
  0  1  0  1  0  1  0  1  0  1  0  1  0  1  0  1  0  1  0  1
  1  1  0
   1 149
213 
  0  1  0  1  0  1  0  1  0  1  0  1  0  1  0  1  0  1  0  1
  1  1  0
   1 150
170 
  0  1  0  1  0  1  0  1  0  1  0  1  0  1  0  1  0  1  0  1
  1  1  0
   1 151
147 
  0  1  0  1  0  1  0  1  0  1  0  1  0  1  0  1  0  1  0  1
  1  1  0
   1 152
69  
  0  1  0  1  0  1  0  1  0  1  0  1  0  1  0  1  0  1  0  1
  1  1  0
   1 153
206 
  0  1  0  1  0  1  0  1  0  1  0  1  0  1  0  1  0  1  0  1
  1  1  0
   1 154
102 
  0  1  0  1  0  1  0  1  0  1  0  1  0  1  0  1  0  1  0  1
  1  1  0
   1 155
11  
  0  1  0  1  0  1  0  1  0  1  0  1  0  1  0  1  0  1  0  1
  1  1  0
   1 156
244 
  0  1  0  1  0  1  0  1  0  1  0  1  0  1  0  1  0  1  0  1
  1  1  0
   1 157
203 
  0  1  0  1  0  1  0  1  0  1  0  1  0  1  0  1  0  1  0  1
  1  1  0
   1 158
157 
  0  1  0  1  0  1  0  1  0  1  0  1  0  1  0  1  0  1  0  1
  1  1  0
   1 159
139 
  0  1  0  1  0  1  0  1  0  1  0  1  0  1  0  1  0  1  0  1
  1  1  0
   1 160
235 
  0  1  0  1  0  1  0  1  0  1  0  1  0  1  0  1  0  1  0  1
  1  1  0
   1 161
17  
  0  1  0  1  0  1  0  1  0  1  0  1  0  1  0  1  0  1  0  1
  1  1  0
   1 162
207 
  0  1  0  1  0  1  0  1  0  1  0  1  0  1  0  1  0  1  0  1
  1  1  0
   1 163
104 
  0  1  0  1  0  1  0  1  0  1  0  1  0  1  0  1  0  1  0  1
  1  1  0
   1 164
141 
  0  1  0  1  0  1  0  1  0  1  0  1  0  1  0  1  0  1  0  1
  1  1  0
   1 165
157 
  0  1  0  1  0  1  0  1  0  1  0  1  0  1  0  1  0  1  0  1
  1  1  0
   1 166
251 
  0  1  0  1  0  1  0  1  0  1  0  1  0  1  0  1  0  1  0  1
  1  1  0
   1 167
244 
  0  1  0  1  0  1  0  1  0  1  0  1  0  1  0  1  0  1  0  1
  1  1  0
   1 168
173 
  0  1  0  1  0  1  0  1  0  1  0  1  0  1  0  1  0  1  0  1
  1  1  0
   1 169
69  
  0  1  0  1  0  1  0  1  0  1  0  1  0  1  0  1  0  1  0  1
  1  1  0
   1 170
221 
  0  1  0  1  0  1  0  1  0  1  0  1  0  1  0  1  0  1  0  1
  1  1  0
   1 171
76  
  0  1  0  1  0  1  0  1  0  1  0  1  0  1  0  1  0  1  0  1
  1  1  0
   1 172
111 
  0  1  0  1  0  1  0  1  0  1  0  1  0  1  0  1  0  1  0  1
  1  1  0
   1 173
82  
  0  1  0  1  0  1  0  1  0  1  0  1  0  1  0  1  0  1  0  1
  1  1  0
   1 174
65  
  0  1  0  1  0  1  0  1  0  1  0  1  0  1  0  1  0  1  0  1
  1  1  0
   1 175
215 
  0  1  0  1  0  1  0  1  0  1  0  1  0  1  0  1  0  1  0  1
  1  1  0
   1 176
178 
  0  1  0  1  0  1  0  1  0  1  0  1  0  1  0  1  0  1  0  1
  1  1  0
   1 177
209 
  0  1  0  1  0  1  0  1  0  1  0  1  0  1  0  1  0  1  0  1
  1  1  0
   1 178
78  
  0  1  0  1  0  1  0  1  0  1  0  1  0  1  0  1  0  1  0  1
  1  1  0
   1 179
242 
  0  1  0  1  0  1  0  1  0  1  0  1  0  1  0  1  0  1  0  1
  1  1  0
   1 180
67  
  0  1  0  1  0  1  0  1  0  1  0  1  0  1  0  1  0  1  0  1
  1  1  0
   1 181
176 
  0  1  0  1  0  1  0  1  0  1  0  1  0  1  0  1  0  1  0  1
  1  1  0
   1 182
20  
  0  1  0  1  0  1  0  1  0  1  0  1  0  1  0  1  0  1  0  1
  1  1  0
   1 183
219 
  0  1  0  1  0  1  0  1  0  1  0  1  0  1  0  1  0  1  0  1
  1  1  0
   1 184
107 
  0  1  0  1  0  1  0  1  0  1  0  1  0  1  0  1  0  1  0  1
  1  1  0
   1 185
109 
  0  1  0  1  0  1  0  1  0  1  0  1  0  1  0  1  0  1  0  1
  1  1  0
   1 186
222 
  0  1  0  1  0  1  0  1  0  1  0  1  0  1  0  1  0  1  0  1
  1  1  0
   1 187
209 
  0  1  0  1  0  1  0  1  0  1  0  1  0  1  0  1  0  1  0  1
  1  1  0
   1 188
170 
  0  1  0  1  0  1  0  1  0  1  0  1  0  1  0  1  0  1  0  1
  1  1  0
   1 189
237 
  0  1  0  1  0  1  0  1  0  1  0  1  0  1  0  1  0  1  0  1
  1  1  0
   1 190
194 
  0  1  0  1  0  1  0  1  0  1  0  1  0  1  0  1  0  1  0  1
  1  1  0
   1 191
80  
  0  1  0  1  0  1  0  1  0  1  0  1  0  1  0  1  0  1  0  1
  1  1  0
   1 192
11  
  0  1  0  1  0  1  0  1  0  1  0  1  0  1  0  1  0  1  0  1
  1  1  0
   1 193
104 
  0  1  0  1  0  1  0  1  0  1  0  1  0  1  0  1  0  1  0  1
  1  1  0
   1 194
203 
  0  1  0  1  0  1  0  1  0  1  0  1  0  1  0  1  0  1  0  1
  1  1  0
   1 195
68  
  0  1  0  1  0  1  0  1  0  1  0  1  0  1  0  1  0  1  0  1
  1  1  0
   1 201
207 
  0  1  0  1  0  1  0  1  0  1  0  1  0  1  0  1  0  1  0  1
  1  1  0
   1 202
208 
  0  1  0  1  0  1  0  1  0  1  0  1  0  1  0  1  0  1  0  1
  1  1  0
   1 203
1   
  0  1  0  1  0  1  0  1  0  1  0  1  0  1  0  1  0  1  0  1
  1  1  0
   1 204
234 
  0  1  0  1  0  1  0  1  0  1  0  1  0  1  0  1  0  1  0  1
  1  1  0
   1 205
248 
  0  1  0  1  0  1  0  1  0  1  0  1  0  1  0  1  0  1  0  1
  1  1  0
   1 206
66  
  0  1  0  1  0  1  0  1  0  1  0  1  0  1  0  1  0  1  0  1
  1  1  0
   1 207
182 
  0  1  0  1  0  1  0  1  0  1  0  1  0  1  0  1  0  1  0  1
  1  1  0
   1 208
68  
  0  1  0  1  0  1  0  1  0  1  0  1  0  1  0  1  0  1  0  1
  1  1  0
   1 209
201 
  0  1  0  1  0  1  0  1  0  1  0  1  0  1  0  1  0  1  0  1
  1  1  0
   1 210
18  
  0  1  0  1  0  1  0  1  0  1  0  1  0  1  0  1  0  1  0  1
  1  1  0
   1 211
113 
  0  1  0  1  0  1  0  1  0  1  0  1  0  1  0  1  0  1  0  1
  1  1  0
   1 212
69  
  0  1  0  1  0  1  0  1  0  1  0  1  0  1  0  1  0  1  0  1
  1  1  0
   1 213
248 
  0  1  0  1  0  1  0  1  0  1  0  1  0  1  0  1  0  1  0  1
  1  1  0
   1 214
208 
  0  1  0  1  0  1  0  1  0  1  0  1  0  1  0  1  0  1  0  1
  1  1  0
   1 215
173 
  0  1  0  1  0  1  0  1  0  1  0  1  0  1  0  1  0  1  0  1
  1  1  0
   1 216
246 
  0  1  0  1  0  1  0  1  0  1  0  1  0  1  0  1  0  1  0  1
  1  1  0
   1 217
75  
  0  1  0  1  0  1  0  1  0  1  0  1  0  1  0  1  0  1  0  1
  1  1  0
   1 218
254 
  0  1  0  1  0  1  0  1  0  1  0  1  0  1  0  1  0  1  0  1
  1  1  0
   1 219
146 
  0  1  0  1  0  1  0  1  0  1  0  1  0  1  0  1  0  1  0  1
  1  1  0
   1 220
12  
  0  1  0  1  0  1  0  1  0  1  0  1  0  1  0  1  0  1  0  1
  1  1  0
   1 221
247 
  0  1  0  1  0  1  0  1  0  1  0  1  0  1  0  1  0  1  0  1
  1  1  0
   1 222
180 
  0  1  0  1  0  1  0  1  0  1  0  1  0  1  0  1  0  1  0  1
  1  1  0
   1 223
178 
  0  1  0  1  0  1  0  1  0  1  0  1  0  1  0  1  0  1  0  1
  1  1  0
   1 224
76  
  0  1  0  1  0  1  0  1  0  1  0  1  0  1  0  1  0  1  0  1
  1  1  0
   1 225
150 
  0  1  0  1  0  1  0  1  0  1  0  1  0  1  0  1  0  1  0  1
  1  1  0
   1 226
187 
  0  1  0  1  0  1  0  1  0  1  0  1  0  1  0  1  0  1  0  1
  1  1  0
   1 227
114 
  0  1  0  1  0  1  0  1  0  1  0  1  0  1  0  1  0  1  0  1
  1  1  0
   1 228
151 
  0  1  0  1  0  1  0  1  0  1  0  1  0  1  0  1  0  1  0  1
  1  1  0
   1 229
170 
  0  1  0  1  0  1  0  1  0  1  0  1  0  1  0  1  0  1  0  1
  1  1  0
   1 230
150 
  0  1  0  1  0  1  0  1  0  1  0  1  0  1  0  1  0  1  0  1
  1  1  0
   1 231
250 
  0  1  0  1  0  1  0  1  0  1  0  1  0  1  0  1  0  1  0  1
  1  1  0
   1 232
209 
  0  1  0  1  0  1  0  1  0  1  0  1  0  1  0  1  0  1  0  1
  1  1  0
   1 233
203 
  0  1  0  1  0  1  0  1  0  1  0  1  0  1  0  1  0  1  0  1
  1  1  0
   1 234
241 
  0  1  0  1  0  1  0  1  0  1  0  1  0  1  0  1  0  1  0  1
  1  1  0
   1 235
171 
  0  1  0  1  0  1  0  1  0  1  0  1  0  1  0  1  0  1  0  1
  1  1  0
   1 236
240 
  0  1  0  1  0  1  0  1  0  1  0  1  0  1  0  1  0  1  0  1
  1  1  0
   1 237
12  
  0  1  0  1  0  1  0  1  0  1  0  1  0  1  0  1  0  1  0  1
  1  1  0
   1 238
235 
  0  1  0  1  0  1  0  1  0  1  0  1  0  1  0  1  0  1  0  1
  1  1  0
   1 239
3   
  0  1  0  1  0  1  0  1  0  1  0  1  0  1  0  1  0  1  0  1
  1  1  0
   1 240
234 
  0  1  0  1  0  1  0  1  0  1  0  1  0  1  0  1  0  1  0  1
  1  1  0
   1 241
81  
  0  1  0  1  0  1  0  1  0  1  0  1  0  1  0  1  0  1  0  1
  1  1  0
   1 242
2   
  0  1  0  1  0  1  0  1  0  1  0  1  0  1  0  1  0  1  0  1
  1  1  0
   1 243
144 
  0  1  0  1  0  1  0  1  0  1  0  1  0  1  0  1  0  1  0  1
  1  1  0
   1 244
11  
  0  1  0  1  0  1  0  1  0  1  0  1  0  1  0  1  0  1  0  1
  1  1  0
   1 245
112 
  0  1  0  1  0  1  0  1  0  1  0  1  0  1  0  1  0  1  0  1
  1  1  0
   1 246
81  
  0  1  0  1  0  1  0  1  0  1  0  1  0  1  0  1  0  1  0  1
  1  1  0
   1 247
25  
  0  1  0  1  0  1  0  1  0  1  0  1  0  1  0  1  0  1  0  1
  1  1  0
   1 248
226 
  0  1  0  1  0  1  0  1  0  1  0  1  0  1  0  1  0  1  0  1
  1  1  0
   1 249
78  
  0  1  0  1  0  1  0  1  0  1  0  1  0  1  0  1  0  1  0  1
  1  1  0
   1 250
258 
  0  1  0  1  0  1  0  1  0  1  0  1  0  1  0  1  0  1  0  1
  1  1  0
   1 251
207 
  0  1  0  1  0  1  0  1  0  1  0  1  0  1  0  1  0  1  0  1
  1  1  0
   1 252
10  
  0  1  0  1  0  1  0  1  0  1  0  1  0  1  0  1  0  1  0  1
  1  1  0
   1 253
114 
  0  1  0  1  0  1  0  1  0  1  0  1  0  1  0  1  0  1  0  1
  1  1  0
   1 254
181 
  0  1  0  1  0  1  0  1  0  1  0  1  0  1  0  1  0  1  0  1
  1  1  0
   1 255
205 
  0  1  0  1  0  1  0  1  0  1  0  1  0  1  0  1  0  1  0  1
  1  1  0
   1 256
138 
  0  1  0  1  0  1  0  1  0  1  0  1  0  1  0  1  0  1  0  1
  1  1  0
   1 257
258 
  0  1  0  1  0  1  0  1  0  1  0  1  0  1  0  1  0  1  0  1
  1  1  0
   1 258
74  
  0  1  0  1  0  1  0  1  0  1  0  1  0  1  0  1  0  1  0  1
  1  1  0
   1 259
75  
  0  1  0  1  0  1  0  1  0  1  0  1  0  1  0  1  0  1  0  1
