 10  8  9  3 00  0  0  0  0
nnn_pot
  8                                                            Z1  BVs 1 - 8
  8  8
                                    19.993225   
                                    7.739155    
                                    5.976415    
                                    3.871017    
                                    1.358977    
                                    0.747616    
                                    0.593220    
                                    0.096888    
    9.788465    9.085783    1.370298    1.101486    0.361259    0.207733
    0.085892    0.068350
  1  1
          1.

  1  1
                      1.

  1  1
                                  1.

  1  1
                                              1.

  1  1
                                                          1.

  1  1
                                                                      1.

  1  1

          1.
  1  1

                      1.
  8                                                            Z2  BVs 9 - 16
  8  8
                                    25.495085   
                                    11.850354   
                                    7.495574    
                                    6.528903    
                                    1.748424    
                                    0.933313    
                                    0.677681    
                                    0.288427    
   10.778785    5.573687    2.421145    0.978965    0.663299    0.249022
    0.073508    0.073508
  1  1
          1.

  1  1
                      1.

  1  1
                                  1.

  1  1
                                              1.

  1  1
                                                          1.

  1  1
                                                                      1.

  1  1

          1.
  1  1

                      1.
eob-tni/t_no1_t_no1
elu-tni/000_000
eob-tni/t_no6_t_no1
elu-tni/000_000
eob-tni/t_no6_t_no6
elu-tni/000_000
