 10  8  9  3 00  0  0  0  0
nnn_pot
  8                                                            Z1  BVs 1 - 8
  8 10
                                                13.890594   1.239098    
                                                7.742937    1.675505    
                                                6.807125    14.552506   
                                                0.669987    1.736173    
                                                0.270172    0.043195    
                                                0.373683    0.041180    
                                                8.873919    0.228058    
                                                0.052401    8.698595    
    6.332677    4.947648    0.774094    0.847369    0.409573    0.150941
    0.105416    0.107398    0.006709    0.005967
  1  1
          1.

  1  1
                      1.

  1  1
                                  1.

  1  1
                                              1.

  1  1
                                                          1.

  1  1
                                                                      1.

  1  1

          1.
  1  1

                      1.
  4                                                            Z2  BVs 9 - 12
  4 10
                                                12.620612   16.904575   
                                                79.292831   4.692591    
                                                1.138968    0.195169    
                                                1.964313    0.039042    
   15.721018    4.393451    0.779984    0.603408    0.295804    0.213809
    0.036289    0.026563    0.006062    0.493727
  1  1
          1.
  1  1
                      1.
  1  1
                                  1.
  1  1
                                              1.
  8                                                            Z3  BVs 13 - 20
  8 10
                                                20.752857   19.941250   
                                                6.995457    8.845536    
                                                14.966134   0.393780    
                                                9.744107    5.205534    
                                                6.499405    0.083177    
                                                1.415921    0.829591    
                                                2.577116    0.570516    
                                                0.652983    0.111480    
   19.046257    3.173109    1.359371    0.513090    0.442697    0.256305
    0.075309    0.018697    0.015974    0.002502
  1  1
          1.

  1  1
                      1.

  1  1
                                  1.

  1  1
                                              1.

  1  1
                                                          1.

  1  1
                                                                      1.

  1  1

          1.
  1  1

                      1.
  4                                                            Z4  BVs 21 - 24
  4 10
                                                0.234980    0.155491    
                                                1.932020    0.267578    
                                                7.077144    0.883375    
                                                5.541855    5.337546    
    6.665567    8.934338    1.477525    1.007752    0.442819    0.364053
    0.032531    0.018697    0.282912    0.002502
  1  1
          1.
  1  1
                      1.
  1  1
                                  1.
  1  1
                                              1.
eob-tni/np3s_np3s_12-34_np3s_np3s_12-34
elu-tni/000-0_000-0
eob-tni/np3s_np3s_12-34_np3s_np3s_12-34
elu-tni/000-0_000-0
eob-tni/np3s_np3s_12-34_np3s_np3s_12-34
elu-tni/000-0_000-0
eob-tni/tp_123-4_np3s_np3s_12-34
elu-tni/000-0_000-0
eob-tni/tp_123-4_np3s_np3s_12-34
elu-tni/000-0_000-0
eob-tni/tp_123-4_tp_123-4
elu-tni/000-0_000-0
eob-tni/tp_123-4_np3s_np3s_12-34
elu-tni/000-0_000-0
eob-tni/tp_123-4_np3s_np3s_12-34
elu-tni/000-0_000-0
eob-tni/tp_123-4_tp_123-4
elu-tni/000-0_000-0
eob-tni/tp_123-4_tp_123-4
elu-tni/000-0_000-0
