 10  8  9  3 00  0  0  0  0
nnn_pot
  8                                                            Z1  BVs 1 - 8
  8  6
                                    24.726553   
                                    8.307963    
                                    5.861843    
                                    5.394766    
                                    1.476054    
                                    0.493127    
                                    0.120962    
                                    0.029662    
   28.957121    2.479450    1.808041    1.268013    0.063230    0.030618
  1  1
          1.

  1  1
                      1.

  1  1
                                  1.

  1  1
                                              1.

  1  1
                                                          1.

  1  1
                                                                      1.

  1  1

          1.
  1  1

                      1.
  8                                                            Z2  BVs 9 - 16
  8  6
                                    16.605398   
                                    9.588813    
                                    3.964700    
                                    1.369314    
                                    0.474487    
                                    0.239116    
                                    0.091988    
                                    0.018281    
  125.132057    6.854947    1.195042    0.265547    0.117049    0.015489
  1  1
          1.

  1  1
                      1.

  1  1
                                  1.

  1  1
                                              1.

  1  1
                                                          1.

  1  1
                                                                      1.

  1  1

          1.
  1  1

                      1.
eob-tni/123_123
elu-tni/000_000
eob-tni/123_123
elu-tni/000_000
eob-tni/123_123
elu-tni/000_000
