 11  2 12 31  1  1 +2  0  0 -1
  1  1  1  1  0  0  0  0  0  0  0  0  0  0  1  1
   0.0000000   1.0000000   0.0000000   0.0000000   0.0000000   0.0000000   0.0000000
   0.0000000   0.0000000   0.0000000   0.0000000   0.0000000   0.0000000   1.0000000
   0.0000000   0.0000000   0.0000000   0.0000000   0.0000000   0.0000000   0.0000000
   0.0000000   0.0000000   0.0000000   0.0000000   0.0000000   0.0000000   0.0000000
   0.0000000   0.0000000
   1  60   0   0   0   1
  68
0.132620600         
0.102041500         
-0.061969750        
-0.110400300        
0.074135950         
0.149325500         
6.110474000         
-4.518824000        
1.188135000         
1.939470000         
-3.237171000        
-7.378349000        
0.004320147         
-111.185900000      
111.213600000       
-14.886200000       
9.640564000         
0.064423280         
-0.101338600        
-0.008324219        
0.007386303         
9.110566000         
-4.578408000        
-2.950756000        
-0.102777300        
-0.907124700        
-1.477469000        
0.231839300         
-0.067941270        
0.074343700         
-0.046784210        
13.113180000        
15.981080000        
-30.014530000       
11.004630000        
-10.214680000       
0.426556200         
-0.103963300        
21.003150000        
-38.223880000       
-5.037512000        
-0.736869900        
-0.005721677        
-0.000213997        
1.041611000         
8.572041000         
0.022637800         
0.054938130         
-0.076809370        
0.792055400         
0.391043200         
-1.063075000        
0.185682600         
1.631045000         
-1.580838000        
-0.525998600        
0.337401800         
-0.288568700        
-1.981681000        
-0.000532429        
-3.845916000        
0.000083449         
-0.510994400        
-0.000991539        
1.379699000         
0.028419620         
-0.001608336        
-0.055795910        
  0  1  1
  68   1   2   3   4   5   6   7   8   9  10  11  12  13  14  15  16  17  18  19
  20  21  22  23  24  25  26  27  28  29  30  31  32  33  34  35  36  37  38  39
  40  41  42  43  44  45  46  47  48  49  50  51  52  53  54  55  56  57  58  59
  60  61  62  63  64  65  66  67  68
   1   2   3   4   5   6   7   8   9  10  11  12  13  14  15  16  17  18  19  20
  21  22  23  24  25  26  27  28  29  30  31  32  33  34  35  36  37  38  39  40
  41  42  43  44  45  46  47  48  49  50  51  52  53  54  55  56  57  58  59  60
  61  62  63  64  65  66  67  68
  1  1  1  1  1  1  1  1  1  1  1  1  1  1  1  1  1  1  1  1
  0  1  1 -1
   1   1
46  
  0  1  0  1  0  1
  0  1  1
   1   2
54  
  0  1  0  1  0  1
  0  1  1
   1   3
36  
  0  1  0  1  0  1
  0  1  1
   1   4
57  
  0  1  0  1  0  1
  0  1  1
   1   5
25  
  0  1  0  1  0  1
  0  1  1
   1   6
33  
  0  1  0  1  0  1
  0  1  1
   1   7
8   
  0  1  0  1  0  1
  0  1  1
   1   8
42  
  0  1  0  1  0  1
  0  1  1
   1   9
27  
  0  1  0  1  0  1
  0  1  1
   1  10
65  
  0  1  0  1  0  1
  0  1  1
   1  11
19  
  0  1  0  1  0  1
  0  1  1
   1  12
17  
  0  1  0  1  0  1
  0  1  1
   1  13
10  
  0  1  0  1  0  1
  0  1  1
   1  14
24  
  0  1  0  1  0  1
  0  1  1
   1  15
35  
  0  1  0  1  0  1
  0  1  1
   1  16
36  
  0  1  0  1  0  1
  0  1  1
   1  17
24  
  0  1  0  1  0  1
  0  1  1
   1  18
25  
  0  1  0  1  0  1
  0  1  1
   1  19
46  
  0  1  0  1  0  1
  0  1  1
   1  20
6   
  0  1  0  1  0  1
  0  1  1
   1  21
25  
  0  1  0  1  0  1
  0  1  1
   1  22
61  
  0  1  0  1  0  1
  0  1  1
   1  23
1   
  0  1  0  1  0  1
  0  1  1
   1  24
42  
  0  1  0  1  0  1
  0  1  1
   1  25
2   
  0  1  0  1  0  1
  0  1  1
   1  26
41  
  0  1  0  1  0  1
  0  1  1
   1  27
10  
  0  1  0  1  0  1
  0  1  1
   1  28
61  
  0  1  0  1  0  1
  0  1  1
   1  29
41  
  0  1  0  1  0  1
  0  1  1
   1  30
58  
  0  1  0  1  0  1
  0  1  1
   1  31
55  
  0  1  0  1  0  1
  0  1  1
   1  32
9   
  0  1  0  1  0  1
  0  1  1
   1  33
57  
  0  1  0  1  0  1
  0  1  1
   1  34
40  
  0  1  0  1  0  1
  0  1  1
   1  35
23  
  0  1  0  1  0  1
  0  1  1
   1  36
6   
  0  1  0  1  0  1
  0  1  1
   1  37
53  
  0  1  0  1  0  1
  0  1  1
   1  38
42  
  0  1  0  1  0  1
  0  1  1
   1  39
41  
  0  1  0  1  0  1
  0  1  1
   1  40
50  
  0  1  0  1  0  1
  0  1  1
   1  41
45  
  0  1  0  1  0  1
  0  1  1
   1  42
40  
  0  1  0  1  0  1
  0  1  1
   1  43
10  
  0  1  0  1  0  1
  0  1  1
   1  44
27  
  0  1  0  1  0  1
  0  1  1
   1  45
42  
  0  1  0  1  0  1
  0  1  1
   1  46
6   
  0  1  0  1  0  1
  0  1  1
   1  47
12  
  0  1  0  1  0  1
  0  1  1
   1  48
4   
  0  1  0  1  0  1
  0  1  1
   1  49
51  
  0  1  0  1  0  1
  0  1  1
   1  50
61  
  0  1  0  1  0  1
  0  1  1
   1  51
59  
  0  1  0  1  0  1
  0  1  1
   1  52
10  
  0  1  0  1  0  1
  0  1  1
   1  53
23  
  0  1  0  1  0  1
  0  1  1
   1  54
2   
  0  1  0  1  0  1
  0  1  1
   1  55
41  
  0  1  0  1  0  1
  0  1  1
   1  56
56  
  0  1  0  1  0  1
  0  1  1
   1  57
65  
  0  1  0  1  0  1
  0  1  1
   1  58
57  
  0  1  0  1  0  1
  0  1  1
   1  59
4   
  0  1  0  1  0  1
  0  1  1
   1  60
17  
  0  1  0  1  0  1
  0  1  1
   1  61
41  
  0  1  0  1  0  1
  0  1  1
   1  62
38  
  0  1  0  1  0  1
  0  1  1
   1  63
1   
  0  1  0  1  0  1
  0  1  1
   1  63
46  
  0  1  0  1  0  1
