 10  8  9  3 00  0  0  0  0
nn_pot
  8                                                            Z1  BVs 1 - 8
  8  8
                                    31.933590   
                                    29.996820   
                                    11.797012   
                                    9.384993    
                                    6.228355    
                                    1.499981    
                                    0.600399    
                                    0.460569    
   31.749298   11.117583    1.928977    0.475434    0.468360    0.434478
    0.092646    0.006523
  1  1
          1.

  1  1
                      1.

  1  1
                                  1.

  1  1
                                              1.

  1  1
                                                          1.

  1  1
                                                                      1.

  1  1

          1.
  1  1

                      1.
  8                                                            Z2  BVs 9 - 16
  8  8
                                    29.998940   
                                    23.607410   
                                    19.091650   
                                    5.166983    
                                    1.676695    
                                    0.926620    
                                    0.233352    
                                    0.062496    
  235.682297   15.223112    9.744159    0.998472    0.454055    0.365179
    0.093435    0.087126
  1  1
          1.

  1  1
                      1.

  1  1
                                  1.

  1  1
                                              1.

  1  1
                                                          1.

  1  1
                                                                      1.

  1  1

          1.
  1  1

                      1.
eob/t_no1_t_no1
elu/000_000
eob/t_no6_t_no1
elu/000_000
eob/t_no6_t_no6
elu/000_000
