 10  8  9  3 00  0  0  0  0
nn_pot
  6                                                            Z1  BVs 1 - 6
  6 10
                                    13.246961   
                                    6.279704    
                                    4.070189    
                                    1.821069    
                                    0.467007    
                                    0.167424    
    9.954821    8.956736    3.589319    0.801310    0.276999    0.276875
    0.098875    0.098786    0.018062    0.014053
  1  1
          1.
  1  1
                      1.
  1  1
                                  1.
  1  1
                                              1.
  1  1
                                                          1.
  1  1
                                                                      1.
  6                                                            Z2  BVs 7 - 12
  6 10
                                    7.199855    
                                    1.980260    
                                    0.467097    
                                    0.405040    
                                    0.135344    
                                    0.030983    
    9.960284    7.624690    5.393356    4.861963    0.835782    0.833819
    0.585659    0.277033    0.276095    0.048385
  1  1
          1.
  1  1
                      1.
  1  1
                                  1.
  1  1
                                              1.
  1  1
                                                          1.
  1  1
                                                                      1.
  6                                                            Z3  BVs 13 - 18
  6 10
                                    27.998104   
                                    11.538177   
                                    5.997605    
                                    2.935775    
                                    1.537033    
                                    0.514314    
   31.485407    8.939881    2.528284    0.868164    0.864956    0.807581
    0.496940    0.234314    0.062317    0.004969
  1  1
          1.
  1  1
                      1.
  1  1
                                  1.
  1  1
                                              1.
  1  1
                                                          1.
  1  1
                                                                      1.
  6                                                            Z4  BVs 19 - 24
  6 10
                                    6.248045    
                                    3.797004    
                                    1.241278    
                                    0.311644    
                                    0.181053    
                                    0.026939    
  123.795654    9.605824    8.974110    7.783835    1.997284    0.998750
    0.719597    0.209846    0.170723    0.040313
  1  1
          1.
  1  1
                      1.
  1  1
                                  1.
  1  1
                                              1.
  1  1
                                                          1.
  1  1
                                                                      1.
eob/t_no1_t_no1
elu/000_000
eob/t_no1_t_no1
elu/000_000
eob/t_no1_t_no1
elu/000_000
eob/t_no6_t_no1
elu/000_000
eob/t_no6_t_no1
elu/000_000
eob/t_no6_t_no6
elu/000_000
eob/t_no6_t_no1
elu/000_000
eob/t_no6_t_no1
elu/000_000
eob/t_no6_t_no6
elu/000_000
eob/t_no6_t_no6
elu/000_000
