 10  8  9  3 00  0  0  0  0
nnn_pot
  8                                                            Z1  BVs 1 - 8
  8 10
                                                1.200217    1.021279    
                                                0.242072    11.377468   
                                                4.440231    2.854612    
                                                7.186309    0.315899    
                                                2.073722    4.059821    
                                                1.881775    1.775471    
                                                1.935899    2.889704    
                                                0.037063    0.051374    
   20.222221    5.124180    3.366470    1.369591    0.337401    0.130424
    0.072224    0.009615    0.006103    0.005566
  1  1
          1.

  1  1
                      1.

  1  1
                                  1.

  1  1
                                              1.

  1  1
                                                          1.

  1  1
                                                                      1.

  1  1

          1.
  1  1

                      1.
  4                                                            Z2  BVs 9 - 12
  4 10
                                                10.027190   1.177781    
                                                0.043765    0.214189    
                                                1.995255    7.765967    
                                                8.223605    0.314996    
    0.104319    5.467991    1.562565    1.245976    0.279784    0.095779
    0.864322    0.010078    0.007812    0.002783
  1  1
          1.
  1  1
                      1.
  1  1
                                  1.
  1  1
                                              1.
  8                                                            Z3  BVs 13 - 20
  8 10
                                                3.463493    1.249823    
                                                25.563934   0.175699    
                                                1.673188    0.442019    
                                                0.767853    0.325696    
                                                11.301650   0.085823    
                                                6.710542    0.824421    
                                                5.142832    5.128439    
                                                0.079296    4.452338    
   29.137341    8.926712    8.850147    0.613498    0.125690    0.058615
    0.041720    0.016657    0.005471    0.002825
  1  1
          1.

  1  1
                      1.

  1  1
                                  1.

  1  1
                                              1.

  1  1
                                                          1.

  1  1
                                                                      1.

  1  1

          1.
  1  1

                      1.
  4                                                            Z4  BVs 21 - 24
  4 10
                                                4.321142    0.444655    
                                                26.042519   11.225636   
                                                2.439287    3.304448    
                                                12.227058   2.128712    
   15.492924   10.769485    6.231012    0.423929    0.146756   11.679655
    0.060399    0.068047    0.007983    0.004941
  1  1
          1.
  1  1
                      1.
  1  1
                                  1.
  1  1
                                              1.
eob-tni/np1s_np1s_12-34_np1s_np1s_12-34
elu-tni/000-0_000-0
eob-tni/np1s_np1s_12-34_np1s_np1s_12-34
elu-tni/000-0_000-0
eob-tni/np1s_np1s_12-34_np1s_np1s_12-34
elu-tni/000-0_000-0
eob-tni/tp_123-4_np1s_np1s_12-34
elu-tni/000-0_000-0
eob-tni/tp_123-4_np1s_np1s_12-34
elu-tni/000-0_000-0
eob-tni/tp_123-4_tp_123-4
elu-tni/000-0_000-0
eob-tni/tp_123-4_np1s_np1s_12-34
elu-tni/000-0_000-0
eob-tni/tp_123-4_np1s_np1s_12-34
elu-tni/000-0_000-0
eob-tni/tp_123-4_tp_123-4
elu-tni/000-0_000-0
eob-tni/tp_123-4_tp_123-4
elu-tni/000-0_000-0
