 10  8  9  3 00  0  0  0  0
nnn_pot
  8                                                            Z1  BVs 1 - 8
  8 20
                                                1.442863    0.198422    
                                                1.683758    6.347637    
                                                0.712307    0.061823    
                                                3.341168    5.594923    
                                                9.108655    5.345407    
                                                0.161249    8.402389    
                                                0.026658    0.181497    
                                                0.634490    7.913750    
   23.872139   10.732413    5.100784    5.151446    6.217251    1.804272
    1.164121    0.477303    1.708336    4.877146    5.103788    0.082430
    0.994381    0.099738    2.360188    0.027062    0.017042    0.008790
    1.465252    1.423375
  1  1
          1.

  1  1
                      1.

  1  1
                                  1.

  1  1
                                              1.

  1  1
                                                          1.

  1  1
                                                                      1.

  1  1

          1.
  1  1

                      1.
  8                                                            Z2  BVs 9 - 16
  8 20
                                                0.988600    0.224810    
                                                4.440898    0.249926    
                                                10.953613   5.553715    
                                                1.810358    0.225736    
                                                0.358139    1.195615    
                                                0.112364    6.170089    
                                                0.155841    2.977621    
                                                24.352242   6.940882    
    1.445158   19.019514    9.808043    7.089678    2.155920    2.332336
    1.635556    1.490907    0.542393    1.094256    9.411090    0.136632
    7.589761    9.764529    0.121512    1.482046    0.017042    0.008851
    0.005285    0.005515
  1  1
          1.

  1  1
                      1.

  1  1
                                  1.

  1  1
                                              1.

  1  1
                                                          1.

  1  1
                                                                      1.

  1  1

          1.
  1  1

                      1.
  2                                                            Z3  BVs 17 - 18
  2 20
                                                181.854126  3.240169    
                                                6.257248    8.033055    
  400.695282    8.730460    7.065887    3.546792    2.373871    3.339057
    1.634946    0.411989    0.390162    0.277974    0.218469    7.999870
    7.148892    0.038227    0.723078    0.024148    0.026807    0.020688
    0.004381    0.005606
  1  1
          1.
  1  1
                      1.
  8                                                            Z4  BVs 19 - 26
  8 20
                                                0.723017    0.343131    
                                                7.369934    11.871107   
                                                7.974231    185.551331  
                                                5.697171    9.061622    
                                                62.552425   13.031337   
                                                7.501703    0.247994    
                                                1.902737    6.849089    
                                                7.718169    4.886028    
   17.911152   19.486748    4.365863    7.891518   11.085757    1.976741
    4.413811    0.994857    4.909543    0.200811    2.916645    0.012741
    0.064412    0.048969    6.324908    0.389608    0.012363   11.808760
    0.004365    0.899322
  1  1
          1.

  1  1
                      1.

  1  1
                                  1.

  1  1
                                              1.

  1  1
                                                          1.

  1  1
                                                                      1.

  1  1

          1.
  1  1

                      1.
  8                                                            Z5  BVs 27 - 34
  8 20
                                                4.958589    0.758953    
                                                402.404480  19.958687   
                                                0.219157    0.468962    
                                                2.557444    0.577070    
                                                25.468744   21.629684   
                                                0.576247    9.966644    
                                                5.810453    7.962570    
                                                0.150068    292.397400  
   16.976223   17.992100    5.444180    5.643540    2.861285    1.858821
    1.731197    1.247525    0.662540    0.510502    0.408669    0.072142
    0.063872    0.049000    0.042967    0.030452    0.020984    0.004106
    0.009547    0.006779
  1  1
          1.

  1  1
                      1.

  1  1
                                  1.

  1  1
                                              1.

  1  1
                                                          1.

  1  1
                                                                      1.

  1  1

          1.
  1  1

                      1.
  2                                                            Z6  BVs 35 - 36
  2 20
                                                0.052596    0.369937    
                                                6.663185    2.614074    
  362.369446  201.905304    6.002402    3.946000    2.521351    1.668056
    0.130706   11.331519    0.326633    0.553255    0.539725    9.356144
    0.060951    0.048969    0.046418    0.024292    0.083890    0.006010
    0.026904    0.005078
  1  1
          1.
  1  1
                      1.
eob-tni/np3s_np3s_12-34_np3s_np3s_12-34
elu-tni/000-0_000-0
eob-tni/np3s_np3s_12-34_np3s_np3s_12-34
elu-tni/000-0_000-0
eob-tni/np3s_np3s_12-34_np3s_np3s_12-34
elu-tni/000-0_000-0
eob-tni/np3s_np3s_12-34_np3s_np3s_12-34
elu-tni/000-0_000-0
eob-tni/np3s_np3s_12-34_np3s_np3s_12-34
elu-tni/000-0_000-0
eob-tni/np3s_np3s_12-34_np3s_np3s_12-34
elu-tni/000-0_000-0
eob-tni/tp_123-4_np3s_np3s_12-34
elu-tni/000-0_000-0
eob-tni/tp_123-4_np3s_np3s_12-34
elu-tni/000-0_000-0
eob-tni/tp_123-4_np3s_np3s_12-34
elu-tni/000-0_000-0
eob-tni/tp_123-4_tp_123-4
elu-tni/000-0_000-0
eob-tni/tp_123-4_np3s_np3s_12-34
elu-tni/000-0_000-0
eob-tni/tp_123-4_np3s_np3s_12-34
elu-tni/000-0_000-0
eob-tni/tp_123-4_np3s_np3s_12-34
elu-tni/000-0_000-0
eob-tni/tp_123-4_tp_123-4
elu-tni/000-0_000-0
eob-tni/tp_123-4_tp_123-4
elu-tni/000-0_000-0
eob-tni/tp_123-4_np3s_np3s_12-34
elu-tni/000-0_000-0
eob-tni/tp_123-4_np3s_np3s_12-34
elu-tni/000-0_000-0
eob-tni/tp_123-4_np3s_np3s_12-34
elu-tni/000-0_000-0
eob-tni/tp_123-4_tp_123-4
elu-tni/000-0_000-0
eob-tni/tp_123-4_tp_123-4
elu-tni/000-0_000-0
eob-tni/tp_123-4_tp_123-4
elu-tni/000-0_000-0
