 11  2 12 31  1  0 +0  0  0 -1  0 +0
  1  1  1  1  0  0  0  0  0  0  0  0  0  0  1  1
   1.0000000   1.0000000   1.0000000   0.0000000   0.0000000   0.0000000   0.0000000
   0.0000000   0.0000000   0.0000000   0.0000000   0.0000000   0.0000000   1.0000000
   0.0000000   0.0000000   0.0000000   0.0000000   0.0000000   0.0000000   0.0000000
   0.0000000   0.0000000   0.0000000   0.0000000   0.0000000   0.0000000   0.0000000
   0.0000000   0.0000000
   1  24   1  -1   2
   1   1
  1  0  0  1  0  1  1
   1   2
  1  1  0  0  1  0  1  1
   1   3
  1  0  0  0  1  1  1
   1   4 
  0  1  0  1  0  1  0  1
   1   5
  1  0  1  0  1  0  1  0
   1   6
  0  0  1  1  1  1  0  0
   1   7 
  1  1  0  0  0  1  1  1
   1   8 
  0  0  0  1  1  1  1  1
   1   9
  1  1  1  1  1  1  1  0
   1  10
  0  0  0  1  0  1  0  1
   1  11
  1  1  0  0  1
   1  12 
  0  0  1  1  0  0  1  0
   1  13
  1  1  0  0  1  1  0  1
   1  14
  0  1  0  0  1  1  1  0
   1  15
  1  0  0  1  0  0  0  1
   1  16
  1  1  1  0  1  0  0  1
   1  17
  0  0  1  0  1  1  1  0
   1  18
  1  1  0  1  0  0  1  1
   1  19
  0  1  1  1  0  0  0  1
   1  20 
  1  1  0  0  1  1  1  0
   1  21
  0  0  0  1  1  0  0  0
   1  22
  1  0  1  0  0  1  1  1
   1  23
  1  1  1  1  1  1  1  1
   1  24
  1  1  1  1  1  1  1  1
