  0  2  2  1  0
  1  1  1  1  1  1  1  1  1  1  1  1  1
  4
  4  3
  3  6  1  2               t12=0 ,s12=1 ,s=1/2 ,sz=1/2,l=0
  1  1  1
  1  3  2
  3  1  2 
  2  3  1
  3  2  1
  1  4  1
  4  1  1
  1  3
 -1  3
 -1 12
  1 12
 -1 12
  1 12
  3  6  1  2               t12=0 ,s12=1 ,s=1/2 ,sz=1/2,l=0
  1  1  1
  1  3  2
  3  1  2
  2  3  1
  3  2  1
  1  4  1
  4  1  1
  1  3
 -1  3
 -1 12
  1 12
 -1 12
  1 12
  3  2  1  2               t12=0 ,s12=1 ,s=3/2,sz=3/2
  1  1  1
  1  3  1
  3  1  1
  1  2
 -1  2
  3  2  1  2               t12=0 ,s12=1 ,s=3/2,sz=3/2
  1  1  1
  1  3  1
  3  1  1
  1  2
 -1  2



  
   
