 10  8  9  3 00  0  0  0  0
nn_pot
  6                                         BVs  1-6
  6  8
                                    7.215445
                                    5.112546
                                    1.254698
                                    0.456849
                                    0.085987
                                    0.025432
   13.254635   11.356426    9.231520    7.563245    3.215463    0.351204
    0.182546    0.053216
  1  1
          1.

  1  1
                      1.

  1  1
                                  1.

  1  1
                                              1.

  1  1
                                                          1.
 
  1  1                                                                 
                                                                      1.
  6                                                    BVs   7-12
  6  8
                                    5.265455
                                    3.215463
                                    1.235468
                                    0.235489
                                    0.103556
                                    0.010235
   11.236546    9.256426    7.235648    5.144943    1.012655    0.401516
    0.312548    0.152365
  1  1
          1.

  1  1
                      1.
 
  1  1
                                  1.
 
  1  1
                                              1.
 
  1  1
                                                         1.

  1  1 
                                                                      1.
  6                                                    BVs   12-18
  6  8
                                    6.265455
                                    4.215463
                                    2.235468
                                    0.215489
                                    0.113256
                                    0.020235
   10.236546    8.256426    6.235648    4.144943    2.012655    0.301516
    0.212548    0.102365
  1  1
          1.

  1  1
                      1.

  1  1
                                  1.

  1  1
                                              1.

  1  1
                                                         1.

  1  1
                                                                      1.
  6                                                    BVs   18-24
  6  8
                                    4.265455
                                    1.825463
                                    1.235468
                                    0.215489
                                    0.123556
                                    0.020235
   10.236546    8.256426    6.235648    2.144943    1.002655    0.601516
    0.282548    0.122365
  1  1
          1.

  1  1
                      1.

  1  1
                                  1.

  1  1
                                              1.

  1  1
                                                          1.

  1  1
                                                                      1.




    
  
  

