 10  8  9  3 00  0  0  0  0
nn_pot
  8                                                            Z1  BVs 1 - 8
  8  6
                                    13.225828   
                                    5.439147    
                                    1.779742    
                                    0.838606    
                                    0.825554    
                                    0.186959    
                                    0.066965    
                                    0.050999    
    3.702739    0.499996    0.261687    0.186862    0.050627    0.042204
  1  1
          1.

  1  1
                      1.

  1  1
                                  1.

  1  1
                                              1.

  1  1
                                                          1.

  1  1
                                                                      1.

  1  1

          1.
  1  1

                      1.
  8                                                            Z2  BVs 9 - 16
  8  6
                                    13.225828   
                                    5.439147    
                                    1.779742    
                                    0.838606    
                                    0.825554    
                                    0.186959    
                                    0.066965    
                                    0.050999    
    3.702739    0.499996    0.261687    0.186862    0.050627    0.042204
  1  1
          1.

  1  1
                      1.

  1  1
                                  1.

  1  1
                                              1.

  1  1
                                                          1.

  1  1
                                                                      1.

  1  1

          1.
  1  1

                      1.
eob/t_no1_t_no1
elu/000_000
eob/t_no6_t_no1
elu/000_000
eob/t_no6_t_no6
elu/000_000
