 10  8  9  3 00  0  0  0  0
nnn_pot
  8                                                            Z1  BVs 1 - 8
  8  8
                                    79.003143   
                                    25.807320   
                                    11.618126   
                                    9.764842    
                                    1.780619    
                                    0.646499    
                                    0.333595    
                                    0.021269    
   44.543499   11.742064    9.837562    9.215808    0.985323    0.909293
    0.154022    0.088296
  1  1
          1.

  1  1
                      1.

  1  1
                                  1.

  1  1
                                              1.

  1  1
                                                          1.

  1  1
                                                                      1.

  1  1

          1.
  1  1

                      1.
  8                                                            Z2  BVs 9 - 16
  8  8
                                    57.783890   
                                    20.400616   
                                    6.328027    
                                    4.747350    
                                    1.628101    
                                    1.152254    
                                    0.304159    
                                    0.106313    
   87.271843   12.026573    7.687523    1.827083    0.464358    0.405931
    0.155993    0.059645
  1  1
          1.

  1  1
                      1.

  1  1
                                  1.

  1  1
                                              1.

  1  1
                                                          1.

  1  1
                                                                      1.

  1  1

          1.
  1  1

                      1.
eob-tni/t_no1_t_no1
elu-tni/000_000
eob-tni/t_no6_t_no1
elu-tni/000_000
eob-tni/t_no6_t_no6
elu-tni/000_000
