 11  2 12 31  1  1 +2  0  0 -1
  1  1  1  1  0  0  0  0  0  0  0  0  0  0  1  1
   0.0000000   1.0000000   0.0000000   0.0000000   0.0000000   0.0000000   0.0000000
   0.0000000   0.0000000   0.0000000   0.0000000   0.0000000   0.0000000   1.0000000
   0.0000000   0.0000000   0.0000000   0.0000000   0.0000000   0.0000000   0.0000000
   0.0000000   0.0000000   0.0000000   0.0000000   0.0000000   0.0000000   0.0000000
   0.0000000   0.0000000
   1  70   0   0   0   1
  75
-4.379679000        
8.545063000         
-0.356547900        
-2.137454000        
0.072373130         
-0.042395120        
0.029709540         
1.531229000         
0.132020200         
-0.897478700        
0.255216200         
-0.167557100        
0.213300500         
-0.060385080        
-0.043776240        
-0.752974600        
-1.118507000        
-0.605754600        
-0.118437200        
-0.001736557        
0.039441360         
7.410647000         
-0.980466800        
1.676058000         
6.682444000         
-5.186695000        
-0.015522780        
0.014206270         
-0.005350534        
-10.399340000       
11.075100000        
-0.359189700        
-0.173594800        
0.183196900         
-0.168227600        
-1.980728000        
1.329322000         
0.456930300         
0.359203600         
-1.011039000        
0.468449000         
-0.031147600        
0.023164570         
0.090576740         
-0.109131100        
0.085498390         
1.786545000         
-0.180696500        
4.850158000         
-3.527305000        
-0.000307589        
-0.070794720        
0.094273210         
0.776190000         
0.064576350         
-12.079380000       
11.811960000        
-18.514120000       
1.664547000         
0.685811700         
-5.069765000        
5.192837000         
-0.000226347        
0.000448798         
-20.632630000       
20.198170000        
-0.010450090        
-0.119610200        
-12.773220000       
-4.360569000        
-0.018583280        
-0.000148446        
-0.634482300        
0.350476400         
0.185571100         
  0  1  1
  75   1   2   3   4   5   6   7   8   9  10  11  12  13  14  15  16  17  18  19
  20  21  22  23  24  25  26  27  28  29  30  31  32  33  34  35  36  37  38  39
  40  41  42  43  44  45  46  47  48  49  50  51  52  53  54  55  56  57  58  59
  60  61  62  63  64  65  66  67  68  69  70  71  72  73  74  75
   1   2   3   4   5   6   7   8   9  10  11  12  13  14  15  16  17  18  19  20
  21  22  23  24  25  26  27  28  29  30  31  32  33  34  35  36  37  38  39  40
  41  42  43  44  45  46  47  48  49  50  51  52  53  54  55  56  57  58  59  60
  61  62  63  64  65  66  67  68  69  70  71  72  73  74  75
  1  1  1  1  1  1  1  1  1  1  1  1  1  1  1  1  1  1  1  1
  0  1  1 -1
   1   1
16  
  0  1  0  1  0  1
  0  1  1
   1   2
37  
  0  1  0  1  0  1
  0  1  1
   1   3
22  
  0  1  0  1  0  1
  0  1  1
   1   4
33  
  0  1  0  1  0  1
  0  1  1
   1   5
24  
  0  1  0  1  0  1
  0  1  1
   1   6
13  
  0  1  0  1  0  1
  0  1  1
   1   7
35  
  0  1  0  1  0  1
  0  1  1
   1   8
24  
  0  1  0  1  0  1
  0  1  1
   1   9
54  
  0  1  0  1  0  1
  0  1  1
   1  10
61  
  0  1  0  1  0  1
  0  1  1
   1  11
36  
  0  1  0  1  0  1
  0  1  1
   1  12
11  
  0  1  0  1  0  1
  0  1  1
   1  13
59  
  0  1  0  1  0  1
  0  1  1
   1  14
13  
  0  1  0  1  0  1
  0  1  1
   1  15
16  
  0  1  0  1  0  1
  0  1  1
   1  16
56  
  0  1  0  1  0  1
  0  1  1
   1  17
30  
  0  1  0  1  0  1
  0  1  1
   1  18
18  
  0  1  0  1  0  1
  0  1  1
   1  19
3   
  0  1  0  1  0  1
  0  1  1
   1  20
41  
  0  1  0  1  0  1
  0  1  1
   1  21
23  
  0  1  0  1  0  1
  0  1  1
   1  22
17  
  0  1  0  1  0  1
  0  1  1
   1  23
12  
  0  1  0  1  0  1
  0  1  1
   1  24
69  
  0  1  0  1  0  1
  0  1  1
   1  25
4   
  0  1  0  1  0  1
  0  1  1
   1  26
24  
  0  1  0  1  0  1
  0  1  1
   1  27
69  
  0  1  0  1  0  1
  0  1  1
   1  28
23  
  0  1  0  1  0  1
  0  1  1
   1  29
58  
  0  1  0  1  0  1
  0  1  1
   1  30
38  
  0  1  0  1  0  1
  0  1  1
   1  31
32  
  0  1  0  1  0  1
  0  1  1
   1  32
36  
  0  1  0  1  0  1
  0  1  1
   1  33
22  
  0  1  0  1  0  1
  0  1  1
   1  34
59  
  0  1  0  1  0  1
  0  1  1
   1  35
60  
  0  1  0  1  0  1
  0  1  1
   1  36
74  
  0  1  0  1  0  1
  0  1  1
   1  37
40  
  0  1  0  1  0  1
  0  1  1
   1  38
26  
  0  1  0  1  0  1
  0  1  1
   1  39
57  
  0  1  0  1  0  1
  0  1  1
   1  40
33  
  0  1  0  1  0  1
  0  1  1
   1  41
38  
  0  1  0  1  0  1
  0  1  1
   1  42
30  
  0  1  0  1  0  1
  0  1  1
   1  43
18  
  0  1  0  1  0  1
  0  1  1
   1  44
19  
  0  1  0  1  0  1
  0  1  1
   1  45
1   
  0  1  0  1  0  1
  0  1  1
   1  46
34  
  0  1  0  1  0  1
  0  1  1
   1  47
25  
  0  1  0  1  0  1
  0  1  1
   1  48
32  
  0  1  0  1  0  1
  0  1  1
   1  49
69  
  0  1  0  1  0  1
  0  1  1
   1  50
17  
  0  1  0  1  0  1
  0  1  1
   1  51
11  
  0  1  0  1  0  1
  0  1  1
   1  52
66  
  0  1  0  1  0  1
  0  1  1
   1  53
36  
  0  1  0  1  0  1
  0  1  1
   1  54
19  
  0  1  0  1  0  1
  0  1  1
   1  55
75  
  0  1  0  1  0  1
  0  1  1
   1  56
4   
  0  1  0  1  0  1
  0  1  1
   1  57
73  
  0  1  0  1  0  1
  0  1  1
   1  58
54  
  0  1  0  1  0  1
  0  1  1
   1  59
32  
  0  1  0  1  0  1
  0  1  1
   1  60
12  
  0  1  0  1  0  1
  0  1  1
   1  61
59  
  0  1  0  1  0  1
  0  1  1
   1  62
30  
  0  1  0  1  0  1
  0  1  1
   1  63
45  
  0  1  0  1  0  1
  0  1  1
   1  64
68  
  0  1  0  1  0  1
  0  1  1
   1  65
12  
  0  1  0  1  0  1
  0  1  1
   1  66
16  
  0  1  0  1  0  1
  0  1  1
   1  67
17  
  0  1  0  1  0  1
  0  1  1
   1  68
25  
  0  1  0  1  0  1
  0  1  1
   1  69
10  
  0  1  0  1  0  1
  0  1  1
   1  70
13  
  0  1  0  1  0  1
  0  1  1
   1  70
19  
  0  1  0  1  0  1
