  0  2  2  1 -0
  1  1  1  1  1  1  1  1  1  1  1  1  1  1  1
  4
 18  4
  4 24  1  2        dd  S=0  s12=1,t12=0     z6
  1  1  1  1
  1  4  1  4
  1  4  2  3
  1  4  3  2
  1  4  4  1
  1  3  2  4
  1  3  4  2
  2  3  1  4
  2  3  2  3
  2  3  3  2
  2  3  4  1
  2  4  1  3
  2  4  3  1
  3  2  1  4
  3  2  2  3
  3  2  3  2
  3  2  4  1
  3  1  2  4
  3  1  4  2
  4  1  1  4
  4  1  2  3
  4  1  3  2
  4  1  4  1
  4  2  1  3
  4  2  3  1
 -1 48
 -1 48
  1 48
  1 48
  1 12
 -1 12
 -1 48
 -1 48
  1 48
  1 48
  1 12
 -1 12
  1 48
  1 48
 -1 48
 -1 48
 -1 12
  1 12
  1 48
  1 48
 -1 48
 -1 48
 -1 12
  1 12
  4 24  1  2        d-d S=0  s12=1,t12=0     z6
  1  1  1  1
  1  4  1  4
  1  4  2  3
  1  4  3  2
  1  4  4  1
  1  3  2  4
  1  3  4  2
  2  3  1  4
  2  3  2  3
  2  3  3  2
  2  3  4  1
  2  4  1  3
  2  4  3  1
  3  2  1  4
  3  2  2  3
  3  2  3  2
  3  2  4  1
  3  1  2  4
  3  1  4  2
  4  1  1  4
  4  1  2  3
  4  1  3  2
  4  1  4  1
  4  2  1  3
  4  2  3  1
 -1 48
 -1 48
  1 48
  1 48
  1 12
 -1 12
 -1 48
 -1 48
  1 48
  1 48
  1 12
 -1 12
  1 48
  1 48
 -1 48
 -1 48
 -1 12
  1 12
  1 48
  1 48
 -1 48
 -1 48
 -1 12
  1 12
  4 24  1  2        d-d S=0  s12=1,t12=0     z6
  1  1  1  1
  1  4  1  4
  1  4  2  3
  1  4  3  2
  1  4  4  1
  1  3  2  4
  1  3  4  2
  2  3  1  4
  2  3  2  3
  2  3  3  2
  2  3  4  1
  2  4  1  3
  2  4  3  1
  3  2  1  4
  3  2  2  3
  3  2  3  2
  3  2  4  1
  3  1  2  4
  3  1  4  2
  4  1  1  4
  4  1  2  3
  4  1  3  2
  4  1  4  1
  4  2  1  3
  4  2  3  1
 -1 48
 -1 48
  1 48
  1 48
  1 12
 -1 12
 -1 48
 -1 48
  1 48
  1 48
  1 12
 -1 12
  1 48
  1 48
 -1 48
 -1 48
 -1 12
  1 12
  1 48
  1 48
 -1 48
 -1 48
 -1 12
  1 12
  4 24  1  2        d-d S=0  s12=1,t12=0     z6
  1  1  1  1
  1  4  1  4
  1  4  2  3
  1  4  3  2
  1  4  4  1
  1  3  2  4
  1  3  4  2
  2  3  1  4
  2  3  2  3
  2  3  3  2
  2  3  4  1
  2  4  1  3
  2  4  3  1
  3  2  1  4
  3  2  2  3
  3  2  3  2
  3  2  4  1
  3  1  2  4
  3  1  4  2
  4  1  1  4
  4  1  2  3
  4  1  3  2
  4  1  4  1
  4  2  1  3
  4  2  3  1
 -1 48
 -1 48
  1 48
  1 48
  1 12
 -1 12
 -1 48
 -1 48
  1 48
  1 48
  1 12
 -1 12
  1 48
  1 48
 -1 48
 -1 48
 -1 12
  1 12
  1 48
  1 48
 -1 48
 -1 48
 -1 12
  1 12
  4 12  1  3               he3n No1 S=0, T=0 ,s12=1,t12=0 z2
  1  1  1  1
  4  2  1  3
  4  1  2  3
  4  1  1  4
  2  4  1  3
  2  3  2  3
  2  3  1  4
  3  2  2  3
  3  2  1  4
  3  1  2  4
  1  4  2  3
  1  4  1  4
  1  3  2  4
 -1 12
  1 48
  1 48
  1 12
 -1 48
 -1 48
  1 48
  1 48
 -1 12
 -1 48
 -1 48
  1 12
  4 12  1  3               he3n No1 S=0, T=0 ,s12=1,t12=0 z2
  1  1  1  1
  4  2  1  3
  4  1  2  3
  4  1  1  4
  2  4  1  3
  2  3  2  3
  2  3  1  4
  3  2  2  3
  3  2  1  4
  3  1  2  4
  1  4  2  3
  1  4  1  4
  1  3  2  4
 -1 12
  1 48
  1 48
  1 12
 -1 48
 -1 48
  1 48
  1 48
 -1 12
 -1 48
 -1 48
  1 12
  
  4 12  1  3        tp No1  S=0,T=0,s12=1,t12=0    z4
  1  1  1  1
  4  2  3  1
  4  1  4  1
  4  1  3  2
  2  4  3  1
  2  3  4  1
  2  3  3  2
  3  2  4  1
  3  2  3  2
  3  1  4  2
  1  4  4  1
  1  4  3  2
  1  3  4  2
  1 12
 -1 48
 -1 48
 -1 12
  1 48
  1 48
 -1 48
 -1 48
  1 12
  1 48
  1 48
 -1 12
  4 12  1  3        tp No1  S=0,T=0,s12=1,t12=0    z4
  1  1  1  1
  4  2  3  1
  4  1  4  1
  4  1  3  2
  2  4  3  1
  2  3  4  1
  2  3  3  2
  3  2  4  1
  3  2  3  2
  3  1  4  2
  1  4  4  1
  1  4  3  2
  1  3  4  2
  1 12
 -1 48
 -1 48
 -1 12
  1 48
  1 48
 -1 48
 -1 48
  1 12
  1 48
  1 48
 -1 12
  4 12  1  3        tp No1  S=0,T=0,s12=1,t12=0    z4
  1  1  1  1
  4  2  3  1
  4  1  4  1
  4  1  3  2
  2  4  3  1
  2  3  4  1
  2  3  3  2
  3  2  4  1
  3  2  3  2
  3  1  4  2
  1  4  4  1
  1  4  3  2
  1  3  4  2
  1 12
 -1 48
 -1 48
 -1 12
  1 48
  1 48
 -1 48
 -1 48
  1 12
  1 48
  1 48
 -1 12
  4 12  1  3        tp No1  S=0,T=0,s12=1,t12=0    z4
  1  1  1  1
  4  2  3  1
  4  1  4  1
  4  1  3  2
  2  4  3  1
  2  3  4  1
  2  3  3  2
  3  2  4  1
  3  2  3  2
  3  1  4  2
  1  4  4  1
  1  4  3  2
  1  3  4  2
  1 12
 -1 48
 -1 48
 -1 12
  1 48
  1 48
 -1 48
 -1 48
  1 12
  1 48
  1 48
 -1 12
  4 12  1  3        tp No1  S=0,T=0,s12=1,t12=0    z4
  1  1  1  1
  4  2  3  1
  4  1  4  1
  4  1  3  2
  2  4  3  1
  2  3  4  1
  2  3  3  2
  3  2  4  1
  3  2  3  2
  3  1  4  2
  1  4  4  1
  1  4  3  2
  1  3  4  2
  1 12
 -1 48
 -1 48
 -1 12
  1 48
  1 48
 -1 48
 -1 48
  1 12
  1 48
  1 48
 -1 12
  4 12  1  3        tp No1  S=0,T=0,s12=1,t12=0    z4
  1  1  1  1
  4  2  3  1
  4  1  4  1
  4  1  3  2
  2  4  3  1
  2  3  4  1
  2  3  3  2
  3  2  4  1
  3  2  3  2
  3  1  4  2
  1  4  4  1
  1  4  3  2
  1  3  4  2
  1 12
 
