 10  8  9  3 00  0  0  0  0
nn_pot
  8
  8 18                                                      BVs  1-8
                                    7.241995
                                    5.111737
                                    1.713180
                                    0.765190
                                    0.739621
                                    0.489885
                                    0.073970
                                    0.028259
   11.099171    9.162475    7.996046    7.811540    7.307723    6.046959
    4.678057    1.745971    1.617528    1.579031    1.120846    0.788501
    0.754498    0.721652    0.302503    0.183821    0.123316    0.075405
  1  1
          1.

  1  1
                      1.

  1  1
                                  1.

  1  1
                                              1.

  1  1
                                                          1.

  1  1
                                                                      1.

  1  1

          1.
  1  1

                      1.
  8 
  8 18                                            BVs  9-16
                                    11.542962
                                    4.565454
                                    0.789908
                                    0.512325
                                    0.169239
                                    0.161796
                                    0.076147
                                    0.006461
   13.389456    9.964448    8.255370    7.771281    7.598570    7.420611
    4.332868    3.185961    1.980957    0.992059    0.932618    0.721043
    0.701582    0.492146    0.475387    0.315387    0.155384    0.118431
  1  1
          1.

  1  1
                      1.

  1  1
                                  1.

  1  1
                                              1.

  1  1
                                                          1.

  1  1
                                                                      1.

  1  1

          1.
  1  1

                      1.
