 10  8  9  3 00  0  0  0  0
nn_pot
  8                                                            Z1  BVs 1 - 8
  8  8
                                    19.733334   
                                    18.853399   
                                    9.206183    
                                    6.712591    
                                    3.920897    
                                    1.148085    
                                    0.239223    
                                    0.201206    
    4.957661    4.917899    1.800382    0.598476    0.471800    0.358306
    0.127196    0.069806
  1  1
          1.

  1  1
                      1.

  1  1
                                  1.

  1  1
                                              1.

  1  1
                                                          1.

  1  1
                                                                      1.

  1  1

          1.
  1  1

                      1.
  8                                                            Z2  BVs 9 - 16
  8  8
                                    26.931097   
                                    15.991199   
                                    5.872363    
                                    1.873465    
                                    0.809988    
                                    0.729953    
                                    0.303465    
                                    0.070146    
   17.991692    5.980437    3.749983    1.653759    1.528758    0.385333
    0.171075    0.095030
  1  1
          1.

  1  1
                      1.

  1  1
                                  1.

  1  1
                                              1.

  1  1
                                                          1.

  1  1
                                                                      1.

  1  1

          1.
  1  1

                      1.
eob/t_no1_t_no1
elu/000_000
eob/t_no6_t_no1
elu/000_000
eob/t_no6_t_no6
elu/000_000
