 10  8  9  3 00  0  0  0  0
nn_pot
  6                                                            Z1  BVs 1 - 6
  6  6
                                    47.456352   
                                    17.873796   
                                    8.836501    
                                    3.734030    
                                    0.971672    
                                    0.043688    
    6.991966    0.716275    0.676376    0.202606    0.120967    0.005300
  1  1
          1.
  1  1
                      1.
  1  1
                                  1.
  1  1
                                              1.
  1  1
                                                          1.
  1  1
                                                                      1.
  6                                                            Z2  BVs 7 - 12
  6  6
                                    31.486155   
                                    29.488241   
                                    8.984298    
                                    1.832759    
                                    0.444578    
                                    0.111122    
    9.536619    8.639596    5.409484    0.649219    0.186492    0.134988
  1  1
          1.
  1  1
                      1.
  1  1
                                  1.
  1  1
                                              1.
  1  1
                                                          1.
  1  1
                                                                      1.
eob-tni/he_no1_he_no1
elu-tni/000_000
eob-tni/he_no6_he_no1
elu-tni/000_000
eob-tni/he_no6_he_no6
elu-tni/000_000
