 10  8  9  3 00  0  0  0  0
nnn_pot
  8
  8 20
                                                8.000316    8.000316    
                                                8.000316    2.430826    
                                                8.000316    0.531676    
                                                8.000316    0.276356    
                                                8.000316    0.181918    
                                                8.000316    0.025815    
                                                8.000316    0.003501    
                                                8.000316    0.000330    
   25.118864   12.742750    6.464372    3.279363    1.663614    0.843948
    0.428133    0.217191    0.110181    0.055894    0.028355    0.014384
    0.007297    0.003702    0.001878    0.000953    0.000483    0.000245
    0.000124    0.000063
  1  1
          1.

  1  1
                      1.

  1  1
                                  1.

  1  1
                                              1.

  1  1
                                                          1.

  1  1
                                                                      1.

  1  1

          1.
  1  1

                      1.
  8
  8 20
                                                2.430826    2.430826    
                                                2.430826    0.531676    
                                                2.430826    0.276356    
                                                2.430826    0.181918    
                                                2.430826    0.025815    
                                                2.430826    0.003501    
                                                2.430826    0.000330    
                                                0.531676    0.531676    
   25.118864   12.742750    6.464372    3.279363    1.663614    0.843948
    0.428133    0.217191    0.110181    0.055894    0.028355    0.014384
    0.007297    0.003702    0.001878    0.000953    0.000483    0.000245
    0.000124    0.000063
  1  1
          1.

  1  1
                      1.

  1  1
                                  1.

  1  1
                                              1.

  1  1
                                                          1.

  1  1
                                                                      1.

  1  1

          1.
  1  1

                      1.
  8
  8 20
                                                0.531676    0.276356    
                                                0.531676    0.181918    
                                                0.531676    0.025815    
                                                0.531676    0.003501    
                                                0.531676    0.000330    
                                                0.276356    0.276356    
                                                0.276356    0.181918    
                                                0.276356    0.025815    
   25.118864   12.742750    6.464372    3.279363    1.663614    0.843948
    0.428133    0.217191    0.110181    0.055894    0.028355    0.014384
    0.007297    0.003702    0.001878    0.000953    0.000483    0.000245
    0.000124    0.000063
  1  1
          1.

  1  1
                      1.

  1  1
                                  1.

  1  1
                                              1.

  1  1
                                                          1.

  1  1
                                                                      1.

  1  1

          1.
  1  1

                      1.
  8
  8 20
                                                0.276356    0.003501    
                                                0.276356    0.000330    
                                                0.181918    0.181918    
                                                0.181918    0.025815    
                                                0.181918    0.003501    
                                                0.181918    0.000330    
                                                0.025815    0.025815    
                                                0.025815    0.003501    
   25.118864   12.742750    6.464372    3.279363    1.663614    0.843948
    0.428133    0.217191    0.110181    0.055894    0.028355    0.014384
    0.007297    0.003702    0.001878    0.000953    0.000483    0.000245
    0.000124    0.000063
  1  1
          1.

  1  1
                      1.

  1  1
                                  1.

  1  1
                                              1.

  1  1
                                                          1.

  1  1
                                                                      1.

  1  1

          1.
  1  1

                      1.
  4
  4 20
                                                0.025815    0.000330    
                                                0.003501    0.003501    
                                                0.003501    0.000330    
                                                0.000330    0.000330    
   25.118864   12.742750    6.464372    3.279363    1.663614    0.843948
    0.428133    0.217191    0.110181    0.055894    0.028355    0.014384
    0.007297    0.003702    0.001878    0.000953    0.000483    0.000245
    0.000124    0.000063
  1  1
          1.
  1  1
                      1.
  1  1
                                  1.
  1  1
                                              1.
  8
  8 20
                                                9.857196    3.783774    
                                                9.857196    0.488097    
                                                9.857196    0.007625    
                                                5.086787    3.783774    
                                                5.086787    0.488097    
                                                5.086787    0.007625    
                                                1.710448    3.783774    
                                                1.710448    0.488097    
   25.118864   12.742750    6.464372    3.279363    1.663614    0.843948
    0.428133    0.217191    0.110181    0.055894    0.028355    0.014384
    0.007297    0.003702    0.001878    0.000953    0.000483    0.000245
    0.000124    0.000063
  1  1
          1.

  1  1
                      1.

  1  1
                                  1.

  1  1
                                              1.

  1  1
                                                          1.

  1  1
                                                                      1.

  1  1

          1.
  1  1

                      1.
  8
  8 20
                                                1.710448    0.007625    
                                                0.488024    3.783774    
                                                0.488024    0.488097    
                                                0.488024    0.007625    
                                                0.312008    3.783774    
                                                0.312008    0.488097    
                                                0.312008    0.007625    
                                                0.156050    3.783774    
   25.118864   12.742750    6.464372    3.279363    1.663614    0.843948
    0.428133    0.217191    0.110181    0.055894    0.028355    0.014384
    0.007297    0.003702    0.001878    0.000953    0.000483    0.000245
    0.000124    0.000063
  1  1
          1.

  1  1
                      1.

  1  1
                                  1.

  1  1
                                              1.

  1  1
                                                          1.

  1  1
                                                                      1.

  1  1

          1.
  1  1

                      1.
  8
  8 20
                                                0.156050    0.488097    
                                                0.156050    0.007625    
                                                0.029144    3.783774    
                                                0.029144    0.488097    
                                                0.029144    0.007625    
                                                0.005956    3.783774    
                                                0.005956    0.488097    
                                                0.005956    0.007625    
   25.118864   12.742750    6.464372    3.279363    1.663614    0.843948
    0.428133    0.217191    0.110181    0.055894    0.028355    0.014384
    0.007297    0.003702    0.001878    0.000953    0.000483    0.000245
    0.000124    0.000063
  1  1
          1.

  1  1
                      1.

  1  1
                                  1.

  1  1
                                              1.

  1  1
                                                          1.

  1  1
                                                                      1.

  1  1

          1.
  1  1

                      1.
  8
  8 20
                                                9.857196    1.253641    
                                                9.857196    0.031225    
                                                9.857196    0.001906    
                                                5.086787    1.253641    
                                                5.086787    0.031225    
                                                5.086787    0.001906    
                                                1.710448    1.253641    
                                                1.710448    0.031225    
   25.118864   12.742750    6.464372    3.279363    1.663614    0.843948
    0.428133    0.217191    0.110181    0.055894    0.028355    0.014384
    0.007297    0.003702    0.001878    0.000953    0.000483    0.000245
    0.000124    0.000063
  1  1
          1.

  1  1
                      1.

  1  1
                                  1.

  1  1
                                              1.

  1  1
                                                          1.

  1  1
                                                                      1.

  1  1

          1.
  1  1

                      1.
  8
  8 20
                                                1.710448    0.001906    
                                                0.488024    1.253641    
                                                0.488024    0.031225    
                                                0.488024    0.001906    
                                                0.312008    1.253641    
                                                0.312008    0.031225    
                                                0.312008    0.001906    
                                                0.156050    1.253641    
   25.118864   12.742750    6.464372    3.279363    1.663614    0.843948
    0.428133    0.217191    0.110181    0.055894    0.028355    0.014384
    0.007297    0.003702    0.001878    0.000953    0.000483    0.000245
    0.000124    0.000063
  1  1
          1.

  1  1
                      1.

  1  1
                                  1.

  1  1
                                              1.

  1  1
                                                          1.

  1  1
                                                                      1.

  1  1

          1.
  1  1

                      1.
  8
  8 20
                                                0.156050    0.031225    
                                                0.156050    0.001906    
                                                0.029144    1.253641    
                                                0.029144    0.031225    
                                                0.029144    0.001906    
                                                0.005956    1.253641    
                                                0.005956    0.031225    
                                                0.005956    0.001906    
   25.118864   12.742750    6.464372    3.279363    1.663614    0.843948
    0.428133    0.217191    0.110181    0.055894    0.028355    0.014384
    0.007297    0.003702    0.001878    0.000953    0.000483    0.000245
    0.000124    0.000063
  1  1
          1.

  1  1
                      1.

  1  1
                                  1.

  1  1
                                              1.

  1  1
                                                          1.

  1  1
                                                                      1.

  1  1

          1.
  1  1

                      1.
  8                                                            Z1  BVs 1 - 8
  8 10
                                                0.043382    0.425442    
                                                4.992447    174.763321  
                                                1.827997    0.041849    
                                                4.516780    4.746925    
                                                1.827358    0.181934    
                                                0.307499    0.016584    
                                                7.767437    10.277647   
                                                7.801915    68.221291   
    5.539485    3.499949    4.097437    0.930773    0.165788    0.133189
    0.098406    0.035438    0.000061    0.001449
  1  1
          1.

  1  1
                      1.

  1  1
                                  1.

  1  1
                                              1.

  1  1
                                                          1.

  1  1
                                                                      1.

  1  1

          1.
  1  1

                      1.
  4                                                            Z2  BVs 9 - 12
  4 10
                                                1.756489    0.096370    
                                                0.340177    0.044967    
                                                7.362370    9.661429    
                                                0.502689    5.945076    
    5.525813   11.995950    3.991070    6.574498    0.173591    0.204045
    0.106322    0.035454    0.014255    0.003875
  1  1
          1.
  1  1
                      1.
  1  1
                                  1.
  1  1
                                              1.
  8                                                            Z3  BVs 13 - 20
  8 10
                                                7.220840    0.982315    
                                                9.066292    26.310818   
                                                1.575890    3.671806    
                                                7.687165    5.529758    
                                                0.061328    0.338853    
                                                6.966996    2.399987    
                                                1.036414    6.404598    
                                                1.463968    0.083211    
   19.532488    2.952774    2.962822    1.140635    0.456271    0.072397
    0.059403    0.016536    0.014828    7.786382
  1  1
          1.

  1  1
                      1.

  1  1
                                  1.

  1  1
                                              1.

  1  1
                                                          1.

  1  1
                                                                      1.

  1  1

          1.
  1  1

                      1.
  4                                                            Z4  BVs 21 - 24
  4 10
                                                0.038255    236.715607  
                                                0.048377    36.554276   
                                                0.654332    1.344817    
                                                15.065270   0.012249    
   19.925066    6.204379    2.797813    1.001879    0.219335    0.076524
    0.059403    0.410208    0.006438    0.003296
  1  1
          1.
  1  1
                      1.
  1  1
                                  1.
  1  1
                                              1.
eob-tni/np3s_np3s_12-34_np3s_np3s_12-34
elu-tni/000-0_000-0
eob-tni/np3s_np3s_12-34_np3s_np3s_12-34
elu-tni/000-0_000-0
eob-tni/np3s_np3s_12-34_np3s_np3s_12-34
elu-tni/000-0_000-0
eob-tni/np3s_np3s_12-34_np3s_np3s_12-34
elu-tni/000-0_000-0
eob-tni/np3s_np3s_12-34_np3s_np3s_12-34
elu-tni/000-0_000-0
eob-tni/np3s_np3s_12-34_np3s_np3s_12-34
elu-tni/000-0_000-0
eob-tni/np3s_np3s_12-34_np3s_np3s_12-34
elu-tni/000-0_000-0
eob-tni/np3s_np3s_12-34_np3s_np3s_12-34
elu-tni/000-0_000-0
eob-tni/np3s_np3s_12-34_np3s_np3s_12-34
elu-tni/000-0_000-0
eob-tni/np3s_np3s_12-34_np3s_np3s_12-34
elu-tni/000-0_000-0
eob-tni/np3s_np3s_12-34_np3s_np3s_12-34
elu-tni/000-0_000-0
eob-tni/np3s_np3s_12-34_np3s_np3s_12-34
elu-tni/000-0_000-0
eob-tni/np3s_np3s_12-34_np3s_np3s_12-34
elu-tni/000-0_000-0
eob-tni/np3s_np3s_12-34_np3s_np3s_12-34
elu-tni/000-0_000-0
eob-tni/np3s_np3s_12-34_np3s_np3s_12-34
elu-tni/000-0_000-0
eob-tni/tp_123-4_np3s_np3s_12-34
elu-tni/000-0_000-0
eob-tni/tp_123-4_np3s_np3s_12-34
elu-tni/000-0_000-0
eob-tni/tp_123-4_np3s_np3s_12-34
elu-tni/000-0_000-0
eob-tni/tp_123-4_np3s_np3s_12-34
elu-tni/000-0_000-0
eob-tni/tp_123-4_np3s_np3s_12-34
elu-tni/000-0_000-0
eob-tni/tp_123-4_tp_123-4
elu-tni/000-0_000-0
eob-tni/tp_123-4_np3s_np3s_12-34
elu-tni/000-0_000-0
eob-tni/tp_123-4_np3s_np3s_12-34
elu-tni/000-0_000-0
eob-tni/tp_123-4_np3s_np3s_12-34
elu-tni/000-0_000-0
eob-tni/tp_123-4_np3s_np3s_12-34
elu-tni/000-0_000-0
eob-tni/tp_123-4_np3s_np3s_12-34
elu-tni/000-0_000-0
eob-tni/tp_123-4_tp_123-4
elu-tni/000-0_000-0
eob-tni/tp_123-4_tp_123-4
elu-tni/000-0_000-0
eob-tni/tp_123-4_np3s_np3s_12-34
elu-tni/000-0_000-0
eob-tni/tp_123-4_np3s_np3s_12-34
elu-tni/000-0_000-0
eob-tni/tp_123-4_np3s_np3s_12-34
elu-tni/000-0_000-0
eob-tni/tp_123-4_np3s_np3s_12-34
elu-tni/000-0_000-0
eob-tni/tp_123-4_np3s_np3s_12-34
elu-tni/000-0_000-0
eob-tni/tp_123-4_tp_123-4
elu-tni/000-0_000-0
eob-tni/tp_123-4_tp_123-4
elu-tni/000-0_000-0
eob-tni/tp_123-4_tp_123-4
elu-tni/000-0_000-0
eob-tni/tp_123-4_np3s_np3s_12-34
elu-tni/000-0_000-0
eob-tni/tp_123-4_np3s_np3s_12-34
elu-tni/000-0_000-0
eob-tni/tp_123-4_np3s_np3s_12-34
elu-tni/000-0_000-0
eob-tni/tp_123-4_np3s_np3s_12-34
elu-tni/000-0_000-0
eob-tni/tp_123-4_np3s_np3s_12-34
elu-tni/000-0_000-0
eob-tni/tp_123-4_tp_123-4
elu-tni/000-0_000-0
eob-tni/tp_123-4_tp_123-4
elu-tni/000-0_000-0
eob-tni/tp_123-4_tp_123-4
elu-tni/000-0_000-0
eob-tni/tp_123-4_tp_123-4
elu-tni/000-0_000-0
eob-tni/tp_123-4_np3s_np3s_12-34
elu-tni/000-0_000-0
eob-tni/tp_123-4_np3s_np3s_12-34
elu-tni/000-0_000-0
eob-tni/tp_123-4_np3s_np3s_12-34
elu-tni/000-0_000-0
eob-tni/tp_123-4_np3s_np3s_12-34
elu-tni/000-0_000-0
eob-tni/tp_123-4_np3s_np3s_12-34
elu-tni/000-0_000-0
eob-tni/tp_123-4_tp_123-4
elu-tni/000-0_000-0
eob-tni/tp_123-4_tp_123-4
elu-tni/000-0_000-0
eob-tni/tp_123-4_tp_123-4
elu-tni/000-0_000-0
eob-tni/tp_123-4_tp_123-4
elu-tni/000-0_000-0
eob-tni/tp_123-4_tp_123-4
elu-tni/000-0_000-0
eob-tni/tp_123-4_np3s_np3s_12-34
elu-tni/000-0_000-0
eob-tni/tp_123-4_np3s_np3s_12-34
elu-tni/000-0_000-0
eob-tni/tp_123-4_np3s_np3s_12-34
elu-tni/000-0_000-0
eob-tni/tp_123-4_np3s_np3s_12-34
elu-tni/000-0_000-0
eob-tni/tp_123-4_np3s_np3s_12-34
elu-tni/000-0_000-0
eob-tni/tp_123-4_tp_123-4
elu-tni/000-0_000-0
eob-tni/tp_123-4_tp_123-4
elu-tni/000-0_000-0
eob-tni/tp_123-4_tp_123-4
elu-tni/000-0_000-0
eob-tni/tp_123-4_tp_123-4
elu-tni/000-0_000-0
eob-tni/tp_123-4_tp_123-4
elu-tni/000-0_000-0
eob-tni/tp_123-4_tp_123-4
elu-tni/000-0_000-0
eob-tni/np3s_np3s_12-34_np3s_np3s_12-34
elu-tni/000-0_000-0
eob-tni/np3s_np3s_12-34_np3s_np3s_12-34
elu-tni/000-0_000-0
eob-tni/np3s_np3s_12-34_np3s_np3s_12-34
elu-tni/000-0_000-0
eob-tni/np3s_np3s_12-34_np3s_np3s_12-34
elu-tni/000-0_000-0
eob-tni/np3s_np3s_12-34_np3s_np3s_12-34
elu-tni/000-0_000-0
eob-tni/np3s_np3s_12-34_tp_123-4
elu-tni/000-0_000-0
eob-tni/np3s_np3s_12-34_tp_123-4
elu-tni/000-0_000-0
eob-tni/np3s_np3s_12-34_tp_123-4
elu-tni/000-0_000-0
eob-tni/np3s_np3s_12-34_tp_123-4
elu-tni/000-0_000-0
eob-tni/np3s_np3s_12-34_tp_123-4
elu-tni/000-0_000-0
eob-tni/np3s_np3s_12-34_tp_123-4
elu-tni/000-0_000-0
eob-tni/np3s_np3s_12-34_np3s_np3s_12-34
elu-tni/000-0_000-0
eob-tni/np3s_np3s_12-34_np3s_np3s_12-34
elu-tni/000-0_000-0
eob-tni/np3s_np3s_12-34_np3s_np3s_12-34
elu-tni/000-0_000-0
eob-tni/np3s_np3s_12-34_np3s_np3s_12-34
elu-tni/000-0_000-0
eob-tni/np3s_np3s_12-34_np3s_np3s_12-34
elu-tni/000-0_000-0
eob-tni/np3s_np3s_12-34_np3s_np3s_12-34
elu-tni/000-0_000-0
eob-tni/np3s_np3s_12-34_tp_123-4
elu-tni/000-0_000-0
eob-tni/np3s_np3s_12-34_tp_123-4
elu-tni/000-0_000-0
eob-tni/np3s_np3s_12-34_tp_123-4
elu-tni/000-0_000-0
eob-tni/np3s_np3s_12-34_tp_123-4
elu-tni/000-0_000-0
eob-tni/np3s_np3s_12-34_tp_123-4
elu-tni/000-0_000-0
eob-tni/np3s_np3s_12-34_tp_123-4
elu-tni/000-0_000-0
eob-tni/np3s_np3s_12-34_np3s_np3s_12-34
elu-tni/000-0_000-0
eob-tni/np3s_np3s_12-34_np3s_np3s_12-34
elu-tni/000-0_000-0
eob-tni/tp_123-4_np3s_np3s_12-34
elu-tni/000-0_000-0
eob-tni/tp_123-4_np3s_np3s_12-34
elu-tni/000-0_000-0
eob-tni/tp_123-4_np3s_np3s_12-34
elu-tni/000-0_000-0
eob-tni/tp_123-4_np3s_np3s_12-34
elu-tni/000-0_000-0
eob-tni/tp_123-4_np3s_np3s_12-34
elu-tni/000-0_000-0
eob-tni/tp_123-4_tp_123-4
elu-tni/000-0_000-0
eob-tni/tp_123-4_tp_123-4
elu-tni/000-0_000-0
eob-tni/tp_123-4_tp_123-4
elu-tni/000-0_000-0
eob-tni/tp_123-4_tp_123-4
elu-tni/000-0_000-0
eob-tni/tp_123-4_tp_123-4
elu-tni/000-0_000-0
eob-tni/tp_123-4_tp_123-4
elu-tni/000-0_000-0
eob-tni/tp_123-4_np3s_np3s_12-34
elu-tni/000-0_000-0
eob-tni/tp_123-4_np3s_np3s_12-34
elu-tni/000-0_000-0
eob-tni/tp_123-4_tp_123-4
elu-tni/000-0_000-0
eob-tni/tp_123-4_np3s_np3s_12-34
elu-tni/000-0_000-0
eob-tni/tp_123-4_np3s_np3s_12-34
elu-tni/000-0_000-0
eob-tni/tp_123-4_np3s_np3s_12-34
elu-tni/000-0_000-0
eob-tni/tp_123-4_np3s_np3s_12-34
elu-tni/000-0_000-0
eob-tni/tp_123-4_np3s_np3s_12-34
elu-tni/000-0_000-0
eob-tni/tp_123-4_tp_123-4
elu-tni/000-0_000-0
eob-tni/tp_123-4_tp_123-4
elu-tni/000-0_000-0
eob-tni/tp_123-4_tp_123-4
elu-tni/000-0_000-0
eob-tni/tp_123-4_tp_123-4
elu-tni/000-0_000-0
eob-tni/tp_123-4_tp_123-4
elu-tni/000-0_000-0
eob-tni/tp_123-4_tp_123-4
elu-tni/000-0_000-0
eob-tni/tp_123-4_np3s_np3s_12-34
elu-tni/000-0_000-0
eob-tni/tp_123-4_np3s_np3s_12-34
elu-tni/000-0_000-0
eob-tni/tp_123-4_tp_123-4
elu-tni/000-0_000-0
eob-tni/tp_123-4_tp_123-4
elu-tni/000-0_000-0
