 11  2 12 31  1  1 +2  0  0 -1
  1  1  1  1  0  0  0  0  0  0  0  0  0  0  1  1
   0.0000000   1.0000000   1.0000000   1.0000000   1.0000000   1.0000000   1.0000000
   1.0000000   1.0000000   1.0000000   1.0000000   1.0000000   1.0000000   1.0000000
   1.0000000   1.0000000   1.0000000   1.0000000   1.0000000   1.0000000   1.0000000
   1.0000000   1.0000000   1.0000000   1.0000000   1.0000000   1.0000000   1.0000000
   1.0000000   1.0000000
   0 330   0   0   0   1
 343
0.147818472         
0.432635419         
0.291806626         
0.177917789         
-0.170913720        
0.264785854         
0.054643090         
0.018887200         
0.014274939         
0.004854268         
0.316559565         
0.427030127         
0.260365081         
-0.250115319        
0.387487900         
0.079964756         
0.027639548         
0.020889961         
0.007103740         
0.144012967         
0.175612658         
-0.168699335        
0.261355247         
0.053935126         
0.018642494         
0.014089991         
0.004791375         
0.053536509         
-0.102857886        
0.159351240         
0.032884854         
0.011366539         
0.008590826         
0.002921355         
0.049404346         
-0.153078078        
-0.031590280        
-0.010919074        
-0.008252632        
-0.002806351        
0.118577109         
0.048940830         
0.016916233         
0.012785283         
0.004347702         
0.005049889         
0.003490954         
0.002638462         
0.000897223         
0.000603318         
0.000911975         
0.000310122         
0.000344635         
0.000234390         
0.000039853         
0.140370600         
-0.035480910        
0.180022800         
-0.042511480        
-0.018394340        
-0.004316526        
-2.701551000        
-7.735493000        
1.129076000         
-1.767047000        
-1.880886000        
-0.216430000        
13.238290000        
10.110890000        
-16.788480000       
-3.227472000        
6.523427000         
1.338147000         
-13.796920000       
-3.055961000        
16.030360000        
3.910078000         
-6.664904000        
-1.266430000        
3.469406000         
-0.568657800        
-2.733080000        
-1.985790000        
1.200320000         
0.234099900         
-0.141752000        
0.010853310         
-0.114258700        
-4.551432000        
-0.363623400        
0.087082320         
-0.166878100        
-10.806100000       
1.672711000         
-0.075292000        
-0.307328100        
-0.072181100        
-0.325273700        
0.217543800         
20.638400000        
-0.599180800        
-0.454128900        
-0.083204470        
0.340222300         
-0.138908500        
5.676844000         
0.792843900         
0.333025800         
0.044854570         
-0.029264430        
0.007975087         
-0.117042000        
-0.385862800        
-0.144120600        
-0.020833290        
-0.009343623        
0.195158900         
-0.422678400        
0.060560390         
1.555553000         
-0.878944500        
0.009580628         
-0.194355400        
0.423154900         
-0.069385750        
-1.585153000        
0.868000300         
0.026063030         
0.044143390         
-0.000968107        
-0.014787510        
0.002864824         
-0.001813626        
0.164232200         
-0.838744000        
-0.011683290        
0.163286400         
0.014189070         
0.023324870         
0.125479600         
-12.414410000       
0.556319500         
0.156870900         
0.281192800         
0.016732290         
-1.031553000        
-347.279300000      
-17.578980000       
-5.519457000        
-67.144010000       
-14.457480000       
0.923079100         
343.113700000       
17.267780000        
6.030798000         
67.268190000        
14.519320000        
0.000646329         
0.006488784         
0.020755710         
0.010821660         
0.126349900         
0.027406610         
-0.853863700        
-0.550637400        
0.581817900         
0.379818600         
0.223744100         
0.044237720         
0.042884130         
0.085124230         
21.621460000        
0.374925600         
0.044646490         
0.028777510         
-0.022939850        
0.058565650         
0.016336370         
-0.095921290        
0.143494500         
-0.003324671        
-0.000780536        
-0.028666980        
-0.023650610        
0.042281290         
-0.040901530        
0.014032270         
-0.000514276        
0.000607123         
-0.002087976        
0.003603057         
-0.003045464        
0.006009852         
0.000105684         
-0.000133551        
0.000425093         
-0.000643692        
0.000454946         
0.000892287         
-0.272579600        
0.533227100         
-0.168247400        
-0.076421650        
-0.008066468        
-0.009885488        
-3.538608000        
5.161501000         
-2.451795000        
-0.449300700        
1.311647000         
-0.106493100        
6.657484000         
-4.042366000        
2.211824000         
-0.124067200        
-1.450192000        
0.025149160         
-1.369799000        
2.938592000         
-1.271363000        
-0.628615300        
1.658087000         
-0.272000600        
0.424598900         
-1.874307000        
1.062183000         
-0.085071450        
-1.661612000        
0.197942000         
0.145660300         
0.012315530         
0.163635500         
0.025968960         
0.288117200         
-0.099836070        
-0.297175600        
4.651957000         
-0.773402900        
-0.280618400        
0.030240080         
-0.024270500        
0.228849100         
-15.316230000       
-0.031442230        
-0.050743090        
0.129824600         
-0.048815350        
-0.011518930        
-0.104889100        
-0.361412800        
-0.140981300        
0.113928500         
-0.039882550        
0.096730520         
0.028054120         
-0.260797800        
-0.492656700        
-0.328811500        
0.104813100         
-0.093464210        
-0.024485680        
0.240813100         
0.466332200         
0.305963400         
-0.107146000        
0.000491556         
0.000034743         
-0.006258206        
-0.020921840        
-0.004174004        
-0.007304954        
-0.042348010        
-0.037578400        
0.001316080         
0.001897468         
-0.002695242        
0.000704669         
0.116476500         
-0.433610900        
0.144350700         
0.089412650         
0.107437000         
0.012131430         
1.738550000         
-27.231330000       
1.830490000         
0.647788000         
-0.875002400        
-0.062889130        
-1.683764000        
9.033566000         
-1.460213000        
0.198973600         
-0.922866600        
-0.109493500        
-0.021829020        
0.621176800         
0.583901900         
0.305936700         
0.161413900         
0.072888610         
0.007667964         
0.164842300         
0.100520600         
0.353877200         
1.282186000         
-0.134950400        
-0.890539200        
12.079400000        
-0.741280000        
1.519762000         
0.221744500         
0.020056790         
0.823923400         
-4.640652000        
0.464550000         
0.678517500         
0.038728040         
0.002861841         
-0.011228430        
-0.125684600        
-0.121413800        
-1.106011000        
0.181114600         
0.015334970         
0.000117124         
-0.000419871        
0.003327363         
0.151308500         
0.026504570         
0.002381250         
-0.000116020        
0.000046449         
-0.000377935        
0.049069330         
0.019005830         
0.002225258         
0.000025870         
-0.000104149        
0.000208342         
-0.000701326        
0.003011559         
0.002293049         
  1  1  0
 144 200 201 202 203 204 205 206 207 208 209 210 211 212 213 214 215 216 217 218
 219 220 221 222 223 224 225 226 227 228 229 230 231 232 233 234 235 236 237 238
 239 240 241 242 243 244 245 246 247 248 249 250 251 252 253 254 255 256 257 258
 259 260 261 262 263 264 265 266 267 268 269 270 271 272 273 274 275 276 277 278
 279 280 281 282 283 284 285 286 287 288 289 290 291 292 293 294 295 296 297 298
 299 300 301 302 303 304 305 306 307 308 309 310 311 312 313 314 315 316 317 318
 319 320 321 322 323 324 325 326 327 328 329 330 331 332 333 334 335 336 337 338
 339 340 341 342 343
 200 201 202 203 204 205 206 207 208 209 210 211 212 213 214 215 216 217 218 219
 220 221 222 223 224 225 226 227 228 229 230 231 232 233 234 235 236 237 238 239
 240 241 242 243 244 245 246 247 248 249 250 251 252 253 254 255 256 257 258 259
 260 261 262 263 264 265 266 267 268 269 270 271 272 273 274 275 276 277 278 279
 280 281 282 283 284 285 286 287 288 289 290 291 292 293 294 295 296 297 298 299
 300 301 302 303 304 305 306 307 308 309 310 311 312 313 314 315 316 317 318 319
 320 321 322 323 324 325 326 327 328 329 330 331 332 333 334 335 336 337 338 339
 340 341 342 343
  1  1  1  1  1  1  1  1  1  1  1  1  1  1  1  1  1  1  1  1
  1  1  0
 144  56  57  58  59  60  61  62  63  64  65  66  67  68  69  70  71  72  73  74
  75  76  77  78  79  80  81  82  83  84  85  86  87  88  89  90  91  92  93  94
  95  96  97  98  99 100 101 102 103 104 105 106 107 108 109 110 111 112 113 114
 115 116 117 118 119 120 121 122 123 124 125 126 127 128 129 130 131 132 133 134
 135 136 137 138 139 140 141 142 143 144 145 146 147 148 149 150 151 152 153 154
 155 156 157 158 159 160 161 162 163 164 165 166 167 168 169 170 171 172 173 174
 175 176 177 178 179 180 181 182 183 184 185 186 187 188 189 190 191 192 193 194
 195 196 197 198 199
  56  57  58  59  60  61  62  63  64  65  66  67  68  69  70  71  72  73  74  75
  76  77  78  79  80  81  82  83  84  85  86  87  88  89  90  91  92  93  94  95
  96  97  98  99 100 101 102 103 104 105 106 107 108 109 110 111 112 113 114 115
 116 117 118 119 120 121 122 123 124 125 126 127 128 129 130 131 132 133 134 135
 136 137 138 139 140 141 142 143 144 145 146 147 148 149 150 151 152 153 154 155
 156 157 158 159 160 161 162 163 164 165 166 167 168 169 170 171 172 173 174 175
 176 177 178 179 180 181 182 183 184 185 186 187 188 189 190 191 192 193 194 195
 196 197 198 199
  1  1  1  1  1  1  1  1  1  1  1  1  1  1  1  1  1  1  1  1
  2  2  0
  55   1   2   3   4   5   6   7   8   9  10  11  12  13  14  15  16  17  18  19
  20  21  22  23  24  25  26  27  28  29  30  31  32  33  34  35  36  37  38  39
  40  41  42  43  44  45  46  47  48  49  50  51  52  53  54  55
   1   2   3   4   5   6   7   8   9  10  11  12  13  14  15  16  17  18  19  20
  21  22  23  24  25  26  27  28  29  30  31  32  33  34  35  36  37  38  39  40
  41  42  43  44  45  46  47  48  49  50  51  52  53  54  55
  1  1  1  1  1  1  1  1  1  1  1  1  1  1  1  1  1  1  1  1
  2  2  0 -1
   1   1
29  
  0  1  0  1  0  1  0
  2  2  0
   1   2
98  
  0  1  0  1  0  1  0
  2  2  0
   1   3
134 
  0  1  0  1  0  1  0
  2  2  0
   1   4
66  
  0  1  0  1  0  1  0
  2  2  0
   1   5
154 
  0  1  0  1  0  1  0
  2  2  0
   1   6
157 
  0  1  0  1  0  1  0
  2  2  0
   1   7
209 
  0  1  0  1  0  1  0
  2  2  0
   1   8
102 
  0  1  0  1  0  1  0
  2  2  0
   1   9
256 
  0  1  0  1  0  1  0
  2  2  0
   1  10
221 
  0  1  0  1  0  1  0
  2  2  0
   1  11
257 
  0  1  0  1  0  1  0
  2  2  0
   1  12
173 
  0  1  0  1  0  1  0
  2  2  0
   1  13
321 
  0  1  0  1  0  1  0
  2  2  0
   1  14
135 
  0  1  0  1  0  1  0
  2  2  0
   1  15
200 
  0  1  0  1  0  1  0
  2  2  0
   1  16
172 
  0  1  0  1  0  1  0
  2  2  0
   1  17
238 
  0  1  0  1  0  1  0
  2  2  0
   1  18
173 
  0  1  0  1  0  1  0
  2  2  0
   1  19
143 
  0  1  0  1  0  1  0
  2  2  0
   1  20
134 
  0  1  0  1  0  1  0
  2  2  0
   1  21
224 
  0  1  0  1  0  1  0
  2  2  0
   1  22
211 
  0  1  0  1  0  1  0
  2  2  0
   1  23
310 
  0  1  0  1  0  1  0
  2  2  0
   1  24
93  
  0  1  0  1  0  1  0
  2  2  0
   1  25
239 
  0  1  0  1  0  1  0
  2  2  0
   1  26
239 
  0  1  0  1  0  1  0
  2  2  0
   1  27
220 
  0  1  0  1  0  1  0
  2  2  0
   1  28
105 
  0  1  0  1  0  1  0
  2  2  0
   1  29
84  
  0  1  0  1  0  1  0
  2  2  0
   1  30
286 
  0  1  0  1  0  1  0
  2  2  0
   1  31
90  
  0  1  0  1  0  1  0
  2  2  0
   1  32
216 
  0  1  0  1  0  1  0
  2  2  0
   1  33
102 
  0  1  0  1  0  1  0
  2  2  0
   1  34
165 
  0  1  0  1  0  1  0
  2  2  0
   1  35
213 
  0  1  0  1  0  1  0
  2  2  0
   1  36
144 
  0  1  0  1  0  1  0
  2  2  0
   1  37
5   
  0  1  0  1  0  1  0
  2  2  0
   1  38
220 
  0  1  0  1  0  1  0
  2  2  0
   1  39
211 
  0  1  0  1  0  1  0
  2  2  0
   1  40
258 
  0  1  0  1  0  1  0
  2  2  0
   1  41
67  
  0  1  0  1  0  1  0
  2  2  0
   1  42
249 
  0  1  0  1  0  1  0
  2  2  0
   1  43
263 
  0  1  0  1  0  1  0
  2  2  0
   1  44
135 
  0  1  0  1  0  1  0
  2  2  0
   1  45
168 
  0  1  0  1  0  1  0
  2  2  0
   1  46
142 
  0  1  0  1  0  1  0
  2  2  0
   1  47
329 
  0  1  0  1  0  1  0
  2  2  0
   1  48
81  
  0  1  0  1  0  1  0
  2  2  0
   1  49
106 
  0  1  0  1  0  1  0
  2  2  0
   1  50
86  
  0  1  0  1  0  1  0
  1  1  0
   1  56
305 
  0  1  0  1  0  1  0
  1  1  0
   1  57
100 
  0  1  0  1  0  1  0
  1  1  0
   1  58
309 
  0  1  0  1  0  1  0
  1  1  0
   1  59
117 
  0  1  0  1  0  1  0
  1  1  0
   1  60
311 
  0  1  0  1  0  1  0
  1  1  0
   1  61
168 
  0  1  0  1  0  1  0
  1  1  0
   1  62
83  
  0  1  0  1  0  1  0
  1  1  0
   1  63
168 
  0  1  0  1  0  1  0
  1  1  0
   1  64
215 
  0  1  0  1  0  1  0
  1  1  0
   1  65
12  
  0  1  0  1  0  1  0
  1  1  0
   1  66
309 
  0  1  0  1  0  1  0
  1  1  0
   1  67
105 
  0  1  0  1  0  1  0
  1  1  0
   1  68
230 
  0  1  0  1  0  1  0
  1  1  0
   1  69
226 
  0  1  0  1  0  1  0
  1  1  0
   1  70
180 
  0  1  0  1  0  1  0
  1  1  0
   1  71
68  
  0  1  0  1  0  1  0
  1  1  0
   1  72
312 
  0  1  0  1  0  1  0
  1  1  0
   1  73
81  
  0  1  0  1  0  1  0
  1  1  0
   1  74
64  
  0  1  0  1  0  1  0
  1  1  0
   1  75
96  
  0  1  0  1  0  1  0
  1  1  0
   1  76
316 
  0  1  0  1  0  1  0
  1  1  0
   1  77
225 
  0  1  0  1  0  1  0
  1  1  0
   1  78
141 
  0  1  0  1  0  1  0
  1  1  0
   1  79
143 
  0  1  0  1  0  1  0
  1  1  0
   1  80
230 
  0  1  0  1  0  1  0
  1  1  0
   1  81
105 
  0  1  0  1  0  1  0
  1  1  0
   1  82
234 
  0  1  0  1  0  1  0
  1  1  0
   1  83
173 
  0  1  0  1  0  1  0
  1  1  0
   1  84
213 
  0  1  0  1  0  1  0
  1  1  0
   1  85
167 
  0  1  0  1  0  1  0
  1  1  0
   1  86
2   
  0  1  0  1  0  1  0
  1  1  0
   1  87
157 
  0  1  0  1  0  1  0
  1  1  0
   1  88
21  
  0  1  0  1  0  1  0
  1  1  0
   1  89
207 
  0  1  0  1  0  1  0
  1  1  0
   1  90
64  
  0  1  0  1  0  1  0
  1  1  0
   1  91
311 
  0  1  0  1  0  1  0
  1  1  0
   1  92
229 
  0  1  0  1  0  1  0
  1  1  0
   1  93
225 
  0  1  0  1  0  1  0
  1  1  0
   1  94
1   
  0  1  0  1  0  1  0
  1  1  0
   1  95
68  
  0  1  0  1  0  1  0
  1  1  0
   1  96
173 
  0  1  0  1  0  1  0
  1  1  0
   1  97
113 
  0  1  0  1  0  1  0
  1  1  0
   1  98
251 
  0  1  0  1  0  1  0
  1  1  0
   1  99
278 
  0  1  0  1  0  1  0
  1  1  0
   1 100
107 
  0  1  0  1  0  1  0
  1  1  0
   1 101
100 
  0  1  0  1  0  1  0
  1  1  0
   1 102
124 
  0  1  0  1  0  1  0
  1  1  0
   1 103
62  
  0  1  0  1  0  1  0
  1  1  0
   1 104
298 
  0  1  0  1  0  1  0
  1  1  0
   1 105
106 
  0  1  0  1  0  1  0
  1  1  0
   1 106
11  
  0  1  0  1  0  1  0
  1  1  0
   1 107
214 
  0  1  0  1  0  1  0
  1  1  0
   1 108
202 
  0  1  0  1  0  1  0
  1  1  0
   1 109
86  
  0  1  0  1  0  1  0
  1  1  0
   1 110
229 
  0  1  0  1  0  1  0
  1  1  0
   1 111
206 
  0  1  0  1  0  1  0
  1  1  0
   1 112
30  
  0  1  0  1  0  1  0
  1  1  0
   1 113
294 
  0  1  0  1  0  1  0
  1  1  0
   1 114
166 
  0  1  0  1  0  1  0
  1  1  0
   1 115
71  
  0  1  0  1  0  1  0
  1  1  0
   1 116
243 
  0  1  0  1  0  1  0
  1  1  0
   1 117
99  
  0  1  0  1  0  1  0
  1  1  0
   1 118
70  
  0  1  0  1  0  1  0
  1  1  0
   1 119
162 
  0  1  0  1  0  1  0
  1  1  0
   1 120
298 
  0  1  0  1  0  1  0
  1  1  0
   1 121
312 
  0  1  0  1  0  1  0
  1  1  0
   1 122
216 
  0  1  0  1  0  1  0
  1  1  0
   1 123
164 
  0  1  0  1  0  1  0
  1  1  0
   1 124
250 
  0  1  0  1  0  1  0
  1  1  0
   1 125
90  
  0  1  0  1  0  1  0
  1  1  0
   1 126
143 
  0  1  0  1  0  1  0
  1  1  0
   1 127
311 
  0  1  0  1  0  1  0
  1  1  0
   1 128
256 
  0  1  0  1  0  1  0
  1  1  0
   1 129
81  
  0  1  0  1  0  1  0
  1  1  0
   1 130
219 
  0  1  0  1  0  1  0
  1  1  0
   1 131
237 
  0  1  0  1  0  1  0
  1  1  0
   1 132
310 
  0  1  0  1  0  1  0
  1  1  0
   1 133
243 
  0  1  0  1  0  1  0
  1  1  0
   1 134
100 
  0  1  0  1  0  1  0
  1  1  0
   1 135
236 
  0  1  0  1  0  1  0
  1  1  0
   1 136
238 
  0  1  0  1  0  1  0
  1  1  0
   1 137
2   
  0  1  0  1  0  1  0
  1  1  0
   1 138
154 
  0  1  0  1  0  1  0
  1  1  0
   1 139
143 
  0  1  0  1  0  1  0
  1  1  0
   1 140
157 
  0  1  0  1  0  1  0
  1  1  0
   1 141
311 
  0  1  0  1  0  1  0
  1  1  0
   1 142
108 
  0  1  0  1  0  1  0
  1  1  0
   1 143
64  
  0  1  0  1  0  1  0
  1  1  0
   1 144
321 
  0  1  0  1  0  1  0
  1  1  0
   1 145
12  
  0  1  0  1  0  1  0
  1  1  0
   1 146
141 
  0  1  0  1  0  1  0
  1  1  0
   1 147
108 
  0  1  0  1  0  1  0
  1  1  0
   1 148
157 
  0  1  0  1  0  1  0
  1  1  0
   1 149
310 
  0  1  0  1  0  1  0
  1  1  0
   1 150
105 
  0  1  0  1  0  1  0
  1  1  0
   1 151
101 
  0  1  0  1  0  1  0
  1  1  0
   1 152
113 
  0  1  0  1  0  1  0
  1  1  0
   1 153
207 
  0  1  0  1  0  1  0
  1  1  0
   1 154
263 
  0  1  0  1  0  1  0
  1  1  0
   1 155
90  
  0  1  0  1  0  1  0
  1  1  0
   1 156
234 
  0  1  0  1  0  1  0
  1  1  0
   1 157
262 
  0  1  0  1  0  1  0
  1  1  0
   1 158
321 
  0  1  0  1  0  1  0
  1  1  0
   1 159
155 
  0  1  0  1  0  1  0
  1  1  0
   1 160
92  
  0  1  0  1  0  1  0
  1  1  0
   1 161
226 
  0  1  0  1  0  1  0
  1  1  0
   1 162
75  
  0  1  0  1  0  1  0
  1  1  0
   1 163
67  
  0  1  0  1  0  1  0
  1  1  0
   1 164
280 
  0  1  0  1  0  1  0
  1  1  0
   1 165
308 
  0  1  0  1  0  1  0
  1  1  0
   1 166
69  
  0  1  0  1  0  1  0
  1  1  0
   1 167
262 
  0  1  0  1  0  1  0
  1  1  0
   1 168
288 
  0  1  0  1  0  1  0
  1  1  0
   1 169
148 
  0  1  0  1  0  1  0
  1  1  0
   1 170
237 
  0  1  0  1  0  1  0
  1  1  0
   1 171
216 
  0  1  0  1  0  1  0
  1  1  0
   1 172
75  
  0  1  0  1  0  1  0
  1  1  0
   1 173
23  
  0  1  0  1  0  1  0
  1  1  0
   1 174
137 
  0  1  0  1  0  1  0
  1  1  0
   1 175
243 
  0  1  0  1  0  1  0
  1  1  0
   1 176
211 
  0  1  0  1  0  1  0
  1  1  0
   1 177
168 
  0  1  0  1  0  1  0
  1  1  0
   1 178
308 
  0  1  0  1  0  1  0
  1  1  0
   1 179
155 
  0  1  0  1  0  1  0
  1  1  0
   1 180
3   
  0  1  0  1  0  1  0
  1  1  0
   1 181
210 
  0  1  0  1  0  1  0
  1  1  0
   1 182
107 
  0  1  0  1  0  1  0
  1  1  0
   1 183
212 
  0  1  0  1  0  1  0
  1  1  0
   1 184
140 
  0  1  0  1  0  1  0
  1  1  0
   1 185
279 
  0  1  0  1  0  1  0
  1  1  0
   1 186
157 
  0  1  0  1  0  1  0
  1  1  0
   1 187
265 
  0  1  0  1  0  1  0
  1  1  0
   1 188
120 
  0  1  0  1  0  1  0
  1  1  0
   1 189
229 
  0  1  0  1  0  1  0
  1  1  0
   1 190
208 
  0  1  0  1  0  1  0
  1  1  0
   1 191
148 
  0  1  0  1  0  1  0
  1  1  0
   1 192
278 
  0  1  0  1  0  1  0
  1  1  0
   1 193
107 
  0  1  0  1  0  1  0
  1  1  0
   1 194
226 
  0  1  0  1  0  1  0
  1  1  0
   1 200
292 
  0  1  0  1  0  1  0
  1  1  0
   1 201
202 
  0  1  0  1  0  1  0
  1  1  0
   1 202
135 
  0  1  0  1  0  1  0
  1  1  0
   1 203
317 
  0  1  0  1  0  1  0
  1  1  0
   1 204
202 
  0  1  0  1  0  1  0
  1  1  0
   1 205
152 
  0  1  0  1  0  1  0
  1  1  0
   1 206
215 
  0  1  0  1  0  1  0
  1  1  0
   1 207
293 
  0  1  0  1  0  1  0
  1  1  0
   1 208
201 
  0  1  0  1  0  1  0
  1  1  0
   1 209
288 
  0  1  0  1  0  1  0
  1  1  0
   1 210
324 
  0  1  0  1  0  1  0
  1  1  0
   1 211
329 
  0  1  0  1  0  1  0
  1  1  0
   1 212
298 
  0  1  0  1  0  1  0
  1  1  0
   1 213
89  
  0  1  0  1  0  1  0
  1  1  0
   1 214
96  
  0  1  0  1  0  1  0
  1  1  0
   1 215
156 
  0  1  0  1  0  1  0
  1  1  0
   1 216
278 
  0  1  0  1  0  1  0
  1  1  0
   1 217
155 
  0  1  0  1  0  1  0
  1  1  0
   1 218
222 
  0  1  0  1  0  1  0
  1  1  0
   1 219
92  
  0  1  0  1  0  1  0
  1  1  0
   1 220
101 
  0  1  0  1  0  1  0
  1  1  0
   1 221
36  
  0  1  0  1  0  1  0
  1  1  0
   1 222
157 
  0  1  0  1  0  1  0
  1  1  0
   1 223
294 
  0  1  0  1  0  1  0
  1  1  0
   1 224
257 
  0  1  0  1  0  1  0
  1  1  0
   1 225
164 
  0  1  0  1  0  1  0
  1  1  0
   1 226
105 
  0  1  0  1  0  1  0
  1  1  0
   1 227
15  
  0  1  0  1  0  1  0
  1  1  0
   1 228
279 
  0  1  0  1  0  1  0
  1  1  0
   1 229
292 
  0  1  0  1  0  1  0
  1  1  0
   1 230
135 
  0  1  0  1  0  1  0
  1  1  0
   1 231
317 
  0  1  0  1  0  1  0
  1  1  0
   1 232
76  
  0  1  0  1  0  1  0
  1  1  0
   1 233
225 
  0  1  0  1  0  1  0
  1  1  0
   1 234
173 
  0  1  0  1  0  1  0
  1  1  0
   1 235
83  
  0  1  0  1  0  1  0
  1  1  0
   1 236
120 
  0  1  0  1  0  1  0
  1  1  0
   1 237
208 
  0  1  0  1  0  1  0
  1  1  0
   1 238
67  
  0  1  0  1  0  1  0
  1  1  0
   1 239
238 
  0  1  0  1  0  1  0
  1  1  0
   1 240
156 
  0  1  0  1  0  1  0
  1  1  0
   1 241
287 
  0  1  0  1  0  1  0
  1  1  0
   1 242
62  
  0  1  0  1  0  1  0
  1  1  0
   1 243
317 
  0  1  0  1  0  1  0
  1  1  0
   1 244
22  
  0  1  0  1  0  1  0
  1  1  0
   1 245
285 
  0  1  0  1  0  1  0
  1  1  0
   1 246
295 
  0  1  0  1  0  1  0
  1  1  0
   1 247
262 
  0  1  0  1  0  1  0
  1  1  0
   1 248
236 
  0  1  0  1  0  1  0
  1  1  0
   1 249
112 
  0  1  0  1  0  1  0
  1  1  0
   1 250
3   
  0  1  0  1  0  1  0
  1  1  0
   1 251
72  
  0  1  0  1  0  1  0
  1  1  0
   1 252
6   
  0  1  0  1  0  1  0
  1  1  0
   1 253
86  
  0  1  0  1  0  1  0
  1  1  0
   1 254
105 
  0  1  0  1  0  1  0
  1  1  0
   1 255
73  
  0  1  0  1  0  1  0
  1  1  0
   1 256
113 
  0  1  0  1  0  1  0
  1  1  0
   1 257
154 
  0  1  0  1  0  1  0
  1  1  0
   1 258
201 
  0  1  0  1  0  1  0
  1  1  0
   1 259
229 
  0  1  0  1  0  1  0
  1  1  0
   1 260
12  
  0  1  0  1  0  1  0
  1  1  0
   1 261
23  
  0  1  0  1  0  1  0
  1  1  0
   1 262
300 
  0  1  0  1  0  1  0
  1  1  0
   1 263
252 
  0  1  0  1  0  1  0
  1  1  0
   1 264
64  
  0  1  0  1  0  1  0
  1  1  0
   1 265
321 
  0  1  0  1  0  1  0
  1  1  0
   1 266
29  
  0  1  0  1  0  1  0
  1  1  0
   1 267
71  
  0  1  0  1  0  1  0
  1  1  0
   1 268
232 
  0  1  0  1  0  1  0
  1  1  0
   1 269
5   
  0  1  0  1  0  1  0
  1  1  0
   1 270
156 
  0  1  0  1  0  1  0
  1  1  0
   1 271
303 
  0  1  0  1  0  1  0
  1  1  0
   1 272
156 
  0  1  0  1  0  1  0
  1  1  0
   1 273
225 
  0  1  0  1  0  1  0
  1  1  0
   1 274
13  
  0  1  0  1  0  1  0
  1  1  0
   1 275
290 
  0  1  0  1  0  1  0
  1  1  0
   1 276
323 
  0  1  0  1  0  1  0
  1  1  0
   1 277
317 
  0  1  0  1  0  1  0
  1  1  0
   1 278
206 
  0  1  0  1  0  1  0
  1  1  0
   1 279
221 
  0  1  0  1  0  1  0
  1  1  0
   1 280
29  
  0  1  0  1  0  1  0
  1  1  0
   1 281
288 
  0  1  0  1  0  1  0
  1  1  0
   1 282
66  
  0  1  0  1  0  1  0
  1  1  0
   1 283
224 
  0  1  0  1  0  1  0
  1  1  0
   1 284
107 
  0  1  0  1  0  1  0
  1  1  0
   1 285
264 
  0  1  0  1  0  1  0
  1  1  0
   1 286
293 
  0  1  0  1  0  1  0
  1  1  0
   1 287
143 
  0  1  0  1  0  1  0
  1  1  0
   1 288
98  
  0  1  0  1  0  1  0
  1  1  0
   1 289
76  
  0  1  0  1  0  1  0
  1  1  0
   1 290
96  
  0  1  0  1  0  1  0
  1  1  0
   1 291
22  
  0  1  0  1  0  1  0
  1  1  0
   1 292
56  
  0  1  0  1  0  1  0
  1  1  0
   1 293
21  
  0  1  0  1  0  1  0
  1  1  0
   1 294
287 
  0  1  0  1  0  1  0
  1  1  0
   1 295
207 
  0  1  0  1  0  1  0
  1  1  0
   1 296
96  
  0  1  0  1  0  1  0
  1  1  0
   1 297
282 
  0  1  0  1  0  1  0
  1  1  0
   1 298
36  
  0  1  0  1  0  1  0
  1  1  0
   1 299
126 
  0  1  0  1  0  1  0
  1  1  0
   1 300
117 
  0  1  0  1  0  1  0
  1  1  0
   1 301
282 
  0  1  0  1  0  1  0
  1  1  0
   1 302
262 
  0  1  0  1  0  1  0
  1  1  0
   1 303
84  
  0  1  0  1  0  1  0
  1  1  0
   1 304
262 
  0  1  0  1  0  1  0
  1  1  0
   1 305
166 
  0  1  0  1  0  1  0
  1  1  0
   1 306
291 
  0  1  0  1  0  1  0
  1  1  0
   1 307
73  
  0  1  0  1  0  1  0
  1  1  0
   1 308
309 
  0  1  0  1  0  1  0
  1  1  0
   1 309
252 
  0  1  0  1  0  1  0
  1  1  0
   1 310
168 
  0  1  0  1  0  1  0
  1  1  0
   1 311
265 
  0  1  0  1  0  1  0
  1  1  0
   1 312
114 
  0  1  0  1  0  1  0
  1  1  0
   1 313
265 
  0  1  0  1  0  1  0
  1  1  0
   1 314
297 
  0  1  0  1  0  1  0
  1  1  0
   1 315
15  
  0  1  0  1  0  1  0
  1  1  0
   1 316
243 
  0  1  0  1  0  1  0
  1  1  0
   1 317
212 
  0  1  0  1  0  1  0
  1  1  0
   1 318
152 
  0  1  0  1  0  1  0
  1  1  0
   1 319
322 
  0  1  0  1  0  1  0
  1  1  0
   1 320
151 
  0  1  0  1  0  1  0
  1  1  0
   1 321
323 
  0  1  0  1  0  1  0
  1  1  0
   1 322
279 
  0  1  0  1  0  1  0
  1  1  0
   1 323
307 
  0  1  0  1  0  1  0
  1  1  0
   1 324
126 
  0  1  0  1  0  1  0
  1  1  0
   1 325
309 
  0  1  0  1  0  1  0
  1  1  0
   1 326
307 
  0  1  0  1  0  1  0
  1  1  0
   1 327
234 
  0  1  0  1  0  1  0
  1  1  0
   1 328
222 
  0  1  0  1  0  1  0
  1  1  0
   1 329
71  
  0  1  0  1  0  1  0
  1  1  0
   1 330
105 
  0  1  0  1  0  1  0
  1  1  0
   1 331
212 
  0  1  0  1  0  1  0
  1  1  0
   1 332
278 
  0  1  0  1  0  1  0
  1  1  0
   1 333
309 
  0  1  0  1  0  1  0
  1  1  0
   1 334
230 
  0  1  0  1  0  1  0
  1  1  0
   1 335
104 
  0  1  0  1  0  1  0
  1  1  0
   1 336
107 
  0  1  0  1  0  1  0
  1  1  0
   1 337
134 
  0  1  0  1  0  1  0
  1  1  0
   1 338
290 
  0  1  0  1  0  1  0
