 10  8  9  3 00  0  0  0  0
nnn_pot
  8
  8 20
                                                13.627848   13.627848   
                                                13.627848   6.126269    
                                                13.627848   2.106178    
                                                13.627848   0.676280    
                                                13.627848   0.271749    
                                                13.627848   0.241024    
                                                13.627848   0.055958    
                                                13.627848   0.018576    
  129.566500   51.346700   29.472870   13.423390    8.214456    4.447413
    2.939000    1.690174    1.185236    0.843000    0.500110    0.257369
    0.138520    0.071429    0.038519    0.018573    0.009726    0.005619
    0.002765    0.001010
  1  1
          1.

  1  1
                      1.

  1  1
                                  1.

  1  1
                                              1.

  1  1
                                                          1.

  1  1
                                                                      1.

  1  1

          1.
  1  1

                      1.
  8
  8 20
                                                13.627848   0.007500    
                                                13.627848   0.001898    
                                                6.126269    6.126269    
                                                6.126269    2.106178    
                                                6.126269    0.676280    
                                                6.126269    0.271749    
                                                6.126269    0.241024    
                                                6.126269    0.055958    
  129.566500   51.346700   29.472870   13.423390    8.214456    4.447413
    2.939000    1.690174    1.185236    0.843000    0.500110    0.257369
    0.138520    0.071429    0.038519    0.018573    0.009726    0.005619
    0.002765    0.001010
  1  1
          1.

  1  1
                      1.

  1  1
                                  1.

  1  1
                                              1.

  1  1
                                                          1.

  1  1
                                                                      1.

  1  1

          1.
  1  1

                      1.
  8
  8 20
                                                6.126269    0.018576    
                                                6.126269    0.007500    
                                                6.126269    0.001898    
                                                2.106178    2.106178    
                                                2.106178    0.676280    
                                                2.106178    0.271749    
                                                2.106178    0.241024    
                                                2.106178    0.055958    
  129.566500   51.346700   29.472870   13.423390    8.214456    4.447413
    2.939000    1.690174    1.185236    0.843000    0.500110    0.257369
    0.138520    0.071429    0.038519    0.018573    0.009726    0.005619
    0.002765    0.001010
  1  1
          1.

  1  1
                      1.

  1  1
                                  1.

  1  1
                                              1.

  1  1
                                                          1.

  1  1
                                                                      1.

  1  1

          1.
  1  1

                      1.
  8
  8 20
                                                2.106178    0.018576    
                                                2.106178    0.007500    
                                                2.106178    0.001898    
                                                0.676280    0.676280    
                                                0.676280    0.271749    
                                                0.676280    0.241024    
                                                0.676280    0.055958    
                                                0.676280    0.018576    
  129.566500   51.346700   29.472870   13.423390    8.214456    4.447413
    2.939000    1.690174    1.185236    0.843000    0.500110    0.257369
    0.138520    0.071429    0.038519    0.018573    0.009726    0.005619
    0.002765    0.001010
  1  1
          1.

  1  1
                      1.

  1  1
                                  1.

  1  1
                                              1.

  1  1
                                                          1.

  1  1
                                                                      1.

  1  1

          1.
  1  1

                      1.
  8
  8 20
                                                0.676280    0.007500    
                                                0.676280    0.001898    
                                                0.271749    0.271749    
                                                0.271749    0.241024    
                                                0.271749    0.055958    
                                                0.271749    0.018576    
                                                0.271749    0.007500    
                                                0.271749    0.001898    
  129.566500   51.346700   29.472870   13.423390    8.214456    4.447413
    2.939000    1.690174    1.185236    0.843000    0.500110    0.257369
    0.138520    0.071429    0.038519    0.018573    0.009726    0.005619
    0.002765    0.001010
  1  1
          1.

  1  1
                      1.

  1  1
                                  1.

  1  1
                                              1.

  1  1
                                                          1.

  1  1
                                                                      1.

  1  1

          1.
  1  1

                      1.
  8
  8 20
                                                0.241024    0.241024    
                                                0.241024    0.055958    
                                                0.241024    0.018576    
                                                0.241024    0.007500    
                                                0.241024    0.001898    
                                                0.055958    0.055958    
                                                0.055958    0.018576    
                                                0.055958    0.007500    
  129.566500   51.346700   29.472870   13.423390    8.214456    4.447413
    2.939000    1.690174    1.185236    0.843000    0.500110    0.257369
    0.138520    0.071429    0.038519    0.018573    0.009726    0.005619
    0.002765    0.001010
  1  1
          1.

  1  1
                      1.

  1  1
                                  1.

  1  1
                                              1.

  1  1
                                                          1.

  1  1
                                                                      1.

  1  1

          1.
  1  1

                      1.
  7
  7 20
                                                0.055958    0.001898    
                                                0.018576    0.018576    
                                                0.018576    0.007500    
                                                0.018576    0.001898    
                                                0.007500    0.007500    
                                                0.007500    0.001898    
                                                0.001898    0.001898    
  129.566500   51.346700   29.472870   13.423390    8.214456    4.447413
    2.939000    1.690174    1.185236    0.843000    0.500110    0.257369
    0.138520    0.071429    0.038519    0.018573    0.009726    0.005619
    0.002765    0.001010
  1  1
          1.

  1  1
                      1.

  1  1
                                  1.

  1  1
                                              1.

  1  1
                                                          1.

  1  1
                                                                      1.

  1  1

          1.
  8
  8 20
                                                44.191814   106.331207  
                                                44.191814   15.718184   
                                                44.191814   7.181140    
                                                44.191814   1.663963    
                                                44.191814   0.486135    
                                                44.191814   0.099504    
                                                10.210972   106.331207  
                                                10.210972   15.718184   
  129.566500   51.346700   29.472870   13.423390    8.214456    4.447413
    2.939000    1.690174    1.185236    0.843000    0.500110    0.257369
    0.138520    0.071429    0.038519    0.018573    0.009726    0.005619
    0.002765    0.001010
  1  1
          1.

  1  1
                      1.

  1  1
                                  1.

  1  1
                                              1.

  1  1
                                                          1.

  1  1
                                                                      1.

  1  1

          1.
  1  1

                      1.
  8
  8 20
                                                10.210972   7.181140    
                                                10.210972   1.663963    
                                                10.210972   0.486135    
                                                10.210972   0.099504    
                                                7.601948    106.331207  
                                                7.601948    15.718184   
                                                7.601948    7.181140    
                                                7.601948    1.663963    
  129.566500   51.346700   29.472870   13.423390    8.214456    4.447413
    2.939000    1.690174    1.185236    0.843000    0.500110    0.257369
    0.138520    0.071429    0.038519    0.018573    0.009726    0.005619
    0.002765    0.001010
  1  1
          1.

  1  1
                      1.

  1  1
                                  1.

  1  1
                                              1.

  1  1
                                                          1.

  1  1
                                                                      1.

  1  1

          1.
  1  1

                      1.
  8
  8 20
                                                7.601948    0.486135    
                                                7.601948    0.099504    
                                                6.622785    106.331207  
                                                6.622785    15.718184   
                                                6.622785    7.181140    
                                                6.622785    1.663963    
                                                6.622785    0.486135    
                                                6.622785    0.099504    
  129.566500   51.346700   29.472870   13.423390    8.214456    4.447413
    2.939000    1.690174    1.185236    0.843000    0.500110    0.257369
    0.138520    0.071429    0.038519    0.018573    0.009726    0.005619
    0.002765    0.001010
  1  1
          1.

  1  1
                      1.

  1  1
                                  1.

  1  1
                                              1.

  1  1
                                                          1.

  1  1
                                                                      1.

  1  1

          1.
  1  1

                      1.
  8
  8 20
                                                5.125428    106.331207  
                                                5.125428    15.718184   
                                                5.125428    7.181140    
                                                5.125428    1.663963    
                                                5.125428    0.486135    
                                                5.125428    0.099504    
                                                1.989863    106.331207  
                                                1.989863    15.718184   
  129.566500   51.346700   29.472870   13.423390    8.214456    4.447413
    2.939000    1.690174    1.185236    0.843000    0.500110    0.257369
    0.138520    0.071429    0.038519    0.018573    0.009726    0.005619
    0.002765    0.001010
  1  1
          1.

  1  1
                      1.

  1  1
                                  1.

  1  1
                                              1.

  1  1
                                                          1.

  1  1
                                                                      1.

  1  1

          1.
  1  1

                      1.
  8
  8 20
                                                1.989863    7.181140    
                                                1.989863    1.663963    
                                                1.989863    0.486135    
                                                1.989863    0.099504    
                                                9.223230    96.491379   
                                                9.223230    10.165506   
                                                9.223230    1.884998    
                                                9.223230    0.919490    
  129.566500   51.346700   29.472870   13.423390    8.214456    4.447413
    2.939000    1.690174    1.185236    0.843000    0.500110    0.257369
    0.138520    0.071429    0.038519    0.018573    0.009726    0.005619
    0.002765    0.001010
  1  1
          1.

  1  1
                      1.

  1  1
                                  1.

  1  1
                                              1.

  1  1
                                                          1.

  1  1
                                                                      1.

  1  1

          1.
  1  1

                      1.
  8
  8 20
                                                9.223230    0.151359    
                                                9.223230    0.064419    
                                                1.981527    96.491379   
                                                1.981527    10.165506   
                                                1.981527    1.884998    
                                                1.981527    0.919490    
                                                1.981527    0.151359    
                                                1.981527    0.064419    
  129.566500   51.346700   29.472870   13.423390    8.214456    4.447413
    2.939000    1.690174    1.185236    0.843000    0.500110    0.257369
    0.138520    0.071429    0.038519    0.018573    0.009726    0.005619
    0.002765    0.001010
  1  1
          1.

  1  1
                      1.

  1  1
                                  1.

  1  1
                                              1.

  1  1
                                                          1.

  1  1
                                                                      1.

  1  1

          1.
  1  1

                      1.
  8
  8 20
                                                1.642204    96.491379   
                                                1.642204    10.165506   
                                                1.642204    1.884998    
                                                1.642204    0.919490    
                                                1.642204    0.151359    
                                                1.642204    0.064419    
                                                1.004511    96.491379   
                                                1.004511    10.165506   
  129.566500   51.346700   29.472870   13.423390    8.214456    4.447413
    2.939000    1.690174    1.185236    0.843000    0.500110    0.257369
    0.138520    0.071429    0.038519    0.018573    0.009726    0.005619
    0.002765    0.001010
  1  1
          1.

  1  1
                      1.

  1  1
                                  1.

  1  1
                                              1.

  1  1
                                                          1.

  1  1
                                                                      1.

  1  1

          1.
  1  1

                      1.
  8
  8 20
                                                1.004511    1.884998    
                                                1.004511    0.919490    
                                                1.004511    0.151359    
                                                1.004511    0.064419    
                                                0.203094    96.491379   
                                                0.203094    10.165506   
                                                0.203094    1.884998    
                                                0.203094    0.919490    
  129.566500   51.346700   29.472870   13.423390    8.214456    4.447413
    2.939000    1.690174    1.185236    0.843000    0.500110    0.257369
    0.138520    0.071429    0.038519    0.018573    0.009726    0.005619
    0.002765    0.001010
  1  1
          1.

  1  1
                      1.

  1  1
                                  1.

  1  1
                                              1.

  1  1
                                                          1.

  1  1
                                                                      1.

  1  1

          1.
  1  1

                      1.
  8
  8 20
                                                0.203094    0.151359    
                                                0.203094    0.064419    
                                                0.202219    96.491379   
                                                0.202219    10.165506   
                                                0.202219    1.884998    
                                                0.202219    0.919490    
                                                0.202219    0.151359    
                                                0.202219    0.064419    
  129.566500   51.346700   29.472870   13.423390    8.214456    4.447413
    2.939000    1.690174    1.185236    0.843000    0.500110    0.257369
    0.138520    0.071429    0.038519    0.018573    0.009726    0.005619
    0.002765    0.001010
  1  1
          1.

  1  1
                      1.

  1  1
                                  1.

  1  1
                                              1.

  1  1
                                                          1.

  1  1
                                                                      1.

  1  1

          1.
  1  1

                      1.
  8
  8 20
                                                70.995445   47.172977   
                                                70.995445   10.012557   
                                                70.995445   2.849845    
                                                70.995445   0.986261    
                                                70.995445   0.350153    
                                                70.995445   0.118269    
                                                24.212627   47.172977   
                                                24.212627   10.012557   
  129.566500   51.346700   29.472870   13.423390    8.214456    4.447413
    2.939000    1.690174    1.185236    0.843000    0.500110    0.257369
    0.138520    0.071429    0.038519    0.018573    0.009726    0.005619
    0.002765    0.001010
  1  1
          1.

  1  1
                      1.

  1  1
                                  1.

  1  1
                                              1.

  1  1
                                                          1.

  1  1
                                                                      1.

  1  1

          1.
  1  1

                      1.
  8
  8 20
                                                24.212627   2.849845    
                                                24.212627   0.986261    
                                                24.212627   0.350153    
                                                24.212627   0.118269    
                                                10.731214   47.172977   
                                                10.731214   10.012557   
                                                10.731214   2.849845    
                                                10.731214   0.986261    
  129.566500   51.346700   29.472870   13.423390    8.214456    4.447413
    2.939000    1.690174    1.185236    0.843000    0.500110    0.257369
    0.138520    0.071429    0.038519    0.018573    0.009726    0.005619
    0.002765    0.001010
  1  1
          1.

  1  1
                      1.

  1  1
                                  1.

  1  1
                                              1.

  1  1
                                                          1.

  1  1
                                                                      1.

  1  1

          1.
  1  1

                      1.
  8
  8 20
                                                10.731214   0.350153    
                                                10.731214   0.118269    
                                                5.740326    47.172977   
                                                5.740326    10.012557   
                                                5.740326    2.849845    
                                                5.740326    0.986261    
                                                5.740326    0.350153    
                                                5.740326    0.118269    
  129.566500   51.346700   29.472870   13.423390    8.214456    4.447413
    2.939000    1.690174    1.185236    0.843000    0.500110    0.257369
    0.138520    0.071429    0.038519    0.018573    0.009726    0.005619
    0.002765    0.001010
  1  1
          1.

  1  1
                      1.

  1  1
                                  1.

  1  1
                                              1.

  1  1
                                                          1.

  1  1
                                                                      1.

  1  1

          1.
  1  1

                      1.
  8
  8 20
                                                5.727175    47.172977   
                                                5.727175    10.012557   
                                                5.727175    2.849845    
                                                5.727175    0.986261    
                                                5.727175    0.350153    
                                                5.727175    0.118269    
                                                0.385452    47.172977   
                                                0.385452    10.012557   
  129.566500   51.346700   29.472870   13.423390    8.214456    4.447413
    2.939000    1.690174    1.185236    0.843000    0.500110    0.257369
    0.138520    0.071429    0.038519    0.018573    0.009726    0.005619
    0.002765    0.001010
  1  1
          1.

  1  1
                      1.

  1  1
                                  1.

  1  1
                                              1.

  1  1
                                                          1.

  1  1
                                                                      1.

  1  1

          1.
  1  1

                      1.
  8
  8 20
                                                0.385452    2.849845    
                                                0.385452    0.986261    
                                                0.385452    0.350153    
                                                0.385452    0.118269    
                                                9.461069    16.055658   
                                                9.461069    5.017979    
                                                9.461069    1.876235    
                                                9.461069    0.642963    
  129.566500   51.346700   29.472870   13.423390    8.214456    4.447413
    2.939000    1.690174    1.185236    0.843000    0.500110    0.257369
    0.138520    0.071429    0.038519    0.018573    0.009726    0.005619
    0.002765    0.001010
  1  1
          1.

  1  1
                      1.

  1  1
                                  1.

  1  1
                                              1.

  1  1
                                                          1.

  1  1
                                                                      1.

  1  1

          1.
  1  1

                      1.
  8
  8 20
                                                9.461069    0.207615    
                                                9.461069    0.060536    
                                                1.934111    16.055658   
                                                1.934111    5.017979    
                                                1.934111    1.876235    
                                                1.934111    0.642963    
                                                1.934111    0.207615    
                                                1.934111    0.060536    
  129.566500   51.346700   29.472870   13.423390    8.214456    4.447413
    2.939000    1.690174    1.185236    0.843000    0.500110    0.257369
    0.138520    0.071429    0.038519    0.018573    0.009726    0.005619
    0.002765    0.001010
  1  1
          1.

  1  1
                      1.

  1  1
                                  1.

  1  1
                                              1.

  1  1
                                                          1.

  1  1
                                                                      1.

  1  1

          1.
  1  1

                      1.
  8
  8 20
                                                1.090773    16.055658   
                                                1.090773    5.017979    
                                                1.090773    1.876235    
                                                1.090773    0.642963    
                                                1.090773    0.207615    
                                                1.090773    0.060536    
                                                0.507678    16.055658   
                                                0.507678    5.017979    
  129.566500   51.346700   29.472870   13.423390    8.214456    4.447413
    2.939000    1.690174    1.185236    0.843000    0.500110    0.257369
    0.138520    0.071429    0.038519    0.018573    0.009726    0.005619
    0.002765    0.001010
  1  1
          1.

  1  1
                      1.

  1  1
                                  1.

  1  1
                                              1.

  1  1
                                                          1.

  1  1
                                                                      1.

  1  1

          1.
  1  1

                      1.
  8
  8 20
                                                0.507678    1.876235    
                                                0.507678    0.642963    
                                                0.507678    0.207615    
                                                0.507678    0.060536    
                                                0.085605    16.055658   
                                                0.085605    5.017979    
                                                0.085605    1.876235    
                                                0.085605    0.642963    
  129.566500   51.346700   29.472870   13.423390    8.214456    4.447413
    2.939000    1.690174    1.185236    0.843000    0.500110    0.257369
    0.138520    0.071429    0.038519    0.018573    0.009726    0.005619
    0.002765    0.001010
  1  1
          1.

  1  1
                      1.

  1  1
                                  1.

  1  1
                                              1.

  1  1
                                                          1.

  1  1
                                                                      1.

  1  1

          1.
  1  1

                      1.
  8
  8 20
                                                0.085605    0.207615    
                                                0.085605    0.060536    
                                                0.033629    16.055658   
                                                0.033629    5.017979    
                                                0.033629    1.876235    
                                                0.033629    0.642963    
                                                0.033629    0.207615    
                                                0.033629    0.060536    
  129.566500   51.346700   29.472870   13.423390    8.214456    4.447413
    2.939000    1.690174    1.185236    0.843000    0.500110    0.257369
    0.138520    0.071429    0.038519    0.018573    0.009726    0.005619
    0.002765    0.001010
  1  1
          1.

  1  1
                      1.

  1  1
                                  1.

  1  1
                                              1.

  1  1
                                                          1.

  1  1
                                                                      1.

  1  1

          1.
  1  1

                      1.
  8
  8 20
                                                26.476959   13.240955   
                                                26.476959   5.661214    
                                                26.476959   2.434320    
                                                26.476959   1.147053    
                                                26.476959   0.327740    
                                                26.476959   0.101044    
                                                8.438873    13.240955   
                                                8.438873    5.661214    
  129.566500   51.346700   29.472870   13.423390    8.214456    4.447413
    2.939000    1.690174    1.185236    0.843000    0.500110    0.257369
    0.138520    0.071429    0.038519    0.018573    0.009726    0.005619
    0.002765    0.001010
  1  1
          1.

  1  1
                      1.

  1  1
                                  1.

  1  1
                                              1.

  1  1
                                                          1.

  1  1
                                                                      1.

  1  1

          1.
  1  1

                      1.
  8
  8 20
                                                8.438873    2.434320    
                                                8.438873    1.147053    
                                                8.438873    0.327740    
                                                8.438873    0.101044    
                                                6.567136    13.240955   
                                                6.567136    5.661214    
                                                6.567136    2.434320    
                                                6.567136    1.147053    
  129.566500   51.346700   29.472870   13.423390    8.214456    4.447413
    2.939000    1.690174    1.185236    0.843000    0.500110    0.257369
    0.138520    0.071429    0.038519    0.018573    0.009726    0.005619
    0.002765    0.001010
  1  1
          1.

  1  1
                      1.

  1  1
                                  1.

  1  1
                                              1.

  1  1
                                                          1.

  1  1
                                                                      1.

  1  1

          1.
  1  1

                      1.
  8
  8 20
                                                6.567136    0.327740    
                                                6.567136    0.101044    
                                                3.640598    13.240955   
                                                3.640598    5.661214    
                                                3.640598    2.434320    
                                                3.640598    1.147053    
                                                3.640598    0.327740    
                                                3.640598    0.101044    
  129.566500   51.346700   29.472870   13.423390    8.214456    4.447413
    2.939000    1.690174    1.185236    0.843000    0.500110    0.257369
    0.138520    0.071429    0.038519    0.018573    0.009726    0.005619
    0.002765    0.001010
  1  1
          1.

  1  1
                      1.

  1  1
                                  1.

  1  1
                                              1.

  1  1
                                                          1.

  1  1
                                                                      1.

  1  1

          1.
  1  1

                      1.
  8
  8 20
                                                3.209870    13.240955   
                                                3.209870    5.661214    
                                                3.209870    2.434320    
                                                3.209870    1.147053    
                                                3.209870    0.327740    
                                                3.209870    0.101044    
                                                1.638065    13.240955   
                                                1.638065    5.661214    
  129.566500   51.346700   29.472870   13.423390    8.214456    4.447413
    2.939000    1.690174    1.185236    0.843000    0.500110    0.257369
    0.138520    0.071429    0.038519    0.018573    0.009726    0.005619
    0.002765    0.001010
  1  1
          1.

  1  1
                      1.

  1  1
                                  1.

  1  1
                                              1.

  1  1
                                                          1.

  1  1
                                                                      1.

  1  1

          1.
  1  1

                      1.
  8
  8 20
                                                1.638065    2.434320    
                                                1.638065    1.147053    
                                                1.638065    0.327740    
                                                1.638065    0.101044    
                                                11.375210   58.957054   
                                                11.375210   10.226536   
                                                11.375210   0.466385    
                                                11.375210   0.188262    
  129.566500   51.346700   29.472870   13.423390    8.214456    4.447413
    2.939000    1.690174    1.185236    0.843000    0.500110    0.257369
    0.138520    0.071429    0.038519    0.018573    0.009726    0.005619
    0.002765    0.001010
  1  1
          1.

  1  1
                      1.

  1  1
                                  1.

  1  1
                                              1.

  1  1
                                                          1.

  1  1
                                                                      1.

  1  1

          1.
  1  1

                      1.
  8
  8 20
                                                11.375210   0.095162    
                                                11.375210   0.063923    
                                                7.689047    58.957054   
                                                7.689047    10.226536   
                                                7.689047    0.466385    
                                                7.689047    0.188262    
                                                7.689047    0.095162    
                                                7.689047    0.063923    
  129.566500   51.346700   29.472870   13.423390    8.214456    4.447413
    2.939000    1.690174    1.185236    0.843000    0.500110    0.257369
    0.138520    0.071429    0.038519    0.018573    0.009726    0.005619
    0.002765    0.001010
  1  1
          1.

  1  1
                      1.

  1  1
                                  1.

  1  1
                                              1.

  1  1
                                                          1.

  1  1
                                                                      1.

  1  1

          1.
  1  1

                      1.
  8
  8 20
                                                1.343224    58.957054   
                                                1.343224    10.226536   
                                                1.343224    0.466385    
                                                1.343224    0.188262    
                                                1.343224    0.095162    
                                                1.343224    0.063923    
                                                0.511939    58.957054   
                                                0.511939    10.226536   
  129.566500   51.346700   29.472870   13.423390    8.214456    4.447413
    2.939000    1.690174    1.185236    0.843000    0.500110    0.257369
    0.138520    0.071429    0.038519    0.018573    0.009726    0.005619
    0.002765    0.001010
  1  1
          1.

  1  1
                      1.

  1  1
                                  1.

  1  1
                                              1.

  1  1
                                                          1.

  1  1
                                                                      1.

  1  1

          1.
  1  1

                      1.
  8
  8 20
                                                0.511939    0.466385    
                                                0.511939    0.188262    
                                                0.511939    0.095162    
                                                0.511939    0.063923    
                                                0.498832    58.957054   
                                                0.498832    10.226536   
                                                0.498832    0.466385    
                                                0.498832    0.188262    
  129.566500   51.346700   29.472870   13.423390    8.214456    4.447413
    2.939000    1.690174    1.185236    0.843000    0.500110    0.257369
    0.138520    0.071429    0.038519    0.018573    0.009726    0.005619
    0.002765    0.001010
  1  1
          1.

  1  1
                      1.

  1  1
                                  1.

  1  1
                                              1.

  1  1
                                                          1.

  1  1
                                                                      1.

  1  1

          1.
  1  1

                      1.
  8
  8 20
                                                0.498832    0.095162    
                                                0.498832    0.063923    
                                                0.202571    58.957054   
                                                0.202571    10.226536   
                                                0.202571    0.466385    
                                                0.202571    0.188262    
                                                0.202571    0.095162    
                                                0.202571    0.063923    
  129.566500   51.346700   29.472870   13.423390    8.214456    4.447413
    2.939000    1.690174    1.185236    0.843000    0.500110    0.257369
    0.138520    0.071429    0.038519    0.018573    0.009726    0.005619
    0.002765    0.001010
  1  1
          1.

  1  1
                      1.

  1  1
                                  1.

  1  1
                                              1.

  1  1
                                                          1.

  1  1
                                                                      1.

  1  1

          1.
  1  1

                      1.
  8
  8 20
                                                55.229473   78.990204   
                                                55.229473   6.450628    
                                                55.229473   1.867480    
                                                55.229473   0.938004    
                                                55.229473   0.331847    
                                                55.229473   0.081565    
                                                19.363928   78.990204   
                                                19.363928   6.450628    
  129.566500   51.346700   29.472870   13.423390    8.214456    4.447413
    2.939000    1.690174    1.185236    0.843000    0.500110    0.257369
    0.138520    0.071429    0.038519    0.018573    0.009726    0.005619
    0.002765    0.001010
  1  1
          1.

  1  1
                      1.

  1  1
                                  1.

  1  1
                                              1.

  1  1
                                                          1.

  1  1
                                                                      1.

  1  1

          1.
  1  1

                      1.
  8
  8 20
                                                19.363928   1.867480    
                                                19.363928   0.938004    
                                                19.363928   0.331847    
                                                19.363928   0.081565    
                                                9.547699    78.990204   
                                                9.547699    6.450628    
                                                9.547699    1.867480    
                                                9.547699    0.938004    
  129.566500   51.346700   29.472870   13.423390    8.214456    4.447413
    2.939000    1.690174    1.185236    0.843000    0.500110    0.257369
    0.138520    0.071429    0.038519    0.018573    0.009726    0.005619
    0.002765    0.001010
  1  1
          1.

  1  1
                      1.

  1  1
                                  1.

  1  1
                                              1.

  1  1
                                                          1.

  1  1
                                                                      1.

  1  1

          1.
  1  1

                      1.
  8
  8 20
                                                9.547699    0.331847    
                                                9.547699    0.081565    
                                                7.906367    78.990204   
                                                7.906367    6.450628    
                                                7.906367    1.867480    
                                                7.906367    0.938004    
                                                7.906367    0.331847    
                                                7.906367    0.081565    
  129.566500   51.346700   29.472870   13.423390    8.214456    4.447413
    2.939000    1.690174    1.185236    0.843000    0.500110    0.257369
    0.138520    0.071429    0.038519    0.018573    0.009726    0.005619
    0.002765    0.001010
  1  1
          1.

  1  1
                      1.

  1  1
                                  1.

  1  1
                                              1.

  1  1
                                                          1.

  1  1
                                                                      1.

  1  1

          1.
  1  1

                      1.
  8
  8 20
                                                4.175873    78.990204   
                                                4.175873    6.450628    
                                                4.175873    1.867480    
                                                4.175873    0.938004    
                                                4.175873    0.331847    
                                                4.175873    0.081565    
                                                1.770792    78.990204   
                                                1.770792    6.450628    
  129.566500   51.346700   29.472870   13.423390    8.214456    4.447413
    2.939000    1.690174    1.185236    0.843000    0.500110    0.257369
    0.138520    0.071429    0.038519    0.018573    0.009726    0.005619
    0.002765    0.001010
  1  1
          1.

  1  1
                      1.

  1  1
                                  1.

  1  1
                                              1.

  1  1
                                                          1.

  1  1
                                                                      1.

  1  1

          1.
  1  1

                      1.
  8
  8 20
                                                1.770792    1.867480    
                                                1.770792    0.938004    
                                                1.770792    0.331847    
                                                1.770792    0.081565    
                                                9.457238    107.615150  
                                                9.457238    5.450940    
                                                9.457238    1.652956    
                                                9.457238    0.329834    
  129.566500   51.346700   29.472870   13.423390    8.214456    4.447413
    2.939000    1.690174    1.185236    0.843000    0.500110    0.257369
    0.138520    0.071429    0.038519    0.018573    0.009726    0.005619
    0.002765    0.001010
  1  1
          1.

  1  1
                      1.

  1  1
                                  1.

  1  1
                                              1.

  1  1
                                                          1.

  1  1
                                                                      1.

  1  1

          1.
  1  1

                      1.
  8
  8 20
                                                9.457238    0.097894    
                                                9.457238    0.043565    
                                                6.822978    107.615150  
                                                6.822978    5.450940    
                                                6.822978    1.652956    
                                                6.822978    0.329834    
                                                6.822978    0.097894    
                                                6.822978    0.043565    
  129.566500   51.346700   29.472870   13.423390    8.214456    4.447413
    2.939000    1.690174    1.185236    0.843000    0.500110    0.257369
    0.138520    0.071429    0.038519    0.018573    0.009726    0.005619
    0.002765    0.001010
  1  1
          1.

  1  1
                      1.

  1  1
                                  1.

  1  1
                                              1.

  1  1
                                                          1.

  1  1
                                                                      1.

  1  1

          1.
  1  1

                      1.
  8
  8 20
                                                1.713918    107.615150  
                                                1.713918    5.450940    
                                                1.713918    1.652956    
                                                1.713918    0.329834    
                                                1.713918    0.097894    
                                                1.713918    0.043565    
                                                0.745541    107.615150  
                                                0.745541    5.450940    
  129.566500   51.346700   29.472870   13.423390    8.214456    4.447413
    2.939000    1.690174    1.185236    0.843000    0.500110    0.257369
    0.138520    0.071429    0.038519    0.018573    0.009726    0.005619
    0.002765    0.001010
  1  1
          1.

  1  1
                      1.

  1  1
                                  1.

  1  1
                                              1.

  1  1
                                                          1.

  1  1
                                                                      1.

  1  1

          1.
  1  1

                      1.
  8
  8 20
                                                0.745541    1.652956    
                                                0.745541    0.329834    
                                                0.745541    0.097894    
                                                0.745541    0.043565    
                                                0.246885    107.615150  
                                                0.246885    5.450940    
                                                0.246885    1.652956    
                                                0.246885    0.329834    
  129.566500   51.346700   29.472870   13.423390    8.214456    4.447413
    2.939000    1.690174    1.185236    0.843000    0.500110    0.257369
    0.138520    0.071429    0.038519    0.018573    0.009726    0.005619
    0.002765    0.001010
  1  1
          1.

  1  1
                      1.

  1  1
                                  1.

  1  1
                                              1.

  1  1
                                                          1.

  1  1
                                                                      1.

  1  1

          1.
  1  1

                      1.
  8
  8 20
                                                0.246885    0.097894    
                                                0.246885    0.043565    
                                                0.064861    107.615150  
                                                0.064861    5.450940    
                                                0.064861    1.652956    
                                                0.064861    0.329834    
                                                0.064861    0.097894    
                                                0.064861    0.043565    
  129.566500   51.346700   29.472870   13.423390    8.214456    4.447413
    2.939000    1.690174    1.185236    0.843000    0.500110    0.257369
    0.138520    0.071429    0.038519    0.018573    0.009726    0.005619
    0.002765    0.001010
  1  1
          1.

  1  1
                      1.

  1  1
                                  1.

  1  1
                                              1.

  1  1
                                                          1.

  1  1
                                                                      1.

  1  1

          1.
  1  1

                      1.
eob-tni/np3s_np3s_S0_np3s_np3s_S0
elu-tni/000-0_000-0
eob-tni/np3s_np3s_S0_np3s_np3s_S0
elu-tni/000-0_000-0
eob-tni/np3s_np3s_S0_np3s_np3s_S0
elu-tni/000-0_000-0
eob-tni/np3s_np3s_S0_np3s_np3s_S0
elu-tni/000-0_000-0
eob-tni/np3s_np3s_S0_np3s_np3s_S0
elu-tni/000-0_000-0
eob-tni/np3s_np3s_S0_np3s_np3s_S0
elu-tni/000-0_000-0
eob-tni/np3s_np3s_S0_np3s_np3s_S0
elu-tni/000-0_000-0
eob-tni/np3s_np3s_S0_np3s_np3s_S0
elu-tni/000-0_000-0
eob-tni/np3s_np3s_S0_np3s_np3s_S0
elu-tni/000-0_000-0
eob-tni/np3s_np3s_S0_np3s_np3s_S0
elu-tni/000-0_000-0
eob-tni/np3s_np3s_S0_np3s_np3s_S0
elu-tni/000-0_000-0
eob-tni/np3s_np3s_S0_np3s_np3s_S0
elu-tni/000-0_000-0
eob-tni/np3s_np3s_S0_np3s_np3s_S0
elu-tni/000-0_000-0
eob-tni/np3s_np3s_S0_np3s_np3s_S0
elu-tni/000-0_000-0
eob-tni/np3s_np3s_S0_np3s_np3s_S0
elu-tni/000-0_000-0
eob-tni/np3s_np3s_S0_np3s_np3s_S0
elu-tni/000-0_000-0
eob-tni/np3s_np3s_S0_np3s_np3s_S0
elu-tni/000-0_000-0
eob-tni/np3s_np3s_S0_np3s_np3s_S0
elu-tni/000-0_000-0
eob-tni/np3s_np3s_S0_np3s_np3s_S0
elu-tni/000-0_000-0
eob-tni/np3s_np3s_S0_np3s_np3s_S0
elu-tni/000-0_000-0
eob-tni/np3s_np3s_S0_np3s_np3s_S0
elu-tni/000-0_000-0
eob-tni/np3s_np3s_S0_np3s_np3s_S0
elu-tni/000-0_000-0
eob-tni/np3s_np3s_S0_np3s_np3s_S0
elu-tni/000-0_000-0
eob-tni/np3s_np3s_S0_np3s_np3s_S0
elu-tni/000-0_000-0
eob-tni/np3s_np3s_S0_np3s_np3s_S0
elu-tni/000-0_000-0
eob-tni/np3s_np3s_S0_np3s_np3s_S0
elu-tni/000-0_000-0
eob-tni/np3s_np3s_S0_np3s_np3s_S0
elu-tni/000-0_000-0
eob-tni/np3s_np3s_S0_np3s_np3s_S0
elu-tni/000-0_000-0
eob-tni/tp_1s0_np3s_np3s_S0
elu-tni/000-0_000-0
eob-tni/tp_1s0_np3s_np3s_S0
elu-tni/000-0_000-0
eob-tni/tp_1s0_np3s_np3s_S0
elu-tni/000-0_000-0
eob-tni/tp_1s0_np3s_np3s_S0
elu-tni/000-0_000-0
eob-tni/tp_1s0_np3s_np3s_S0
elu-tni/000-0_000-0
eob-tni/tp_1s0_np3s_np3s_S0
elu-tni/000-0_000-0
eob-tni/tp_1s0_np3s_np3s_S0
elu-tni/000-0_000-0
eob-tni/tp_1s0_tp_1s0
elu-tni/000-0_000-0
eob-tni/tp_1s0_np3s_np3s_S0
elu-tni/000-0_000-0
eob-tni/tp_1s0_np3s_np3s_S0
elu-tni/000-0_000-0
eob-tni/tp_1s0_np3s_np3s_S0
elu-tni/000-0_000-0
eob-tni/tp_1s0_np3s_np3s_S0
elu-tni/000-0_000-0
eob-tni/tp_1s0_np3s_np3s_S0
elu-tni/000-0_000-0
eob-tni/tp_1s0_np3s_np3s_S0
elu-tni/000-0_000-0
eob-tni/tp_1s0_np3s_np3s_S0
elu-tni/000-0_000-0
eob-tni/tp_1s0_tp_1s0
elu-tni/000-0_000-0
eob-tni/tp_1s0_tp_1s0
elu-tni/000-0_000-0
eob-tni/tp_1s0_np3s_np3s_S0
elu-tni/000-0_000-0
eob-tni/tp_1s0_np3s_np3s_S0
elu-tni/000-0_000-0
eob-tni/tp_1s0_np3s_np3s_S0
elu-tni/000-0_000-0
eob-tni/tp_1s0_np3s_np3s_S0
elu-tni/000-0_000-0
eob-tni/tp_1s0_np3s_np3s_S0
elu-tni/000-0_000-0
eob-tni/tp_1s0_np3s_np3s_S0
elu-tni/000-0_000-0
eob-tni/tp_1s0_np3s_np3s_S0
elu-tni/000-0_000-0
eob-tni/tp_1s0_tp_1s0
elu-tni/000-0_000-0
eob-tni/tp_1s0_tp_1s0
elu-tni/000-0_000-0
eob-tni/tp_1s0_tp_1s0
elu-tni/000-0_000-0
eob-tni/tp_1s0_np3s_np3s_S0
elu-tni/000-0_000-0
eob-tni/tp_1s0_np3s_np3s_S0
elu-tni/000-0_000-0
eob-tni/tp_1s0_np3s_np3s_S0
elu-tni/000-0_000-0
eob-tni/tp_1s0_np3s_np3s_S0
elu-tni/000-0_000-0
eob-tni/tp_1s0_np3s_np3s_S0
elu-tni/000-0_000-0
eob-tni/tp_1s0_np3s_np3s_S0
elu-tni/000-0_000-0
eob-tni/tp_1s0_np3s_np3s_S0
elu-tni/000-0_000-0
eob-tni/tp_1s0_tp_1s0
elu-tni/000-0_000-0
eob-tni/tp_1s0_tp_1s0
elu-tni/000-0_000-0
eob-tni/tp_1s0_tp_1s0
elu-tni/000-0_000-0
eob-tni/tp_1s0_tp_1s0
elu-tni/000-0_000-0
eob-tni/tp_1s0_np3s_np3s_S0
elu-tni/000-0_000-0
eob-tni/tp_1s0_np3s_np3s_S0
elu-tni/000-0_000-0
eob-tni/tp_1s0_np3s_np3s_S0
elu-tni/000-0_000-0
eob-tni/tp_1s0_np3s_np3s_S0
elu-tni/000-0_000-0
eob-tni/tp_1s0_np3s_np3s_S0
elu-tni/000-0_000-0
eob-tni/tp_1s0_np3s_np3s_S0
elu-tni/000-0_000-0
eob-tni/tp_1s0_np3s_np3s_S0
elu-tni/000-0_000-0
eob-tni/tp_1s0_tp_1s0
elu-tni/000-0_000-0
eob-tni/tp_1s0_tp_1s0
elu-tni/000-0_000-0
eob-tni/tp_1s0_tp_1s0
elu-tni/000-0_000-0
eob-tni/tp_1s0_tp_1s0
elu-tni/000-0_000-0
eob-tni/tp_1s0_tp_1s0
elu-tni/000-0_000-0
eob-tni/tp_1s0_np3s_np3s_S0
elu-tni/000-0_000-0
eob-tni/tp_1s0_np3s_np3s_S0
elu-tni/000-0_000-0
eob-tni/tp_1s0_np3s_np3s_S0
elu-tni/000-0_000-0
eob-tni/tp_1s0_np3s_np3s_S0
elu-tni/000-0_000-0
eob-tni/tp_1s0_np3s_np3s_S0
elu-tni/000-0_000-0
eob-tni/tp_1s0_np3s_np3s_S0
elu-tni/000-0_000-0
eob-tni/tp_1s0_np3s_np3s_S0
elu-tni/000-0_000-0
eob-tni/tp_1s0_tp_1s0
elu-tni/000-0_000-0
eob-tni/tp_1s0_tp_1s0
elu-tni/000-0_000-0
eob-tni/tp_1s0_tp_1s0
elu-tni/000-0_000-0
eob-tni/tp_1s0_tp_1s0
elu-tni/000-0_000-0
eob-tni/tp_1s0_tp_1s0
elu-tni/000-0_000-0
eob-tni/tp_1s0_tp_1s0
elu-tni/000-0_000-0
eob-tni/tp_1s0_np3s_np3s_S0
elu-tni/000-0_000-0
eob-tni/tp_1s0_np3s_np3s_S0
elu-tni/000-0_000-0
eob-tni/tp_1s0_np3s_np3s_S0
elu-tni/000-0_000-0
eob-tni/tp_1s0_np3s_np3s_S0
elu-tni/000-0_000-0
eob-tni/tp_1s0_np3s_np3s_S0
elu-tni/000-0_000-0
eob-tni/tp_1s0_np3s_np3s_S0
elu-tni/000-0_000-0
eob-tni/tp_1s0_np3s_np3s_S0
elu-tni/000-0_000-0
eob-tni/tp_1s0_tp_1s0
elu-tni/000-0_000-0
eob-tni/tp_1s0_tp_1s0
elu-tni/000-0_000-0
eob-tni/tp_1s0_tp_1s0
elu-tni/000-0_000-0
eob-tni/tp_1s0_tp_1s0
elu-tni/000-0_000-0
eob-tni/tp_1s0_tp_1s0
elu-tni/000-0_000-0
eob-tni/tp_1s0_tp_1s0
elu-tni/000-0_000-0
eob-tni/tp_1s0_tp_1s0
elu-tni/000-0_000-0
eob-tni/tp_1s0_np3s_np3s_S0
elu-tni/000-0_000-0
eob-tni/tp_1s0_np3s_np3s_S0
elu-tni/000-0_000-0
eob-tni/tp_1s0_np3s_np3s_S0
elu-tni/000-0_000-0
eob-tni/tp_1s0_np3s_np3s_S0
elu-tni/000-0_000-0
eob-tni/tp_1s0_np3s_np3s_S0
elu-tni/000-0_000-0
eob-tni/tp_1s0_np3s_np3s_S0
elu-tni/000-0_000-0
eob-tni/tp_1s0_np3s_np3s_S0
elu-tni/000-0_000-0
eob-tni/tp_1s0_tp_1s0
elu-tni/000-0_000-0
eob-tni/tp_1s0_tp_1s0
elu-tni/000-0_000-0
eob-tni/tp_1s0_tp_1s0
elu-tni/000-0_000-0
eob-tni/tp_1s0_tp_1s0
elu-tni/000-0_000-0
eob-tni/tp_1s0_tp_1s0
elu-tni/000-0_000-0
eob-tni/tp_1s0_tp_1s0
elu-tni/000-0_000-0
eob-tni/tp_1s0_tp_1s0
elu-tni/000-0_000-0
eob-tni/tp_1s0_tp_1s0
elu-tni/000-0_000-0
eob-tni/tp_1s0_np3s_np3s_S0
elu-tni/000-0_000-0
eob-tni/tp_1s0_np3s_np3s_S0
elu-tni/000-0_000-0
eob-tni/tp_1s0_np3s_np3s_S0
elu-tni/000-0_000-0
eob-tni/tp_1s0_np3s_np3s_S0
elu-tni/000-0_000-0
eob-tni/tp_1s0_np3s_np3s_S0
elu-tni/000-0_000-0
eob-tni/tp_1s0_np3s_np3s_S0
elu-tni/000-0_000-0
eob-tni/tp_1s0_np3s_np3s_S0
elu-tni/000-0_000-0
eob-tni/tp_1s0_tp_1s0
elu-tni/000-0_000-0
eob-tni/tp_1s0_tp_1s0
elu-tni/000-0_000-0
eob-tni/tp_1s0_tp_1s0
elu-tni/000-0_000-0
eob-tni/tp_1s0_tp_1s0
elu-tni/000-0_000-0
eob-tni/tp_1s0_tp_1s0
elu-tni/000-0_000-0
eob-tni/tp_1s0_tp_1s0
elu-tni/000-0_000-0
eob-tni/tp_1s0_tp_1s0
elu-tni/000-0_000-0
eob-tni/tp_1s0_tp_1s0
elu-tni/000-0_000-0
eob-tni/tp_1s0_tp_1s0
elu-tni/000-0_000-0
eob-tni/tp_6s0_np3s_np3s_S0
elu-tni/000-0_000-0
eob-tni/tp_6s0_np3s_np3s_S0
elu-tni/000-0_000-0
eob-tni/tp_6s0_np3s_np3s_S0
elu-tni/000-0_000-0
eob-tni/tp_6s0_np3s_np3s_S0
elu-tni/000-0_000-0
eob-tni/tp_6s0_np3s_np3s_S0
elu-tni/000-0_000-0
eob-tni/tp_6s0_np3s_np3s_S0
elu-tni/000-0_000-0
eob-tni/tp_6s0_np3s_np3s_S0
elu-tni/000-0_000-0
eob-tni/tp_6s0_tp_1s0
elu-tni/000-0_000-0
eob-tni/tp_6s0_tp_1s0
elu-tni/000-0_000-0
eob-tni/tp_6s0_tp_1s0
elu-tni/000-0_000-0
eob-tni/tp_6s0_tp_1s0
elu-tni/000-0_000-0
eob-tni/tp_6s0_tp_1s0
elu-tni/000-0_000-0
eob-tni/tp_6s0_tp_1s0
elu-tni/000-0_000-0
eob-tni/tp_6s0_tp_1s0
elu-tni/000-0_000-0
eob-tni/tp_6s0_tp_1s0
elu-tni/000-0_000-0
eob-tni/tp_6s0_tp_1s0
elu-tni/000-0_000-0
eob-tni/tp_6s0_tp_6s0
elu-tni/000-0_000-0
eob-tni/tp_6s0_np3s_np3s_S0
elu-tni/000-0_000-0
eob-tni/tp_6s0_np3s_np3s_S0
elu-tni/000-0_000-0
eob-tni/tp_6s0_np3s_np3s_S0
elu-tni/000-0_000-0
eob-tni/tp_6s0_np3s_np3s_S0
elu-tni/000-0_000-0
eob-tni/tp_6s0_np3s_np3s_S0
elu-tni/000-0_000-0
eob-tni/tp_6s0_np3s_np3s_S0
elu-tni/000-0_000-0
eob-tni/tp_6s0_np3s_np3s_S0
elu-tni/000-0_000-0
eob-tni/tp_6s0_tp_1s0
elu-tni/000-0_000-0
eob-tni/tp_6s0_tp_1s0
elu-tni/000-0_000-0
eob-tni/tp_6s0_tp_1s0
elu-tni/000-0_000-0
eob-tni/tp_6s0_tp_1s0
elu-tni/000-0_000-0
eob-tni/tp_6s0_tp_1s0
elu-tni/000-0_000-0
eob-tni/tp_6s0_tp_1s0
elu-tni/000-0_000-0
eob-tni/tp_6s0_tp_1s0
elu-tni/000-0_000-0
eob-tni/tp_6s0_tp_1s0
elu-tni/000-0_000-0
eob-tni/tp_6s0_tp_1s0
elu-tni/000-0_000-0
eob-tni/tp_6s0_tp_6s0
elu-tni/000-0_000-0
eob-tni/tp_6s0_tp_6s0
elu-tni/000-0_000-0
eob-tni/tp_6s0_np3s_np3s_S0
elu-tni/000-0_000-0
eob-tni/tp_6s0_np3s_np3s_S0
elu-tni/000-0_000-0
eob-tni/tp_6s0_np3s_np3s_S0
elu-tni/000-0_000-0
eob-tni/tp_6s0_np3s_np3s_S0
elu-tni/000-0_000-0
eob-tni/tp_6s0_np3s_np3s_S0
elu-tni/000-0_000-0
eob-tni/tp_6s0_np3s_np3s_S0
elu-tni/000-0_000-0
eob-tni/tp_6s0_np3s_np3s_S0
elu-tni/000-0_000-0
eob-tni/tp_6s0_tp_1s0
elu-tni/000-0_000-0
eob-tni/tp_6s0_tp_1s0
elu-tni/000-0_000-0
eob-tni/tp_6s0_tp_1s0
elu-tni/000-0_000-0
eob-tni/tp_6s0_tp_1s0
elu-tni/000-0_000-0
eob-tni/tp_6s0_tp_1s0
elu-tni/000-0_000-0
eob-tni/tp_6s0_tp_1s0
elu-tni/000-0_000-0
eob-tni/tp_6s0_tp_1s0
elu-tni/000-0_000-0
eob-tni/tp_6s0_tp_1s0
elu-tni/000-0_000-0
eob-tni/tp_6s0_tp_1s0
elu-tni/000-0_000-0
eob-tni/tp_6s0_tp_6s0
elu-tni/000-0_000-0
eob-tni/tp_6s0_tp_6s0
elu-tni/000-0_000-0
eob-tni/tp_6s0_tp_6s0
elu-tni/000-0_000-0
eob-tni/tp_6s0_np3s_np3s_S0
elu-tni/000-0_000-0
eob-tni/tp_6s0_np3s_np3s_S0
elu-tni/000-0_000-0
eob-tni/tp_6s0_np3s_np3s_S0
elu-tni/000-0_000-0
eob-tni/tp_6s0_np3s_np3s_S0
elu-tni/000-0_000-0
eob-tni/tp_6s0_np3s_np3s_S0
elu-tni/000-0_000-0
eob-tni/tp_6s0_np3s_np3s_S0
elu-tni/000-0_000-0
eob-tni/tp_6s0_np3s_np3s_S0
elu-tni/000-0_000-0
eob-tni/tp_6s0_tp_1s0
elu-tni/000-0_000-0
eob-tni/tp_6s0_tp_1s0
elu-tni/000-0_000-0
eob-tni/tp_6s0_tp_1s0
elu-tni/000-0_000-0
eob-tni/tp_6s0_tp_1s0
elu-tni/000-0_000-0
eob-tni/tp_6s0_tp_1s0
elu-tni/000-0_000-0
eob-tni/tp_6s0_tp_1s0
elu-tni/000-0_000-0
eob-tni/tp_6s0_tp_1s0
elu-tni/000-0_000-0
eob-tni/tp_6s0_tp_1s0
elu-tni/000-0_000-0
eob-tni/tp_6s0_tp_1s0
elu-tni/000-0_000-0
eob-tni/tp_6s0_tp_6s0
elu-tni/000-0_000-0
eob-tni/tp_6s0_tp_6s0
elu-tni/000-0_000-0
eob-tni/tp_6s0_tp_6s0
elu-tni/000-0_000-0
eob-tni/tp_6s0_tp_6s0
elu-tni/000-0_000-0
eob-tni/tp_6s0_np3s_np3s_S0
elu-tni/000-0_000-0
eob-tni/tp_6s0_np3s_np3s_S0
elu-tni/000-0_000-0
eob-tni/tp_6s0_np3s_np3s_S0
elu-tni/000-0_000-0
eob-tni/tp_6s0_np3s_np3s_S0
elu-tni/000-0_000-0
eob-tni/tp_6s0_np3s_np3s_S0
elu-tni/000-0_000-0
eob-tni/tp_6s0_np3s_np3s_S0
elu-tni/000-0_000-0
eob-tni/tp_6s0_np3s_np3s_S0
elu-tni/000-0_000-0
eob-tni/tp_6s0_tp_1s0
elu-tni/000-0_000-0
eob-tni/tp_6s0_tp_1s0
elu-tni/000-0_000-0
eob-tni/tp_6s0_tp_1s0
elu-tni/000-0_000-0
eob-tni/tp_6s0_tp_1s0
elu-tni/000-0_000-0
eob-tni/tp_6s0_tp_1s0
elu-tni/000-0_000-0
eob-tni/tp_6s0_tp_1s0
elu-tni/000-0_000-0
eob-tni/tp_6s0_tp_1s0
elu-tni/000-0_000-0
eob-tni/tp_6s0_tp_1s0
elu-tni/000-0_000-0
eob-tni/tp_6s0_tp_1s0
elu-tni/000-0_000-0
eob-tni/tp_6s0_tp_6s0
elu-tni/000-0_000-0
eob-tni/tp_6s0_tp_6s0
elu-tni/000-0_000-0
eob-tni/tp_6s0_tp_6s0
elu-tni/000-0_000-0
eob-tni/tp_6s0_tp_6s0
elu-tni/000-0_000-0
eob-tni/tp_6s0_tp_6s0
elu-tni/000-0_000-0
eob-tni/tp_6s0_np3s_np3s_S0
elu-tni/000-0_000-0
eob-tni/tp_6s0_np3s_np3s_S0
elu-tni/000-0_000-0
eob-tni/tp_6s0_np3s_np3s_S0
elu-tni/000-0_000-0
eob-tni/tp_6s0_np3s_np3s_S0
elu-tni/000-0_000-0
eob-tni/tp_6s0_np3s_np3s_S0
elu-tni/000-0_000-0
eob-tni/tp_6s0_np3s_np3s_S0
elu-tni/000-0_000-0
eob-tni/tp_6s0_np3s_np3s_S0
elu-tni/000-0_000-0
eob-tni/tp_6s0_tp_1s0
elu-tni/000-0_000-0
eob-tni/tp_6s0_tp_1s0
elu-tni/000-0_000-0
eob-tni/tp_6s0_tp_1s0
elu-tni/000-0_000-0
eob-tni/tp_6s0_tp_1s0
elu-tni/000-0_000-0
eob-tni/tp_6s0_tp_1s0
elu-tni/000-0_000-0
eob-tni/tp_6s0_tp_1s0
elu-tni/000-0_000-0
eob-tni/tp_6s0_tp_1s0
elu-tni/000-0_000-0
eob-tni/tp_6s0_tp_1s0
elu-tni/000-0_000-0
eob-tni/tp_6s0_tp_1s0
elu-tni/000-0_000-0
eob-tni/tp_6s0_tp_6s0
elu-tni/000-0_000-0
eob-tni/tp_6s0_tp_6s0
elu-tni/000-0_000-0
eob-tni/tp_6s0_tp_6s0
elu-tni/000-0_000-0
eob-tni/tp_6s0_tp_6s0
elu-tni/000-0_000-0
eob-tni/tp_6s0_tp_6s0
elu-tni/000-0_000-0
eob-tni/tp_6s0_tp_6s0
elu-tni/000-0_000-0
eob-tni/tp_6s0_np3s_np3s_S0
elu-tni/000-0_000-0
eob-tni/tp_6s0_np3s_np3s_S0
elu-tni/000-0_000-0
eob-tni/tp_6s0_np3s_np3s_S0
elu-tni/000-0_000-0
eob-tni/tp_6s0_np3s_np3s_S0
elu-tni/000-0_000-0
eob-tni/tp_6s0_np3s_np3s_S0
elu-tni/000-0_000-0
eob-tni/tp_6s0_np3s_np3s_S0
elu-tni/000-0_000-0
eob-tni/tp_6s0_np3s_np3s_S0
elu-tni/000-0_000-0
eob-tni/tp_6s0_tp_1s0
elu-tni/000-0_000-0
eob-tni/tp_6s0_tp_1s0
elu-tni/000-0_000-0
eob-tni/tp_6s0_tp_1s0
elu-tni/000-0_000-0
eob-tni/tp_6s0_tp_1s0
elu-tni/000-0_000-0
eob-tni/tp_6s0_tp_1s0
elu-tni/000-0_000-0
eob-tni/tp_6s0_tp_1s0
elu-tni/000-0_000-0
eob-tni/tp_6s0_tp_1s0
elu-tni/000-0_000-0
eob-tni/tp_6s0_tp_1s0
elu-tni/000-0_000-0
eob-tni/tp_6s0_tp_1s0
elu-tni/000-0_000-0
eob-tni/tp_6s0_tp_6s0
elu-tni/000-0_000-0
eob-tni/tp_6s0_tp_6s0
elu-tni/000-0_000-0
eob-tni/tp_6s0_tp_6s0
elu-tni/000-0_000-0
eob-tni/tp_6s0_tp_6s0
elu-tni/000-0_000-0
eob-tni/tp_6s0_tp_6s0
elu-tni/000-0_000-0
eob-tni/tp_6s0_tp_6s0
elu-tni/000-0_000-0
eob-tni/tp_6s0_tp_6s0
elu-tni/000-0_000-0
eob-tni/tp_6s0_np3s_np3s_S0
elu-tni/000-0_000-0
eob-tni/tp_6s0_np3s_np3s_S0
elu-tni/000-0_000-0
eob-tni/tp_6s0_np3s_np3s_S0
elu-tni/000-0_000-0
eob-tni/tp_6s0_np3s_np3s_S0
elu-tni/000-0_000-0
eob-tni/tp_6s0_np3s_np3s_S0
elu-tni/000-0_000-0
eob-tni/tp_6s0_np3s_np3s_S0
elu-tni/000-0_000-0
eob-tni/tp_6s0_np3s_np3s_S0
elu-tni/000-0_000-0
eob-tni/tp_6s0_tp_1s0
elu-tni/000-0_000-0
eob-tni/tp_6s0_tp_1s0
elu-tni/000-0_000-0
eob-tni/tp_6s0_tp_1s0
elu-tni/000-0_000-0
eob-tni/tp_6s0_tp_1s0
elu-tni/000-0_000-0
eob-tni/tp_6s0_tp_1s0
elu-tni/000-0_000-0
eob-tni/tp_6s0_tp_1s0
elu-tni/000-0_000-0
eob-tni/tp_6s0_tp_1s0
elu-tni/000-0_000-0
eob-tni/tp_6s0_tp_1s0
elu-tni/000-0_000-0
eob-tni/tp_6s0_tp_1s0
elu-tni/000-0_000-0
eob-tni/tp_6s0_tp_6s0
elu-tni/000-0_000-0
eob-tni/tp_6s0_tp_6s0
elu-tni/000-0_000-0
eob-tni/tp_6s0_tp_6s0
elu-tni/000-0_000-0
eob-tni/tp_6s0_tp_6s0
elu-tni/000-0_000-0
eob-tni/tp_6s0_tp_6s0
elu-tni/000-0_000-0
eob-tni/tp_6s0_tp_6s0
elu-tni/000-0_000-0
eob-tni/tp_6s0_tp_6s0
elu-tni/000-0_000-0
eob-tni/tp_6s0_tp_6s0
elu-tni/000-0_000-0
eob-tni/tp_6s0_np3s_np3s_S0
elu-tni/000-0_000-0
eob-tni/tp_6s0_np3s_np3s_S0
elu-tni/000-0_000-0
eob-tni/tp_6s0_np3s_np3s_S0
elu-tni/000-0_000-0
eob-tni/tp_6s0_np3s_np3s_S0
elu-tni/000-0_000-0
eob-tni/tp_6s0_np3s_np3s_S0
elu-tni/000-0_000-0
eob-tni/tp_6s0_np3s_np3s_S0
elu-tni/000-0_000-0
eob-tni/tp_6s0_np3s_np3s_S0
elu-tni/000-0_000-0
eob-tni/tp_6s0_tp_1s0
elu-tni/000-0_000-0
eob-tni/tp_6s0_tp_1s0
elu-tni/000-0_000-0
eob-tni/tp_6s0_tp_1s0
elu-tni/000-0_000-0
eob-tni/tp_6s0_tp_1s0
elu-tni/000-0_000-0
eob-tni/tp_6s0_tp_1s0
elu-tni/000-0_000-0
eob-tni/tp_6s0_tp_1s0
elu-tni/000-0_000-0
eob-tni/tp_6s0_tp_1s0
elu-tni/000-0_000-0
eob-tni/tp_6s0_tp_1s0
elu-tni/000-0_000-0
eob-tni/tp_6s0_tp_1s0
elu-tni/000-0_000-0
eob-tni/tp_6s0_tp_6s0
elu-tni/000-0_000-0
eob-tni/tp_6s0_tp_6s0
elu-tni/000-0_000-0
eob-tni/tp_6s0_tp_6s0
elu-tni/000-0_000-0
eob-tni/tp_6s0_tp_6s0
elu-tni/000-0_000-0
eob-tni/tp_6s0_tp_6s0
elu-tni/000-0_000-0
eob-tni/tp_6s0_tp_6s0
elu-tni/000-0_000-0
eob-tni/tp_6s0_tp_6s0
elu-tni/000-0_000-0
eob-tni/tp_6s0_tp_6s0
elu-tni/000-0_000-0
eob-tni/tp_6s0_tp_6s0
elu-tni/000-0_000-0
eob-tni/hen_1s0_np3s_np3s_S0
elu-tni/000-0_000-0
eob-tni/hen_1s0_np3s_np3s_S0
elu-tni/000-0_000-0
eob-tni/hen_1s0_np3s_np3s_S0
elu-tni/000-0_000-0
eob-tni/hen_1s0_np3s_np3s_S0
elu-tni/000-0_000-0
eob-tni/hen_1s0_np3s_np3s_S0
elu-tni/000-0_000-0
eob-tni/hen_1s0_np3s_np3s_S0
elu-tni/000-0_000-0
eob-tni/hen_1s0_np3s_np3s_S0
elu-tni/000-0_000-0
eob-tni/hen_1s0_tp_1s0
elu-tni/000-0_000-0
eob-tni/hen_1s0_tp_1s0
elu-tni/000-0_000-0
eob-tni/hen_1s0_tp_1s0
elu-tni/000-0_000-0
eob-tni/hen_1s0_tp_1s0
elu-tni/000-0_000-0
eob-tni/hen_1s0_tp_1s0
elu-tni/000-0_000-0
eob-tni/hen_1s0_tp_1s0
elu-tni/000-0_000-0
eob-tni/hen_1s0_tp_1s0
elu-tni/000-0_000-0
eob-tni/hen_1s0_tp_1s0
elu-tni/000-0_000-0
eob-tni/hen_1s0_tp_1s0
elu-tni/000-0_000-0
eob-tni/hen_1s0_tp_6s0
elu-tni/000-0_000-0
eob-tni/hen_1s0_tp_6s0
elu-tni/000-0_000-0
eob-tni/hen_1s0_tp_6s0
elu-tni/000-0_000-0
eob-tni/hen_1s0_tp_6s0
elu-tni/000-0_000-0
eob-tni/hen_1s0_tp_6s0
elu-tni/000-0_000-0
eob-tni/hen_1s0_tp_6s0
elu-tni/000-0_000-0
eob-tni/hen_1s0_tp_6s0
elu-tni/000-0_000-0
eob-tni/hen_1s0_tp_6s0
elu-tni/000-0_000-0
eob-tni/hen_1s0_tp_6s0
elu-tni/000-0_000-0
eob-tni/hen_1s0_hen_1s0
elu-tni/000-0_000-0
eob-tni/hen_1s0_np3s_np3s_S0
elu-tni/000-0_000-0
eob-tni/hen_1s0_np3s_np3s_S0
elu-tni/000-0_000-0
eob-tni/hen_1s0_np3s_np3s_S0
elu-tni/000-0_000-0
eob-tni/hen_1s0_np3s_np3s_S0
elu-tni/000-0_000-0
eob-tni/hen_1s0_np3s_np3s_S0
elu-tni/000-0_000-0
eob-tni/hen_1s0_np3s_np3s_S0
elu-tni/000-0_000-0
eob-tni/hen_1s0_np3s_np3s_S0
elu-tni/000-0_000-0
eob-tni/hen_1s0_tp_1s0
elu-tni/000-0_000-0
eob-tni/hen_1s0_tp_1s0
elu-tni/000-0_000-0
eob-tni/hen_1s0_tp_1s0
elu-tni/000-0_000-0
eob-tni/hen_1s0_tp_1s0
elu-tni/000-0_000-0
eob-tni/hen_1s0_tp_1s0
elu-tni/000-0_000-0
eob-tni/hen_1s0_tp_1s0
elu-tni/000-0_000-0
eob-tni/hen_1s0_tp_1s0
elu-tni/000-0_000-0
eob-tni/hen_1s0_tp_1s0
elu-tni/000-0_000-0
eob-tni/hen_1s0_tp_1s0
elu-tni/000-0_000-0
eob-tni/hen_1s0_tp_6s0
elu-tni/000-0_000-0
eob-tni/hen_1s0_tp_6s0
elu-tni/000-0_000-0
eob-tni/hen_1s0_tp_6s0
elu-tni/000-0_000-0
eob-tni/hen_1s0_tp_6s0
elu-tni/000-0_000-0
eob-tni/hen_1s0_tp_6s0
elu-tni/000-0_000-0
eob-tni/hen_1s0_tp_6s0
elu-tni/000-0_000-0
eob-tni/hen_1s0_tp_6s0
elu-tni/000-0_000-0
eob-tni/hen_1s0_tp_6s0
elu-tni/000-0_000-0
eob-tni/hen_1s0_tp_6s0
elu-tni/000-0_000-0
eob-tni/hen_1s0_hen_1s0
elu-tni/000-0_000-0
eob-tni/hen_1s0_hen_1s0
elu-tni/000-0_000-0
eob-tni/hen_1s0_np3s_np3s_S0
elu-tni/000-0_000-0
eob-tni/hen_1s0_np3s_np3s_S0
elu-tni/000-0_000-0
eob-tni/hen_1s0_np3s_np3s_S0
elu-tni/000-0_000-0
eob-tni/hen_1s0_np3s_np3s_S0
elu-tni/000-0_000-0
eob-tni/hen_1s0_np3s_np3s_S0
elu-tni/000-0_000-0
eob-tni/hen_1s0_np3s_np3s_S0
elu-tni/000-0_000-0
eob-tni/hen_1s0_np3s_np3s_S0
elu-tni/000-0_000-0
eob-tni/hen_1s0_tp_1s0
elu-tni/000-0_000-0
eob-tni/hen_1s0_tp_1s0
elu-tni/000-0_000-0
eob-tni/hen_1s0_tp_1s0
elu-tni/000-0_000-0
eob-tni/hen_1s0_tp_1s0
elu-tni/000-0_000-0
eob-tni/hen_1s0_tp_1s0
elu-tni/000-0_000-0
eob-tni/hen_1s0_tp_1s0
elu-tni/000-0_000-0
eob-tni/hen_1s0_tp_1s0
elu-tni/000-0_000-0
eob-tni/hen_1s0_tp_1s0
elu-tni/000-0_000-0
eob-tni/hen_1s0_tp_1s0
elu-tni/000-0_000-0
eob-tni/hen_1s0_tp_6s0
elu-tni/000-0_000-0
eob-tni/hen_1s0_tp_6s0
elu-tni/000-0_000-0
eob-tni/hen_1s0_tp_6s0
elu-tni/000-0_000-0
eob-tni/hen_1s0_tp_6s0
elu-tni/000-0_000-0
eob-tni/hen_1s0_tp_6s0
elu-tni/000-0_000-0
eob-tni/hen_1s0_tp_6s0
elu-tni/000-0_000-0
eob-tni/hen_1s0_tp_6s0
elu-tni/000-0_000-0
eob-tni/hen_1s0_tp_6s0
elu-tni/000-0_000-0
eob-tni/hen_1s0_tp_6s0
elu-tni/000-0_000-0
eob-tni/hen_1s0_hen_1s0
elu-tni/000-0_000-0
eob-tni/hen_1s0_hen_1s0
elu-tni/000-0_000-0
eob-tni/hen_1s0_hen_1s0
elu-tni/000-0_000-0
eob-tni/hen_1s0_np3s_np3s_S0
elu-tni/000-0_000-0
eob-tni/hen_1s0_np3s_np3s_S0
elu-tni/000-0_000-0
eob-tni/hen_1s0_np3s_np3s_S0
elu-tni/000-0_000-0
eob-tni/hen_1s0_np3s_np3s_S0
elu-tni/000-0_000-0
eob-tni/hen_1s0_np3s_np3s_S0
elu-tni/000-0_000-0
eob-tni/hen_1s0_np3s_np3s_S0
elu-tni/000-0_000-0
eob-tni/hen_1s0_np3s_np3s_S0
elu-tni/000-0_000-0
eob-tni/hen_1s0_tp_1s0
elu-tni/000-0_000-0
eob-tni/hen_1s0_tp_1s0
elu-tni/000-0_000-0
eob-tni/hen_1s0_tp_1s0
elu-tni/000-0_000-0
eob-tni/hen_1s0_tp_1s0
elu-tni/000-0_000-0
eob-tni/hen_1s0_tp_1s0
elu-tni/000-0_000-0
eob-tni/hen_1s0_tp_1s0
elu-tni/000-0_000-0
eob-tni/hen_1s0_tp_1s0
elu-tni/000-0_000-0
eob-tni/hen_1s0_tp_1s0
elu-tni/000-0_000-0
eob-tni/hen_1s0_tp_1s0
elu-tni/000-0_000-0
eob-tni/hen_1s0_tp_6s0
elu-tni/000-0_000-0
eob-tni/hen_1s0_tp_6s0
elu-tni/000-0_000-0
eob-tni/hen_1s0_tp_6s0
elu-tni/000-0_000-0
eob-tni/hen_1s0_tp_6s0
elu-tni/000-0_000-0
eob-tni/hen_1s0_tp_6s0
elu-tni/000-0_000-0
eob-tni/hen_1s0_tp_6s0
elu-tni/000-0_000-0
eob-tni/hen_1s0_tp_6s0
elu-tni/000-0_000-0
eob-tni/hen_1s0_tp_6s0
elu-tni/000-0_000-0
eob-tni/hen_1s0_tp_6s0
elu-tni/000-0_000-0
eob-tni/hen_1s0_hen_1s0
elu-tni/000-0_000-0
eob-tni/hen_1s0_hen_1s0
elu-tni/000-0_000-0
eob-tni/hen_1s0_hen_1s0
elu-tni/000-0_000-0
eob-tni/hen_1s0_hen_1s0
elu-tni/000-0_000-0
eob-tni/hen_1s0_np3s_np3s_S0
elu-tni/000-0_000-0
eob-tni/hen_1s0_np3s_np3s_S0
elu-tni/000-0_000-0
eob-tni/hen_1s0_np3s_np3s_S0
elu-tni/000-0_000-0
eob-tni/hen_1s0_np3s_np3s_S0
elu-tni/000-0_000-0
eob-tni/hen_1s0_np3s_np3s_S0
elu-tni/000-0_000-0
eob-tni/hen_1s0_np3s_np3s_S0
elu-tni/000-0_000-0
eob-tni/hen_1s0_np3s_np3s_S0
elu-tni/000-0_000-0
eob-tni/hen_1s0_tp_1s0
elu-tni/000-0_000-0
eob-tni/hen_1s0_tp_1s0
elu-tni/000-0_000-0
eob-tni/hen_1s0_tp_1s0
elu-tni/000-0_000-0
eob-tni/hen_1s0_tp_1s0
elu-tni/000-0_000-0
eob-tni/hen_1s0_tp_1s0
elu-tni/000-0_000-0
eob-tni/hen_1s0_tp_1s0
elu-tni/000-0_000-0
eob-tni/hen_1s0_tp_1s0
elu-tni/000-0_000-0
eob-tni/hen_1s0_tp_1s0
elu-tni/000-0_000-0
eob-tni/hen_1s0_tp_1s0
elu-tni/000-0_000-0
eob-tni/hen_1s0_tp_6s0
elu-tni/000-0_000-0
eob-tni/hen_1s0_tp_6s0
elu-tni/000-0_000-0
eob-tni/hen_1s0_tp_6s0
elu-tni/000-0_000-0
eob-tni/hen_1s0_tp_6s0
elu-tni/000-0_000-0
eob-tni/hen_1s0_tp_6s0
elu-tni/000-0_000-0
eob-tni/hen_1s0_tp_6s0
elu-tni/000-0_000-0
eob-tni/hen_1s0_tp_6s0
elu-tni/000-0_000-0
eob-tni/hen_1s0_tp_6s0
elu-tni/000-0_000-0
eob-tni/hen_1s0_tp_6s0
elu-tni/000-0_000-0
eob-tni/hen_1s0_hen_1s0
elu-tni/000-0_000-0
eob-tni/hen_1s0_hen_1s0
elu-tni/000-0_000-0
eob-tni/hen_1s0_hen_1s0
elu-tni/000-0_000-0
eob-tni/hen_1s0_hen_1s0
elu-tni/000-0_000-0
eob-tni/hen_1s0_hen_1s0
elu-tni/000-0_000-0
eob-tni/hen_1s0_np3s_np3s_S0
elu-tni/000-0_000-0
eob-tni/hen_1s0_np3s_np3s_S0
elu-tni/000-0_000-0
eob-tni/hen_1s0_np3s_np3s_S0
elu-tni/000-0_000-0
eob-tni/hen_1s0_np3s_np3s_S0
elu-tni/000-0_000-0
eob-tni/hen_1s0_np3s_np3s_S0
elu-tni/000-0_000-0
eob-tni/hen_1s0_np3s_np3s_S0
elu-tni/000-0_000-0
eob-tni/hen_1s0_np3s_np3s_S0
elu-tni/000-0_000-0
eob-tni/hen_1s0_tp_1s0
elu-tni/000-0_000-0
eob-tni/hen_1s0_tp_1s0
elu-tni/000-0_000-0
eob-tni/hen_1s0_tp_1s0
elu-tni/000-0_000-0
eob-tni/hen_1s0_tp_1s0
elu-tni/000-0_000-0
eob-tni/hen_1s0_tp_1s0
elu-tni/000-0_000-0
eob-tni/hen_1s0_tp_1s0
elu-tni/000-0_000-0
eob-tni/hen_1s0_tp_1s0
elu-tni/000-0_000-0
eob-tni/hen_1s0_tp_1s0
elu-tni/000-0_000-0
eob-tni/hen_1s0_tp_1s0
elu-tni/000-0_000-0
eob-tni/hen_1s0_tp_6s0
elu-tni/000-0_000-0
eob-tni/hen_1s0_tp_6s0
elu-tni/000-0_000-0
eob-tni/hen_1s0_tp_6s0
elu-tni/000-0_000-0
eob-tni/hen_1s0_tp_6s0
elu-tni/000-0_000-0
eob-tni/hen_1s0_tp_6s0
elu-tni/000-0_000-0
eob-tni/hen_1s0_tp_6s0
elu-tni/000-0_000-0
eob-tni/hen_1s0_tp_6s0
elu-tni/000-0_000-0
eob-tni/hen_1s0_tp_6s0
elu-tni/000-0_000-0
eob-tni/hen_1s0_tp_6s0
elu-tni/000-0_000-0
eob-tni/hen_1s0_hen_1s0
elu-tni/000-0_000-0
eob-tni/hen_1s0_hen_1s0
elu-tni/000-0_000-0
eob-tni/hen_1s0_hen_1s0
elu-tni/000-0_000-0
eob-tni/hen_1s0_hen_1s0
elu-tni/000-0_000-0
eob-tni/hen_1s0_hen_1s0
elu-tni/000-0_000-0
eob-tni/hen_1s0_hen_1s0
elu-tni/000-0_000-0
eob-tni/hen_1s0_np3s_np3s_S0
elu-tni/000-0_000-0
eob-tni/hen_1s0_np3s_np3s_S0
elu-tni/000-0_000-0
eob-tni/hen_1s0_np3s_np3s_S0
elu-tni/000-0_000-0
eob-tni/hen_1s0_np3s_np3s_S0
elu-tni/000-0_000-0
eob-tni/hen_1s0_np3s_np3s_S0
elu-tni/000-0_000-0
eob-tni/hen_1s0_np3s_np3s_S0
elu-tni/000-0_000-0
eob-tni/hen_1s0_np3s_np3s_S0
elu-tni/000-0_000-0
eob-tni/hen_1s0_tp_1s0
elu-tni/000-0_000-0
eob-tni/hen_1s0_tp_1s0
elu-tni/000-0_000-0
eob-tni/hen_1s0_tp_1s0
elu-tni/000-0_000-0
eob-tni/hen_1s0_tp_1s0
elu-tni/000-0_000-0
eob-tni/hen_1s0_tp_1s0
elu-tni/000-0_000-0
eob-tni/hen_1s0_tp_1s0
elu-tni/000-0_000-0
eob-tni/hen_1s0_tp_1s0
elu-tni/000-0_000-0
eob-tni/hen_1s0_tp_1s0
elu-tni/000-0_000-0
eob-tni/hen_1s0_tp_1s0
elu-tni/000-0_000-0
eob-tni/hen_1s0_tp_6s0
elu-tni/000-0_000-0
eob-tni/hen_1s0_tp_6s0
elu-tni/000-0_000-0
eob-tni/hen_1s0_tp_6s0
elu-tni/000-0_000-0
eob-tni/hen_1s0_tp_6s0
elu-tni/000-0_000-0
eob-tni/hen_1s0_tp_6s0
elu-tni/000-0_000-0
eob-tni/hen_1s0_tp_6s0
elu-tni/000-0_000-0
eob-tni/hen_1s0_tp_6s0
elu-tni/000-0_000-0
eob-tni/hen_1s0_tp_6s0
elu-tni/000-0_000-0
eob-tni/hen_1s0_tp_6s0
elu-tni/000-0_000-0
eob-tni/hen_1s0_hen_1s0
elu-tni/000-0_000-0
eob-tni/hen_1s0_hen_1s0
elu-tni/000-0_000-0
eob-tni/hen_1s0_hen_1s0
elu-tni/000-0_000-0
eob-tni/hen_1s0_hen_1s0
elu-tni/000-0_000-0
eob-tni/hen_1s0_hen_1s0
elu-tni/000-0_000-0
eob-tni/hen_1s0_hen_1s0
elu-tni/000-0_000-0
eob-tni/hen_1s0_hen_1s0
elu-tni/000-0_000-0
eob-tni/hen_1s0_np3s_np3s_S0
elu-tni/000-0_000-0
eob-tni/hen_1s0_np3s_np3s_S0
elu-tni/000-0_000-0
eob-tni/hen_1s0_np3s_np3s_S0
elu-tni/000-0_000-0
eob-tni/hen_1s0_np3s_np3s_S0
elu-tni/000-0_000-0
eob-tni/hen_1s0_np3s_np3s_S0
elu-tni/000-0_000-0
eob-tni/hen_1s0_np3s_np3s_S0
elu-tni/000-0_000-0
eob-tni/hen_1s0_np3s_np3s_S0
elu-tni/000-0_000-0
eob-tni/hen_1s0_tp_1s0
elu-tni/000-0_000-0
eob-tni/hen_1s0_tp_1s0
elu-tni/000-0_000-0
eob-tni/hen_1s0_tp_1s0
elu-tni/000-0_000-0
eob-tni/hen_1s0_tp_1s0
elu-tni/000-0_000-0
eob-tni/hen_1s0_tp_1s0
elu-tni/000-0_000-0
eob-tni/hen_1s0_tp_1s0
elu-tni/000-0_000-0
eob-tni/hen_1s0_tp_1s0
elu-tni/000-0_000-0
eob-tni/hen_1s0_tp_1s0
elu-tni/000-0_000-0
eob-tni/hen_1s0_tp_1s0
elu-tni/000-0_000-0
eob-tni/hen_1s0_tp_6s0
elu-tni/000-0_000-0
eob-tni/hen_1s0_tp_6s0
elu-tni/000-0_000-0
eob-tni/hen_1s0_tp_6s0
elu-tni/000-0_000-0
eob-tni/hen_1s0_tp_6s0
elu-tni/000-0_000-0
eob-tni/hen_1s0_tp_6s0
elu-tni/000-0_000-0
eob-tni/hen_1s0_tp_6s0
elu-tni/000-0_000-0
eob-tni/hen_1s0_tp_6s0
elu-tni/000-0_000-0
eob-tni/hen_1s0_tp_6s0
elu-tni/000-0_000-0
eob-tni/hen_1s0_tp_6s0
elu-tni/000-0_000-0
eob-tni/hen_1s0_hen_1s0
elu-tni/000-0_000-0
eob-tni/hen_1s0_hen_1s0
elu-tni/000-0_000-0
eob-tni/hen_1s0_hen_1s0
elu-tni/000-0_000-0
eob-tni/hen_1s0_hen_1s0
elu-tni/000-0_000-0
eob-tni/hen_1s0_hen_1s0
elu-tni/000-0_000-0
eob-tni/hen_1s0_hen_1s0
elu-tni/000-0_000-0
eob-tni/hen_1s0_hen_1s0
elu-tni/000-0_000-0
eob-tni/hen_1s0_hen_1s0
elu-tni/000-0_000-0
eob-tni/hen_1s0_np3s_np3s_S0
elu-tni/000-0_000-0
eob-tni/hen_1s0_np3s_np3s_S0
elu-tni/000-0_000-0
eob-tni/hen_1s0_np3s_np3s_S0
elu-tni/000-0_000-0
eob-tni/hen_1s0_np3s_np3s_S0
elu-tni/000-0_000-0
eob-tni/hen_1s0_np3s_np3s_S0
elu-tni/000-0_000-0
eob-tni/hen_1s0_np3s_np3s_S0
elu-tni/000-0_000-0
eob-tni/hen_1s0_np3s_np3s_S0
elu-tni/000-0_000-0
eob-tni/hen_1s0_tp_1s0
elu-tni/000-0_000-0
eob-tni/hen_1s0_tp_1s0
elu-tni/000-0_000-0
eob-tni/hen_1s0_tp_1s0
elu-tni/000-0_000-0
eob-tni/hen_1s0_tp_1s0
elu-tni/000-0_000-0
eob-tni/hen_1s0_tp_1s0
elu-tni/000-0_000-0
eob-tni/hen_1s0_tp_1s0
elu-tni/000-0_000-0
eob-tni/hen_1s0_tp_1s0
elu-tni/000-0_000-0
eob-tni/hen_1s0_tp_1s0
elu-tni/000-0_000-0
eob-tni/hen_1s0_tp_1s0
elu-tni/000-0_000-0
eob-tni/hen_1s0_tp_6s0
elu-tni/000-0_000-0
eob-tni/hen_1s0_tp_6s0
elu-tni/000-0_000-0
eob-tni/hen_1s0_tp_6s0
elu-tni/000-0_000-0
eob-tni/hen_1s0_tp_6s0
elu-tni/000-0_000-0
eob-tni/hen_1s0_tp_6s0
elu-tni/000-0_000-0
eob-tni/hen_1s0_tp_6s0
elu-tni/000-0_000-0
eob-tni/hen_1s0_tp_6s0
elu-tni/000-0_000-0
eob-tni/hen_1s0_tp_6s0
elu-tni/000-0_000-0
eob-tni/hen_1s0_tp_6s0
elu-tni/000-0_000-0
eob-tni/hen_1s0_hen_1s0
elu-tni/000-0_000-0
eob-tni/hen_1s0_hen_1s0
elu-tni/000-0_000-0
eob-tni/hen_1s0_hen_1s0
elu-tni/000-0_000-0
eob-tni/hen_1s0_hen_1s0
elu-tni/000-0_000-0
eob-tni/hen_1s0_hen_1s0
elu-tni/000-0_000-0
eob-tni/hen_1s0_hen_1s0
elu-tni/000-0_000-0
eob-tni/hen_1s0_hen_1s0
elu-tni/000-0_000-0
eob-tni/hen_1s0_hen_1s0
elu-tni/000-0_000-0
eob-tni/hen_1s0_hen_1s0
elu-tni/000-0_000-0
eob-tni/hen_6s0_np3s_np3s_S0
elu-tni/000-0_000-0
eob-tni/hen_6s0_np3s_np3s_S0
elu-tni/000-0_000-0
eob-tni/hen_6s0_np3s_np3s_S0
elu-tni/000-0_000-0
eob-tni/hen_6s0_np3s_np3s_S0
elu-tni/000-0_000-0
eob-tni/hen_6s0_np3s_np3s_S0
elu-tni/000-0_000-0
eob-tni/hen_6s0_np3s_np3s_S0
elu-tni/000-0_000-0
eob-tni/hen_6s0_np3s_np3s_S0
elu-tni/000-0_000-0
eob-tni/hen_6s0_tp_1s0
elu-tni/000-0_000-0
eob-tni/hen_6s0_tp_1s0
elu-tni/000-0_000-0
eob-tni/hen_6s0_tp_1s0
elu-tni/000-0_000-0
eob-tni/hen_6s0_tp_1s0
elu-tni/000-0_000-0
eob-tni/hen_6s0_tp_1s0
elu-tni/000-0_000-0
eob-tni/hen_6s0_tp_1s0
elu-tni/000-0_000-0
eob-tni/hen_6s0_tp_1s0
elu-tni/000-0_000-0
eob-tni/hen_6s0_tp_1s0
elu-tni/000-0_000-0
eob-tni/hen_6s0_tp_1s0
elu-tni/000-0_000-0
eob-tni/hen_6s0_tp_6s0
elu-tni/000-0_000-0
eob-tni/hen_6s0_tp_6s0
elu-tni/000-0_000-0
eob-tni/hen_6s0_tp_6s0
elu-tni/000-0_000-0
eob-tni/hen_6s0_tp_6s0
elu-tni/000-0_000-0
eob-tni/hen_6s0_tp_6s0
elu-tni/000-0_000-0
eob-tni/hen_6s0_tp_6s0
elu-tni/000-0_000-0
eob-tni/hen_6s0_tp_6s0
elu-tni/000-0_000-0
eob-tni/hen_6s0_tp_6s0
elu-tni/000-0_000-0
eob-tni/hen_6s0_tp_6s0
elu-tni/000-0_000-0
eob-tni/hen_6s0_hen_1s0
elu-tni/000-0_000-0
eob-tni/hen_6s0_hen_1s0
elu-tni/000-0_000-0
eob-tni/hen_6s0_hen_1s0
elu-tni/000-0_000-0
eob-tni/hen_6s0_hen_1s0
elu-tni/000-0_000-0
eob-tni/hen_6s0_hen_1s0
elu-tni/000-0_000-0
eob-tni/hen_6s0_hen_1s0
elu-tni/000-0_000-0
eob-tni/hen_6s0_hen_1s0
elu-tni/000-0_000-0
eob-tni/hen_6s0_hen_1s0
elu-tni/000-0_000-0
eob-tni/hen_6s0_hen_1s0
elu-tni/000-0_000-0
eob-tni/hen_6s0_hen_6s0
elu-tni/000-0_000-0
eob-tni/hen_6s0_np3s_np3s_S0
elu-tni/000-0_000-0
eob-tni/hen_6s0_np3s_np3s_S0
elu-tni/000-0_000-0
eob-tni/hen_6s0_np3s_np3s_S0
elu-tni/000-0_000-0
eob-tni/hen_6s0_np3s_np3s_S0
elu-tni/000-0_000-0
eob-tni/hen_6s0_np3s_np3s_S0
elu-tni/000-0_000-0
eob-tni/hen_6s0_np3s_np3s_S0
elu-tni/000-0_000-0
eob-tni/hen_6s0_np3s_np3s_S0
elu-tni/000-0_000-0
eob-tni/hen_6s0_tp_1s0
elu-tni/000-0_000-0
eob-tni/hen_6s0_tp_1s0
elu-tni/000-0_000-0
eob-tni/hen_6s0_tp_1s0
elu-tni/000-0_000-0
eob-tni/hen_6s0_tp_1s0
elu-tni/000-0_000-0
eob-tni/hen_6s0_tp_1s0
elu-tni/000-0_000-0
eob-tni/hen_6s0_tp_1s0
elu-tni/000-0_000-0
eob-tni/hen_6s0_tp_1s0
elu-tni/000-0_000-0
eob-tni/hen_6s0_tp_1s0
elu-tni/000-0_000-0
eob-tni/hen_6s0_tp_1s0
elu-tni/000-0_000-0
eob-tni/hen_6s0_tp_6s0
elu-tni/000-0_000-0
eob-tni/hen_6s0_tp_6s0
elu-tni/000-0_000-0
eob-tni/hen_6s0_tp_6s0
elu-tni/000-0_000-0
eob-tni/hen_6s0_tp_6s0
elu-tni/000-0_000-0
eob-tni/hen_6s0_tp_6s0
elu-tni/000-0_000-0
eob-tni/hen_6s0_tp_6s0
elu-tni/000-0_000-0
eob-tni/hen_6s0_tp_6s0
elu-tni/000-0_000-0
eob-tni/hen_6s0_tp_6s0
elu-tni/000-0_000-0
eob-tni/hen_6s0_tp_6s0
elu-tni/000-0_000-0
eob-tni/hen_6s0_hen_1s0
elu-tni/000-0_000-0
eob-tni/hen_6s0_hen_1s0
elu-tni/000-0_000-0
eob-tni/hen_6s0_hen_1s0
elu-tni/000-0_000-0
eob-tni/hen_6s0_hen_1s0
elu-tni/000-0_000-0
eob-tni/hen_6s0_hen_1s0
elu-tni/000-0_000-0
eob-tni/hen_6s0_hen_1s0
elu-tni/000-0_000-0
eob-tni/hen_6s0_hen_1s0
elu-tni/000-0_000-0
eob-tni/hen_6s0_hen_1s0
elu-tni/000-0_000-0
eob-tni/hen_6s0_hen_1s0
elu-tni/000-0_000-0
eob-tni/hen_6s0_hen_6s0
elu-tni/000-0_000-0
eob-tni/hen_6s0_hen_6s0
elu-tni/000-0_000-0
eob-tni/hen_6s0_np3s_np3s_S0
elu-tni/000-0_000-0
eob-tni/hen_6s0_np3s_np3s_S0
elu-tni/000-0_000-0
eob-tni/hen_6s0_np3s_np3s_S0
elu-tni/000-0_000-0
eob-tni/hen_6s0_np3s_np3s_S0
elu-tni/000-0_000-0
eob-tni/hen_6s0_np3s_np3s_S0
elu-tni/000-0_000-0
eob-tni/hen_6s0_np3s_np3s_S0
elu-tni/000-0_000-0
eob-tni/hen_6s0_np3s_np3s_S0
elu-tni/000-0_000-0
eob-tni/hen_6s0_tp_1s0
elu-tni/000-0_000-0
eob-tni/hen_6s0_tp_1s0
elu-tni/000-0_000-0
eob-tni/hen_6s0_tp_1s0
elu-tni/000-0_000-0
eob-tni/hen_6s0_tp_1s0
elu-tni/000-0_000-0
eob-tni/hen_6s0_tp_1s0
elu-tni/000-0_000-0
eob-tni/hen_6s0_tp_1s0
elu-tni/000-0_000-0
eob-tni/hen_6s0_tp_1s0
elu-tni/000-0_000-0
eob-tni/hen_6s0_tp_1s0
elu-tni/000-0_000-0
eob-tni/hen_6s0_tp_1s0
elu-tni/000-0_000-0
eob-tni/hen_6s0_tp_6s0
elu-tni/000-0_000-0
eob-tni/hen_6s0_tp_6s0
elu-tni/000-0_000-0
eob-tni/hen_6s0_tp_6s0
elu-tni/000-0_000-0
eob-tni/hen_6s0_tp_6s0
elu-tni/000-0_000-0
eob-tni/hen_6s0_tp_6s0
elu-tni/000-0_000-0
eob-tni/hen_6s0_tp_6s0
elu-tni/000-0_000-0
eob-tni/hen_6s0_tp_6s0
elu-tni/000-0_000-0
eob-tni/hen_6s0_tp_6s0
elu-tni/000-0_000-0
eob-tni/hen_6s0_tp_6s0
elu-tni/000-0_000-0
eob-tni/hen_6s0_hen_1s0
elu-tni/000-0_000-0
eob-tni/hen_6s0_hen_1s0
elu-tni/000-0_000-0
eob-tni/hen_6s0_hen_1s0
elu-tni/000-0_000-0
eob-tni/hen_6s0_hen_1s0
elu-tni/000-0_000-0
eob-tni/hen_6s0_hen_1s0
elu-tni/000-0_000-0
eob-tni/hen_6s0_hen_1s0
elu-tni/000-0_000-0
eob-tni/hen_6s0_hen_1s0
elu-tni/000-0_000-0
eob-tni/hen_6s0_hen_1s0
elu-tni/000-0_000-0
eob-tni/hen_6s0_hen_1s0
elu-tni/000-0_000-0
eob-tni/hen_6s0_hen_6s0
elu-tni/000-0_000-0
eob-tni/hen_6s0_hen_6s0
elu-tni/000-0_000-0
eob-tni/hen_6s0_hen_6s0
elu-tni/000-0_000-0
eob-tni/hen_6s0_np3s_np3s_S0
elu-tni/000-0_000-0
eob-tni/hen_6s0_np3s_np3s_S0
elu-tni/000-0_000-0
eob-tni/hen_6s0_np3s_np3s_S0
elu-tni/000-0_000-0
eob-tni/hen_6s0_np3s_np3s_S0
elu-tni/000-0_000-0
eob-tni/hen_6s0_np3s_np3s_S0
elu-tni/000-0_000-0
eob-tni/hen_6s0_np3s_np3s_S0
elu-tni/000-0_000-0
eob-tni/hen_6s0_np3s_np3s_S0
elu-tni/000-0_000-0
eob-tni/hen_6s0_tp_1s0
elu-tni/000-0_000-0
eob-tni/hen_6s0_tp_1s0
elu-tni/000-0_000-0
eob-tni/hen_6s0_tp_1s0
elu-tni/000-0_000-0
eob-tni/hen_6s0_tp_1s0
elu-tni/000-0_000-0
eob-tni/hen_6s0_tp_1s0
elu-tni/000-0_000-0
eob-tni/hen_6s0_tp_1s0
elu-tni/000-0_000-0
eob-tni/hen_6s0_tp_1s0
elu-tni/000-0_000-0
eob-tni/hen_6s0_tp_1s0
elu-tni/000-0_000-0
eob-tni/hen_6s0_tp_1s0
elu-tni/000-0_000-0
eob-tni/hen_6s0_tp_6s0
elu-tni/000-0_000-0
eob-tni/hen_6s0_tp_6s0
elu-tni/000-0_000-0
eob-tni/hen_6s0_tp_6s0
elu-tni/000-0_000-0
eob-tni/hen_6s0_tp_6s0
elu-tni/000-0_000-0
eob-tni/hen_6s0_tp_6s0
elu-tni/000-0_000-0
eob-tni/hen_6s0_tp_6s0
elu-tni/000-0_000-0
eob-tni/hen_6s0_tp_6s0
elu-tni/000-0_000-0
eob-tni/hen_6s0_tp_6s0
elu-tni/000-0_000-0
eob-tni/hen_6s0_tp_6s0
elu-tni/000-0_000-0
eob-tni/hen_6s0_hen_1s0
elu-tni/000-0_000-0
eob-tni/hen_6s0_hen_1s0
elu-tni/000-0_000-0
eob-tni/hen_6s0_hen_1s0
elu-tni/000-0_000-0
eob-tni/hen_6s0_hen_1s0
elu-tni/000-0_000-0
eob-tni/hen_6s0_hen_1s0
elu-tni/000-0_000-0
eob-tni/hen_6s0_hen_1s0
elu-tni/000-0_000-0
eob-tni/hen_6s0_hen_1s0
elu-tni/000-0_000-0
eob-tni/hen_6s0_hen_1s0
elu-tni/000-0_000-0
eob-tni/hen_6s0_hen_1s0
elu-tni/000-0_000-0
eob-tni/hen_6s0_hen_6s0
elu-tni/000-0_000-0
eob-tni/hen_6s0_hen_6s0
elu-tni/000-0_000-0
eob-tni/hen_6s0_hen_6s0
elu-tni/000-0_000-0
eob-tni/hen_6s0_hen_6s0
elu-tni/000-0_000-0
eob-tni/hen_6s0_np3s_np3s_S0
elu-tni/000-0_000-0
eob-tni/hen_6s0_np3s_np3s_S0
elu-tni/000-0_000-0
eob-tni/hen_6s0_np3s_np3s_S0
elu-tni/000-0_000-0
eob-tni/hen_6s0_np3s_np3s_S0
elu-tni/000-0_000-0
eob-tni/hen_6s0_np3s_np3s_S0
elu-tni/000-0_000-0
eob-tni/hen_6s0_np3s_np3s_S0
elu-tni/000-0_000-0
eob-tni/hen_6s0_np3s_np3s_S0
elu-tni/000-0_000-0
eob-tni/hen_6s0_tp_1s0
elu-tni/000-0_000-0
eob-tni/hen_6s0_tp_1s0
elu-tni/000-0_000-0
eob-tni/hen_6s0_tp_1s0
elu-tni/000-0_000-0
eob-tni/hen_6s0_tp_1s0
elu-tni/000-0_000-0
eob-tni/hen_6s0_tp_1s0
elu-tni/000-0_000-0
eob-tni/hen_6s0_tp_1s0
elu-tni/000-0_000-0
eob-tni/hen_6s0_tp_1s0
elu-tni/000-0_000-0
eob-tni/hen_6s0_tp_1s0
elu-tni/000-0_000-0
eob-tni/hen_6s0_tp_1s0
elu-tni/000-0_000-0
eob-tni/hen_6s0_tp_6s0
elu-tni/000-0_000-0
eob-tni/hen_6s0_tp_6s0
elu-tni/000-0_000-0
eob-tni/hen_6s0_tp_6s0
elu-tni/000-0_000-0
eob-tni/hen_6s0_tp_6s0
elu-tni/000-0_000-0
eob-tni/hen_6s0_tp_6s0
elu-tni/000-0_000-0
eob-tni/hen_6s0_tp_6s0
elu-tni/000-0_000-0
eob-tni/hen_6s0_tp_6s0
elu-tni/000-0_000-0
eob-tni/hen_6s0_tp_6s0
elu-tni/000-0_000-0
eob-tni/hen_6s0_tp_6s0
elu-tni/000-0_000-0
eob-tni/hen_6s0_hen_1s0
elu-tni/000-0_000-0
eob-tni/hen_6s0_hen_1s0
elu-tni/000-0_000-0
eob-tni/hen_6s0_hen_1s0
elu-tni/000-0_000-0
eob-tni/hen_6s0_hen_1s0
elu-tni/000-0_000-0
eob-tni/hen_6s0_hen_1s0
elu-tni/000-0_000-0
eob-tni/hen_6s0_hen_1s0
elu-tni/000-0_000-0
eob-tni/hen_6s0_hen_1s0
elu-tni/000-0_000-0
eob-tni/hen_6s0_hen_1s0
elu-tni/000-0_000-0
eob-tni/hen_6s0_hen_1s0
elu-tni/000-0_000-0
eob-tni/hen_6s0_hen_6s0
elu-tni/000-0_000-0
eob-tni/hen_6s0_hen_6s0
elu-tni/000-0_000-0
eob-tni/hen_6s0_hen_6s0
elu-tni/000-0_000-0
eob-tni/hen_6s0_hen_6s0
elu-tni/000-0_000-0
eob-tni/hen_6s0_hen_6s0
elu-tni/000-0_000-0
eob-tni/hen_6s0_np3s_np3s_S0
elu-tni/000-0_000-0
eob-tni/hen_6s0_np3s_np3s_S0
elu-tni/000-0_000-0
eob-tni/hen_6s0_np3s_np3s_S0
elu-tni/000-0_000-0
eob-tni/hen_6s0_np3s_np3s_S0
elu-tni/000-0_000-0
eob-tni/hen_6s0_np3s_np3s_S0
elu-tni/000-0_000-0
eob-tni/hen_6s0_np3s_np3s_S0
elu-tni/000-0_000-0
eob-tni/hen_6s0_np3s_np3s_S0
elu-tni/000-0_000-0
eob-tni/hen_6s0_tp_1s0
elu-tni/000-0_000-0
eob-tni/hen_6s0_tp_1s0
elu-tni/000-0_000-0
eob-tni/hen_6s0_tp_1s0
elu-tni/000-0_000-0
eob-tni/hen_6s0_tp_1s0
elu-tni/000-0_000-0
eob-tni/hen_6s0_tp_1s0
elu-tni/000-0_000-0
eob-tni/hen_6s0_tp_1s0
elu-tni/000-0_000-0
eob-tni/hen_6s0_tp_1s0
elu-tni/000-0_000-0
eob-tni/hen_6s0_tp_1s0
elu-tni/000-0_000-0
eob-tni/hen_6s0_tp_1s0
elu-tni/000-0_000-0
eob-tni/hen_6s0_tp_6s0
elu-tni/000-0_000-0
eob-tni/hen_6s0_tp_6s0
elu-tni/000-0_000-0
eob-tni/hen_6s0_tp_6s0
elu-tni/000-0_000-0
eob-tni/hen_6s0_tp_6s0
elu-tni/000-0_000-0
eob-tni/hen_6s0_tp_6s0
elu-tni/000-0_000-0
eob-tni/hen_6s0_tp_6s0
elu-tni/000-0_000-0
eob-tni/hen_6s0_tp_6s0
elu-tni/000-0_000-0
eob-tni/hen_6s0_tp_6s0
elu-tni/000-0_000-0
eob-tni/hen_6s0_tp_6s0
elu-tni/000-0_000-0
eob-tni/hen_6s0_hen_1s0
elu-tni/000-0_000-0
eob-tni/hen_6s0_hen_1s0
elu-tni/000-0_000-0
eob-tni/hen_6s0_hen_1s0
elu-tni/000-0_000-0
eob-tni/hen_6s0_hen_1s0
elu-tni/000-0_000-0
eob-tni/hen_6s0_hen_1s0
elu-tni/000-0_000-0
eob-tni/hen_6s0_hen_1s0
elu-tni/000-0_000-0
eob-tni/hen_6s0_hen_1s0
elu-tni/000-0_000-0
eob-tni/hen_6s0_hen_1s0
elu-tni/000-0_000-0
eob-tni/hen_6s0_hen_1s0
elu-tni/000-0_000-0
eob-tni/hen_6s0_hen_6s0
elu-tni/000-0_000-0
eob-tni/hen_6s0_hen_6s0
elu-tni/000-0_000-0
eob-tni/hen_6s0_hen_6s0
elu-tni/000-0_000-0
eob-tni/hen_6s0_hen_6s0
elu-tni/000-0_000-0
eob-tni/hen_6s0_hen_6s0
elu-tni/000-0_000-0
eob-tni/hen_6s0_hen_6s0
elu-tni/000-0_000-0
eob-tni/hen_6s0_np3s_np3s_S0
elu-tni/000-0_000-0
eob-tni/hen_6s0_np3s_np3s_S0
elu-tni/000-0_000-0
eob-tni/hen_6s0_np3s_np3s_S0
elu-tni/000-0_000-0
eob-tni/hen_6s0_np3s_np3s_S0
elu-tni/000-0_000-0
eob-tni/hen_6s0_np3s_np3s_S0
elu-tni/000-0_000-0
eob-tni/hen_6s0_np3s_np3s_S0
elu-tni/000-0_000-0
eob-tni/hen_6s0_np3s_np3s_S0
elu-tni/000-0_000-0
eob-tni/hen_6s0_tp_1s0
elu-tni/000-0_000-0
eob-tni/hen_6s0_tp_1s0
elu-tni/000-0_000-0
eob-tni/hen_6s0_tp_1s0
elu-tni/000-0_000-0
eob-tni/hen_6s0_tp_1s0
elu-tni/000-0_000-0
eob-tni/hen_6s0_tp_1s0
elu-tni/000-0_000-0
eob-tni/hen_6s0_tp_1s0
elu-tni/000-0_000-0
eob-tni/hen_6s0_tp_1s0
elu-tni/000-0_000-0
eob-tni/hen_6s0_tp_1s0
elu-tni/000-0_000-0
eob-tni/hen_6s0_tp_1s0
elu-tni/000-0_000-0
eob-tni/hen_6s0_tp_6s0
elu-tni/000-0_000-0
eob-tni/hen_6s0_tp_6s0
elu-tni/000-0_000-0
eob-tni/hen_6s0_tp_6s0
elu-tni/000-0_000-0
eob-tni/hen_6s0_tp_6s0
elu-tni/000-0_000-0
eob-tni/hen_6s0_tp_6s0
elu-tni/000-0_000-0
eob-tni/hen_6s0_tp_6s0
elu-tni/000-0_000-0
eob-tni/hen_6s0_tp_6s0
elu-tni/000-0_000-0
eob-tni/hen_6s0_tp_6s0
elu-tni/000-0_000-0
eob-tni/hen_6s0_tp_6s0
elu-tni/000-0_000-0
eob-tni/hen_6s0_hen_1s0
elu-tni/000-0_000-0
eob-tni/hen_6s0_hen_1s0
elu-tni/000-0_000-0
eob-tni/hen_6s0_hen_1s0
elu-tni/000-0_000-0
eob-tni/hen_6s0_hen_1s0
elu-tni/000-0_000-0
eob-tni/hen_6s0_hen_1s0
elu-tni/000-0_000-0
eob-tni/hen_6s0_hen_1s0
elu-tni/000-0_000-0
eob-tni/hen_6s0_hen_1s0
elu-tni/000-0_000-0
eob-tni/hen_6s0_hen_1s0
elu-tni/000-0_000-0
eob-tni/hen_6s0_hen_1s0
elu-tni/000-0_000-0
eob-tni/hen_6s0_hen_6s0
elu-tni/000-0_000-0
eob-tni/hen_6s0_hen_6s0
elu-tni/000-0_000-0
eob-tni/hen_6s0_hen_6s0
elu-tni/000-0_000-0
eob-tni/hen_6s0_hen_6s0
elu-tni/000-0_000-0
eob-tni/hen_6s0_hen_6s0
elu-tni/000-0_000-0
eob-tni/hen_6s0_hen_6s0
elu-tni/000-0_000-0
eob-tni/hen_6s0_hen_6s0
elu-tni/000-0_000-0
eob-tni/hen_6s0_np3s_np3s_S0
elu-tni/000-0_000-0
eob-tni/hen_6s0_np3s_np3s_S0
elu-tni/000-0_000-0
eob-tni/hen_6s0_np3s_np3s_S0
elu-tni/000-0_000-0
eob-tni/hen_6s0_np3s_np3s_S0
elu-tni/000-0_000-0
eob-tni/hen_6s0_np3s_np3s_S0
elu-tni/000-0_000-0
eob-tni/hen_6s0_np3s_np3s_S0
elu-tni/000-0_000-0
eob-tni/hen_6s0_np3s_np3s_S0
elu-tni/000-0_000-0
eob-tni/hen_6s0_tp_1s0
elu-tni/000-0_000-0
eob-tni/hen_6s0_tp_1s0
elu-tni/000-0_000-0
eob-tni/hen_6s0_tp_1s0
elu-tni/000-0_000-0
eob-tni/hen_6s0_tp_1s0
elu-tni/000-0_000-0
eob-tni/hen_6s0_tp_1s0
elu-tni/000-0_000-0
eob-tni/hen_6s0_tp_1s0
elu-tni/000-0_000-0
eob-tni/hen_6s0_tp_1s0
elu-tni/000-0_000-0
eob-tni/hen_6s0_tp_1s0
elu-tni/000-0_000-0
eob-tni/hen_6s0_tp_1s0
elu-tni/000-0_000-0
eob-tni/hen_6s0_tp_6s0
elu-tni/000-0_000-0
eob-tni/hen_6s0_tp_6s0
elu-tni/000-0_000-0
eob-tni/hen_6s0_tp_6s0
elu-tni/000-0_000-0
eob-tni/hen_6s0_tp_6s0
elu-tni/000-0_000-0
eob-tni/hen_6s0_tp_6s0
elu-tni/000-0_000-0
eob-tni/hen_6s0_tp_6s0
elu-tni/000-0_000-0
eob-tni/hen_6s0_tp_6s0
elu-tni/000-0_000-0
eob-tni/hen_6s0_tp_6s0
elu-tni/000-0_000-0
eob-tni/hen_6s0_tp_6s0
elu-tni/000-0_000-0
eob-tni/hen_6s0_hen_1s0
elu-tni/000-0_000-0
eob-tni/hen_6s0_hen_1s0
elu-tni/000-0_000-0
eob-tni/hen_6s0_hen_1s0
elu-tni/000-0_000-0
eob-tni/hen_6s0_hen_1s0
elu-tni/000-0_000-0
eob-tni/hen_6s0_hen_1s0
elu-tni/000-0_000-0
eob-tni/hen_6s0_hen_1s0
elu-tni/000-0_000-0
eob-tni/hen_6s0_hen_1s0
elu-tni/000-0_000-0
eob-tni/hen_6s0_hen_1s0
elu-tni/000-0_000-0
eob-tni/hen_6s0_hen_1s0
elu-tni/000-0_000-0
eob-tni/hen_6s0_hen_6s0
elu-tni/000-0_000-0
eob-tni/hen_6s0_hen_6s0
elu-tni/000-0_000-0
eob-tni/hen_6s0_hen_6s0
elu-tni/000-0_000-0
eob-tni/hen_6s0_hen_6s0
elu-tni/000-0_000-0
eob-tni/hen_6s0_hen_6s0
elu-tni/000-0_000-0
eob-tni/hen_6s0_hen_6s0
elu-tni/000-0_000-0
eob-tni/hen_6s0_hen_6s0
elu-tni/000-0_000-0
eob-tni/hen_6s0_hen_6s0
elu-tni/000-0_000-0
eob-tni/hen_6s0_np3s_np3s_S0
elu-tni/000-0_000-0
eob-tni/hen_6s0_np3s_np3s_S0
elu-tni/000-0_000-0
eob-tni/hen_6s0_np3s_np3s_S0
elu-tni/000-0_000-0
eob-tni/hen_6s0_np3s_np3s_S0
elu-tni/000-0_000-0
eob-tni/hen_6s0_np3s_np3s_S0
elu-tni/000-0_000-0
eob-tni/hen_6s0_np3s_np3s_S0
elu-tni/000-0_000-0
eob-tni/hen_6s0_np3s_np3s_S0
elu-tni/000-0_000-0
eob-tni/hen_6s0_tp_1s0
elu-tni/000-0_000-0
eob-tni/hen_6s0_tp_1s0
elu-tni/000-0_000-0
eob-tni/hen_6s0_tp_1s0
elu-tni/000-0_000-0
eob-tni/hen_6s0_tp_1s0
elu-tni/000-0_000-0
eob-tni/hen_6s0_tp_1s0
elu-tni/000-0_000-0
eob-tni/hen_6s0_tp_1s0
elu-tni/000-0_000-0
eob-tni/hen_6s0_tp_1s0
elu-tni/000-0_000-0
eob-tni/hen_6s0_tp_1s0
elu-tni/000-0_000-0
eob-tni/hen_6s0_tp_1s0
elu-tni/000-0_000-0
eob-tni/hen_6s0_tp_6s0
elu-tni/000-0_000-0
eob-tni/hen_6s0_tp_6s0
elu-tni/000-0_000-0
eob-tni/hen_6s0_tp_6s0
elu-tni/000-0_000-0
eob-tni/hen_6s0_tp_6s0
elu-tni/000-0_000-0
eob-tni/hen_6s0_tp_6s0
elu-tni/000-0_000-0
eob-tni/hen_6s0_tp_6s0
elu-tni/000-0_000-0
eob-tni/hen_6s0_tp_6s0
elu-tni/000-0_000-0
eob-tni/hen_6s0_tp_6s0
elu-tni/000-0_000-0
eob-tni/hen_6s0_tp_6s0
elu-tni/000-0_000-0
eob-tni/hen_6s0_hen_1s0
elu-tni/000-0_000-0
eob-tni/hen_6s0_hen_1s0
elu-tni/000-0_000-0
eob-tni/hen_6s0_hen_1s0
elu-tni/000-0_000-0
eob-tni/hen_6s0_hen_1s0
elu-tni/000-0_000-0
eob-tni/hen_6s0_hen_1s0
elu-tni/000-0_000-0
eob-tni/hen_6s0_hen_1s0
elu-tni/000-0_000-0
eob-tni/hen_6s0_hen_1s0
elu-tni/000-0_000-0
eob-tni/hen_6s0_hen_1s0
elu-tni/000-0_000-0
eob-tni/hen_6s0_hen_1s0
elu-tni/000-0_000-0
eob-tni/hen_6s0_hen_6s0
elu-tni/000-0_000-0
eob-tni/hen_6s0_hen_6s0
elu-tni/000-0_000-0
eob-tni/hen_6s0_hen_6s0
elu-tni/000-0_000-0
eob-tni/hen_6s0_hen_6s0
elu-tni/000-0_000-0
eob-tni/hen_6s0_hen_6s0
elu-tni/000-0_000-0
eob-tni/hen_6s0_hen_6s0
elu-tni/000-0_000-0
eob-tni/hen_6s0_hen_6s0
elu-tni/000-0_000-0
eob-tni/hen_6s0_hen_6s0
elu-tni/000-0_000-0
eob-tni/hen_6s0_hen_6s0
elu-tni/000-0_000-0
