 10  8  9  3 00  0  0  0  0
nnn_pot
  6                                                            Z1  BVs 1 - 6
  6  8
                                    4.349536    
                                    1.815613    
                                    1.184555    
                                    0.249149    
                                    0.099607    
                                    0.045625    
    6.719675    5.214444    4.058344    1.056671    0.297797    0.280996
    0.065642    0.046371
  1  1
          1.
  1  1
                      1.
  1  1
                                  1.
  1  1
                                              1.
  1  1
                                                          1.
  1  1
                                                                      1.
  6                                                            Z2  BVs 7 - 12
  6  8
                                    9.237497    
                                    3.736289    
                                    1.735525    
                                    1.342098    
                                    1.185882    
                                    0.314451    
   11.554606    8.997157    6.734336    1.552210    1.476880    0.411499
    0.403441    0.079398
  1  1
          1.
  1  1
                      1.
  1  1
                                  1.
  1  1
                                              1.
  1  1
                                                          1.
  1  1
                                                                      1.
eob-tni/t_no1_t_no1
elu-tni/000_000
eob-tni/t_no6_t_no1
elu-tni/000_000
eob-tni/t_no6_t_no6
elu-tni/000_000
