 10  8  9  3 00  0  0  0  0
nnn_pot
  6                                                            Z1  BVs 1 - 6
  6 12
                                    44.191814   
                                    10.210972   
                                    7.601948    
                                    6.622785    
                                    5.125428    
                                    1.989863    
  106.331207   42.511467   15.718184    7.425475    7.181140    2.374680
    1.663963    1.327270    0.486135    0.289038    0.099504    0.064293
  1  1
          1.
  1  1
                      1.
  1  1
                                  1.
  1  1
                                              1.
  1  1
                                                          1.
  1  1
                                                                      1.
  6                                                            Z2  BVs 7 - 12
  6 12
                                    9.223230    
                                    1.981527    
                                    1.642204    
                                    1.004511    
                                    0.203094    
                                    0.202219    
  106.280785   96.491379   15.726026   10.165506    8.268134    1.884998
    1.505776    0.919490    0.471700    0.151359    0.088844    0.064419
  1  1
          1.
  1  1
                      1.
  1  1
                                  1.
  1  1
                                              1.
  1  1
                                                          1.
  1  1
                                                                      1.
  6                                                            Z3  BVs 13 - 18
  6 12
                                    70.995445   
                                    24.212627   
                                    10.731214   
                                    5.740326    
                                    5.727175    
                                    0.385452    
   47.172977   30.533472   10.012557    3.985037    2.849845    2.474829
    0.986261    0.643060    0.350153    0.350151    0.118269    0.118217
  1  1
          1.
  1  1
                      1.
  1  1
                                  1.
  1  1
                                              1.
  1  1
                                                          1.
  1  1
                                                                      1.
  6                                                            Z4  BVs 19 - 24
  6 12
                                    9.461069    
                                    1.934111    
                                    1.090773    
                                    0.507678    
                                    0.085605    
                                    0.033629    
   33.112263   16.055658    9.864647    5.017979    2.462119    1.876235
    1.027766    0.642963    0.635855    0.207615    0.143262    0.060536
  1  1
          1.
  1  1
                      1.
  1  1
                                  1.
  1  1
                                              1.
  1  1
                                                          1.
  1  1
                                                                      1.
eob-tni/t_no1_t_no1
elu-tni/000_000
eob-tni/t_no1_t_no1
elu-tni/000_000
eob-tni/t_no1_t_no1
elu-tni/000_000
eob-tni/t_no6_t_no1
elu-tni/000_000
eob-tni/t_no6_t_no1
elu-tni/000_000
eob-tni/t_no6_t_no6
elu-tni/000_000
eob-tni/t_no6_t_no1
elu-tni/000_000
eob-tni/t_no6_t_no1
elu-tni/000_000
eob-tni/t_no6_t_no6
elu-tni/000_000
eob-tni/t_no6_t_no6
elu-tni/000_000
