 10  8  9  3 00  0  0  0
nn_pot
  8
  8 30
                                                21.698248   21.698248   
                                                21.698248   8.820617    
                                                21.698248   3.434276    
                                                21.698248   2.158642    
                                                21.698248   0.637914    
                                                21.698248   0.160080    
                                                21.698248   0.046185    
                                                21.698248   0.015807    
   31.622777   19.638280   12.195705    7.573739    4.703420    2.920904
    1.813931    1.126482    0.699564    0.434441    0.269795    0.167547
    0.104050    0.064617    0.040128    0.024920    0.015476    0.009611
    0.005968    0.003707    0.002302    0.001429    0.000888    0.000551
    0.000342    0.000213    0.000132    0.000082    0.000051    0.000032
  1  1
          1.

  1  1
                      1.

  1  1
                                  1.

  1  1
                                              1.

  1  1
                                                          1.

  1  1
                                                                      1.

  1  1

          1.
  1  1

                      1.
  8
  8 30
                                                8.820617    21.698248   
                                                8.820617    8.820617    
                                                8.820617    3.434276    
                                                8.820617    2.158642    
                                                8.820617    0.637914    
                                                8.820617    0.160080    
                                                8.820617    0.046185    
                                                8.820617    0.015807    
   31.622777   19.638280   12.195705    7.573739    4.703420    2.920904
    1.813931    1.126482    0.699564    0.434441    0.269795    0.167547
    0.104050    0.064617    0.040128    0.024920    0.015476    0.009611
    0.005968    0.003707    0.002302    0.001429    0.000888    0.000551
    0.000342    0.000213    0.000132    0.000082    0.000051    0.000032
  1  1
          1.

  1  1
                      1.

  1  1
                                  1.

  1  1
                                              1.

  1  1
                                                          1.

  1  1
                                                                      1.

  1  1

          1.
  1  1

                      1.
  8
  8 30
                                                3.434276    21.698248   
                                                3.434276    8.820617    
                                                3.434276    3.434276    
                                                3.434276    2.158642    
                                                3.434276    0.637914    
                                                3.434276    0.160080    
                                                3.434276    0.046185    
                                                3.434276    0.015807    
   31.622777   19.638280   12.195705    7.573739    4.703420    2.920904
    1.813931    1.126482    0.699564    0.434441    0.269795    0.167547
    0.104050    0.064617    0.040128    0.024920    0.015476    0.009611
    0.005968    0.003707    0.002302    0.001429    0.000888    0.000551
    0.000342    0.000213    0.000132    0.000082    0.000051    0.000032
  1  1
          1.

  1  1
                      1.

  1  1
                                  1.

  1  1
                                              1.

  1  1
                                                          1.

  1  1
                                                                      1.

  1  1

          1.
  1  1

                      1.
  8
  8 30
                                                2.158642    21.698248   
                                                2.158642    8.820617    
                                                2.158642    3.434276    
                                                2.158642    2.158642    
                                                2.158642    0.637914    
                                                2.158642    0.160080    
                                                2.158642    0.046185    
                                                2.158642    0.015807    
   31.622777   19.638280   12.195705    7.573739    4.703420    2.920904
    1.813931    1.126482    0.699564    0.434441    0.269795    0.167547
    0.104050    0.064617    0.040128    0.024920    0.015476    0.009611
    0.005968    0.003707    0.002302    0.001429    0.000888    0.000551
    0.000342    0.000213    0.000132    0.000082    0.000051    0.000032
  1  1
          1.

  1  1
                      1.

  1  1
                                  1.

  1  1
                                              1.

  1  1
                                                          1.

  1  1
                                                                      1.

  1  1

          1.
  1  1

                      1.
  8
  8 30
                                                0.637914    21.698248   
                                                0.637914    8.820617    
                                                0.637914    3.434276    
                                                0.637914    2.158642    
                                                0.637914    0.637914    
                                                0.637914    0.160080    
                                                0.637914    0.046185    
                                                0.637914    0.015807    
   31.622777   19.638280   12.195705    7.573739    4.703420    2.920904
    1.813931    1.126482    0.699564    0.434441    0.269795    0.167547
    0.104050    0.064617    0.040128    0.024920    0.015476    0.009611
    0.005968    0.003707    0.002302    0.001429    0.000888    0.000551
    0.000342    0.000213    0.000132    0.000082    0.000051    0.000032
  1  1
          1.

  1  1
                      1.

  1  1
                                  1.

  1  1
                                              1.

  1  1
                                                          1.

  1  1
                                                                      1.

  1  1

          1.
  1  1

                      1.
  8
  8 30
                                                0.160080    21.698248   
                                                0.160080    8.820617    
                                                0.160080    3.434276    
                                                0.160080    2.158642    
                                                0.160080    0.637914    
                                                0.160080    0.160080    
                                                0.160080    0.046185    
                                                0.160080    0.015807    
   31.622777   19.638280   12.195705    7.573739    4.703420    2.920904
    1.813931    1.126482    0.699564    0.434441    0.269795    0.167547
    0.104050    0.064617    0.040128    0.024920    0.015476    0.009611
    0.005968    0.003707    0.002302    0.001429    0.000888    0.000551
    0.000342    0.000213    0.000132    0.000082    0.000051    0.000032
  1  1
          1.

  1  1
                      1.

  1  1
                                  1.

  1  1
                                              1.

  1  1
                                                          1.

  1  1
                                                                      1.

  1  1

          1.
  1  1

                      1.
  8
  8 30
                                                0.046185    21.698248   
                                                0.046185    8.820617    
                                                0.046185    3.434276    
                                                0.046185    2.158642    
                                                0.046185    0.637914    
                                                0.046185    0.160080    
                                                0.046185    0.046185    
                                                0.046185    0.015807    
   31.622777   19.638280   12.195705    7.573739    4.703420    2.920904
    1.813931    1.126482    0.699564    0.434441    0.269795    0.167547
    0.104050    0.064617    0.040128    0.024920    0.015476    0.009611
    0.005968    0.003707    0.002302    0.001429    0.000888    0.000551
    0.000342    0.000213    0.000132    0.000082    0.000051    0.000032
  1  1
          1.

  1  1
                      1.

  1  1
                                  1.

  1  1
                                              1.

  1  1
                                                          1.

  1  1
                                                                      1.

  1  1

          1.
  1  1

                      1.
  8
  8 30
                                                0.015807    21.698248   
                                                0.015807    8.820617    
                                                0.015807    3.434276    
                                                0.015807    2.158642    
                                                0.015807    0.637914    
                                                0.015807    0.160080    
                                                0.015807    0.046185    
                                                0.015807    0.015807    
   31.622777   19.638280   12.195705    7.573739    4.703420    2.920904
    1.813931    1.126482    0.699564    0.434441    0.269795    0.167547
    0.104050    0.064617    0.040128    0.024920    0.015476    0.009611
    0.005968    0.003707    0.002302    0.001429    0.000888    0.000551
    0.000342    0.000213    0.000132    0.000082    0.000051    0.000032
  1  1
          1.

  1  1
                      1.

  1  1
                                  1.

  1  1
                                              1.

  1  1
                                                          1.

  1  1
                                                                      1.

  1  1

          1.
  1  1

                      1.
  8
  8 30
                                                21.698248   21.698248   
                                                21.698248   8.820617    
                                                21.698248   3.434276    
                                                21.698248   2.158642    
                                                21.698248   0.637914    
                                                21.698248   0.160080    
                                                21.698248   0.046185    
                                                21.698248   0.015807    
   31.622777   19.638280   12.195705    7.573739    4.703420    2.920904
    1.813931    1.126482    0.699564    0.434441    0.269795    0.167547
    0.104050    0.064617    0.040128    0.024920    0.015476    0.009611
    0.005968    0.003707    0.002302    0.001429    0.000888    0.000551
    0.000342    0.000213    0.000132    0.000082    0.000051    0.000032
  1  1
          1.

  1  1
                      1.

  1  1
                                  1.

  1  1
                                              1.

  1  1
                                                          1.

  1  1
                                                                      1.

  1  1

          1.
  1  1

                      1.
  8
  8 30
                                                8.820617    8.820617    
                                                8.820617    3.434276    
                                                8.820617    2.158642    
                                                8.820617    0.637914    
                                                8.820617    0.160080    
                                                8.820617    0.046185    
                                                8.820617    0.015807    
                                                3.434276    3.434276    
   31.622777   19.638280   12.195705    7.573739    4.703420    2.920904
    1.813931    1.126482    0.699564    0.434441    0.269795    0.167547
    0.104050    0.064617    0.040128    0.024920    0.015476    0.009611
    0.005968    0.003707    0.002302    0.001429    0.000888    0.000551
    0.000342    0.000213    0.000132    0.000082    0.000051    0.000032
  1  1
          1.

  1  1
                      1.

  1  1
                                  1.

  1  1
                                              1.

  1  1
                                                          1.

  1  1
                                                                      1.

  1  1

          1.
  1  1

                      1.
  8
  8 30
                                                3.434276    2.158642    
                                                3.434276    0.637914    
                                                3.434276    0.160080    
                                                3.434276    0.046185    
                                                3.434276    0.015807    
                                                2.158642    2.158642    
                                                2.158642    0.637914    
                                                2.158642    0.160080    
   31.622777   19.638280   12.195705    7.573739    4.703420    2.920904
    1.813931    1.126482    0.699564    0.434441    0.269795    0.167547
    0.104050    0.064617    0.040128    0.024920    0.015476    0.009611
    0.005968    0.003707    0.002302    0.001429    0.000888    0.000551
    0.000342    0.000213    0.000132    0.000082    0.000051    0.000032
  1  1
          1.

  1  1
                      1.

  1  1
                                  1.

  1  1
                                              1.

  1  1
                                                          1.

  1  1
                                                                      1.

  1  1

          1.
  1  1

                      1.
  8
  8 30
                                                2.158642    0.046185    
                                                2.158642    0.015807    
                                                0.637914    0.637914    
                                                0.637914    0.160080    
                                                0.637914    0.046185    
                                                0.637914    0.015807    
                                                0.160080    0.160080    
                                                0.160080    0.046185    
   31.622777   19.638280   12.195705    7.573739    4.703420    2.920904
    1.813931    1.126482    0.699564    0.434441    0.269795    0.167547
    0.104050    0.064617    0.040128    0.024920    0.015476    0.009611
    0.005968    0.003707    0.002302    0.001429    0.000888    0.000551
    0.000342    0.000213    0.000132    0.000082    0.000051    0.000032
  1  1
          1.

  1  1
                      1.

  1  1
                                  1.

  1  1
                                              1.

  1  1
                                                          1.

  1  1
                                                                      1.

  1  1

          1.
  1  1

                      1.
  4
  4 30
                                                0.160080    0.015807    
                                                0.046185    0.046185    
                                                0.046185    0.015807    
                                                0.015807    0.015807    
   31.622777   19.638280   12.195705    7.573739    4.703420    2.920904
    1.813931    1.126482    0.699564    0.434441    0.269795    0.167547
    0.104050    0.064617    0.040128    0.024920    0.015476    0.009611
    0.005968    0.003707    0.002302    0.001429    0.000888    0.000551
    0.000342    0.000213    0.000132    0.000082    0.000051    0.000032
  1  1
          1.
  1  1
                      1.
  1  1
                                  1.
  1  1
                                              1.
  8
  8 30
                                                21.698248   21.698248   
                                                21.698248   8.820617    
                                                21.698248   3.434276    
                                                21.698248   2.158642    
                                                21.698248   0.637914    
                                                21.698248   0.160080    
                                                21.698248   0.046185    
                                                21.698248   0.015807    
   31.622777   19.638280   12.195705    7.573739    4.703420    2.920904
    1.813931    1.126482    0.699564    0.434441    0.269795    0.167547
    0.104050    0.064617    0.040128    0.024920    0.015476    0.009611
    0.005968    0.003707    0.002302    0.001429    0.000888    0.000551
    0.000342    0.000213    0.000132    0.000082    0.000051    0.000032
  1  1
          1.

  1  1
                      1.

  1  1
                                  1.

  1  1
                                              1.

  1  1
                                                          1.

  1  1
                                                                      1.

  1  1

          1.
  1  1

                      1.
  8
  8 30
                                                8.820617    8.820617    
                                                8.820617    3.434276    
                                                8.820617    2.158642    
                                                8.820617    0.637914    
                                                8.820617    0.160080    
                                                8.820617    0.046185    
                                                8.820617    0.015807    
                                                3.434276    3.434276    
   31.622777   19.638280   12.195705    7.573739    4.703420    2.920904
    1.813931    1.126482    0.699564    0.434441    0.269795    0.167547
    0.104050    0.064617    0.040128    0.024920    0.015476    0.009611
    0.005968    0.003707    0.002302    0.001429    0.000888    0.000551
    0.000342    0.000213    0.000132    0.000082    0.000051    0.000032
  1  1
          1.

  1  1
                      1.

  1  1
                                  1.

  1  1
                                              1.

  1  1
                                                          1.

  1  1
                                                                      1.

  1  1

          1.
  1  1

                      1.
  8
  8 30
                                                3.434276    2.158642    
                                                3.434276    0.637914    
                                                3.434276    0.160080    
                                                3.434276    0.046185    
                                                3.434276    0.015807    
                                                2.158642    2.158642    
                                                2.158642    0.637914    
                                                2.158642    0.160080    
   31.622777   19.638280   12.195705    7.573739    4.703420    2.920904
    1.813931    1.126482    0.699564    0.434441    0.269795    0.167547
    0.104050    0.064617    0.040128    0.024920    0.015476    0.009611
    0.005968    0.003707    0.002302    0.001429    0.000888    0.000551
    0.000342    0.000213    0.000132    0.000082    0.000051    0.000032
  1  1
          1.

  1  1
                      1.

  1  1
                                  1.

  1  1
                                              1.

  1  1
                                                          1.

  1  1
                                                                      1.

  1  1

          1.
  1  1

                      1.
  8
  8 30
                                                2.158642    0.046185    
                                                2.158642    0.015807    
                                                0.637914    0.637914    
                                                0.637914    0.160080    
                                                0.637914    0.046185    
                                                0.637914    0.015807    
                                                0.160080    0.160080    
                                                0.160080    0.046185    
   31.622777   19.638280   12.195705    7.573739    4.703420    2.920904
    1.813931    1.126482    0.699564    0.434441    0.269795    0.167547
    0.104050    0.064617    0.040128    0.024920    0.015476    0.009611
    0.005968    0.003707    0.002302    0.001429    0.000888    0.000551
    0.000342    0.000213    0.000132    0.000082    0.000051    0.000032
  1  1
          1.

  1  1
                      1.

  1  1
                                  1.

  1  1
                                              1.

  1  1
                                                          1.

  1  1
                                                                      1.

  1  1

          1.
  1  1

                      1.
  4
  4 30
                                                0.160080    0.015807    
                                                0.046185    0.046185    
                                                0.046185    0.015807    
                                                0.015807    0.015807    
   31.622777   19.638280   12.195705    7.573739    4.703420    2.920904
    1.813931    1.126482    0.699564    0.434441    0.269795    0.167547
    0.104050    0.064617    0.040128    0.024920    0.015476    0.009611
    0.005968    0.003707    0.002302    0.001429    0.000888    0.000551
    0.000342    0.000213    0.000132    0.000082    0.000051    0.000032
  1  1
          1.
  1  1
                      1.
  1  1
                                  1.
  1  1
                                              1.
  8
  8 30
                                                25.418715   6.432488    
                                                25.418715   0.952021    
                                                25.418715   0.282446    
                                                25.418715   0.070799    
                                                14.706948   6.432488    
                                                14.706948   0.952021    
                                                14.706948   0.282446    
                                                14.706948   0.070799    
   31.622777   19.638280   12.195705    7.573739    4.703420    2.920904
    1.813931    1.126482    0.699564    0.434441    0.269795    0.167547
    0.104050    0.064617    0.040128    0.024920    0.015476    0.009611
    0.005968    0.003707    0.002302    0.001429    0.000888    0.000551
    0.000342    0.000213    0.000132    0.000082    0.000051    0.000032
  1  1
          1.

  1  1
                      1.

  1  1
                                  1.

  1  1
                                              1.

  1  1
                                                          1.

  1  1
                                                                      1.

  1  1

          1.
  1  1

                      1.
  8
  8 30
                                                6.868523    6.432488    
                                                6.868523    0.952021    
                                                6.868523    0.282446    
                                                6.868523    0.070799    
                                                2.869288    6.432488    
                                                2.869288    0.952021    
                                                2.869288    0.282446    
                                                2.869288    0.070799    
   31.622777   19.638280   12.195705    7.573739    4.703420    2.920904
    1.813931    1.126482    0.699564    0.434441    0.269795    0.167547
    0.104050    0.064617    0.040128    0.024920    0.015476    0.009611
    0.005968    0.003707    0.002302    0.001429    0.000888    0.000551
    0.000342    0.000213    0.000132    0.000082    0.000051    0.000032
  1  1
          1.

  1  1
                      1.

  1  1
                                  1.

  1  1
                                              1.

  1  1
                                                          1.

  1  1
                                                                      1.

  1  1

          1.
  1  1

                      1.
  8
  8 30
                                                2.619384    6.432488    
                                                2.619384    0.952021    
                                                2.619384    0.282446    
                                                2.619384    0.070799    
                                                0.468626    6.432488    
                                                0.468626    0.952021    
                                                0.468626    0.282446    
                                                0.468626    0.070799    
   31.622777   19.638280   12.195705    7.573739    4.703420    2.920904
    1.813931    1.126482    0.699564    0.434441    0.269795    0.167547
    0.104050    0.064617    0.040128    0.024920    0.015476    0.009611
    0.005968    0.003707    0.002302    0.001429    0.000888    0.000551
    0.000342    0.000213    0.000132    0.000082    0.000051    0.000032
  1  1
          1.

  1  1
                      1.

  1  1
                                  1.

  1  1
                                              1.

  1  1
                                                          1.

  1  1
                                                                      1.

  1  1

          1.
  1  1

                      1.
  8
  8 30
                                                0.437439    6.432488    
                                                0.437439    0.952021    
                                                0.437439    0.282446    
                                                0.437439    0.070799    
                                                0.424003    6.432488    
                                                0.424003    0.952021    
                                                0.424003    0.282446    
                                                0.424003    0.070799    
   31.622777   19.638280   12.195705    7.573739    4.703420    2.920904
    1.813931    1.126482    0.699564    0.434441    0.269795    0.167547
    0.104050    0.064617    0.040128    0.024920    0.015476    0.009611
    0.005968    0.003707    0.002302    0.001429    0.000888    0.000551
    0.000342    0.000213    0.000132    0.000082    0.000051    0.000032
  1  1
          1.

  1  1
                      1.

  1  1
                                  1.

  1  1
                                              1.

  1  1
                                                          1.

  1  1
                                                                      1.

  1  1

          1.
  1  1

                      1.
  8
  8 30
                                                29.982178   5.198848    
                                                29.982178   1.028969    
                                                29.982178   0.270747    
                                                29.982178   0.068816    
                                                14.101346   5.198848    
                                                14.101346   1.028969    
                                                14.101346   0.270747    
                                                14.101346   0.068816    
   31.622777   19.638280   12.195705    7.573739    4.703420    2.920904
    1.813931    1.126482    0.699564    0.434441    0.269795    0.167547
    0.104050    0.064617    0.040128    0.024920    0.015476    0.009611
    0.005968    0.003707    0.002302    0.001429    0.000888    0.000551
    0.000342    0.000213    0.000132    0.000082    0.000051    0.000032
  1  1
          1.

  1  1
                      1.

  1  1
                                  1.

  1  1
                                              1.

  1  1
                                                          1.

  1  1
                                                                      1.

  1  1

          1.
  1  1

                      1.
  8
  8 30
                                                7.122957    5.198848    
                                                7.122957    1.028969    
                                                7.122957    0.270747    
                                                7.122957    0.068816    
                                                5.210248    5.198848    
                                                5.210248    1.028969    
                                                5.210248    0.270747    
                                                5.210248    0.068816    
   31.622777   19.638280   12.195705    7.573739    4.703420    2.920904
    1.813931    1.126482    0.699564    0.434441    0.269795    0.167547
    0.104050    0.064617    0.040128    0.024920    0.015476    0.009611
    0.005968    0.003707    0.002302    0.001429    0.000888    0.000551
    0.000342    0.000213    0.000132    0.000082    0.000051    0.000032
  1  1
          1.

  1  1
                      1.

  1  1
                                  1.

  1  1
                                              1.

  1  1
                                                          1.

  1  1
                                                                      1.

  1  1

          1.
  1  1

                      1.
  8
  8 30
                                                1.593015    5.198848    
                                                1.593015    1.028969    
                                                1.593015    0.270747    
                                                1.593015    0.068816    
                                                0.493026    5.198848    
                                                0.493026    1.028969    
                                                0.493026    0.270747    
                                                0.493026    0.068816    
   31.622777   19.638280   12.195705    7.573739    4.703420    2.920904
    1.813931    1.126482    0.699564    0.434441    0.269795    0.167547
    0.104050    0.064617    0.040128    0.024920    0.015476    0.009611
    0.005968    0.003707    0.002302    0.001429    0.000888    0.000551
    0.000342    0.000213    0.000132    0.000082    0.000051    0.000032
  1  1
          1.

  1  1
                      1.

  1  1
                                  1.

  1  1
                                              1.

  1  1
                                                          1.

  1  1
                                                                      1.

  1  1

          1.
  1  1

                      1.
  8
  8 30
                                                0.121786    5.198848    
                                                0.121786    1.028969    
                                                0.121786    0.270747    
                                                0.121786    0.068816    
                                                0.053696    5.198848    
                                                0.053696    1.028969    
                                                0.053696    0.270747    
                                                0.053696    0.068816    
   31.622777   19.638280   12.195705    7.573739    4.703420    2.920904
    1.813931    1.126482    0.699564    0.434441    0.269795    0.167547
    0.104050    0.064617    0.040128    0.024920    0.015476    0.009611
    0.005968    0.003707    0.002302    0.001429    0.000888    0.000551
    0.000342    0.000213    0.000132    0.000082    0.000051    0.000032
  1  1
          1.

  1  1
                      1.

  1  1
                                  1.

  1  1
                                              1.

  1  1
                                                          1.

  1  1
                                                                      1.

  1  1

          1.
  1  1

                      1.
  8
  8 30
                                                25.418715   6.432488    
                                                25.418715   0.952021    
                                                25.418715   0.282446    
                                                25.418715   0.070799    
                                                14.706948   6.432488    
                                                14.706948   0.952021    
                                                14.706948   0.282446    
                                                14.706948   0.070799    
   31.622777   19.638280   12.195705    7.573739    4.703420    2.920904
    1.813931    1.126482    0.699564    0.434441    0.269795    0.167547
    0.104050    0.064617    0.040128    0.024920    0.015476    0.009611
    0.005968    0.003707    0.002302    0.001429    0.000888    0.000551
    0.000342    0.000213    0.000132    0.000082    0.000051    0.000032
  1  1
          1.

  1  1
                      1.

  1  1
                                  1.

  1  1
                                              1.

  1  1
                                                          1.

  1  1
                                                                      1.

  1  1

          1.
  1  1

                      1.
  8
  8 30
                                                6.868523    6.432488    
                                                6.868523    0.952021    
                                                6.868523    0.282446    
                                                6.868523    0.070799    
                                                2.869288    6.432488    
                                                2.869288    0.952021    
                                                2.869288    0.282446    
                                                2.869288    0.070799    
   31.622777   19.638280   12.195705    7.573739    4.703420    2.920904
    1.813931    1.126482    0.699564    0.434441    0.269795    0.167547
    0.104050    0.064617    0.040128    0.024920    0.015476    0.009611
    0.005968    0.003707    0.002302    0.001429    0.000888    0.000551
    0.000342    0.000213    0.000132    0.000082    0.000051    0.000032
  1  1
          1.

  1  1
                      1.

  1  1
                                  1.

  1  1
                                              1.

  1  1
                                                          1.

  1  1
                                                                      1.

  1  1

          1.
  1  1

                      1.
  8
  8 30
                                                2.619384    6.432488    
                                                2.619384    0.952021    
                                                2.619384    0.282446    
                                                2.619384    0.070799    
                                                0.468626    6.432488    
                                                0.468626    0.952021    
                                                0.468626    0.282446    
                                                0.468626    0.070799    
   31.622777   19.638280   12.195705    7.573739    4.703420    2.920904
    1.813931    1.126482    0.699564    0.434441    0.269795    0.167547
    0.104050    0.064617    0.040128    0.024920    0.015476    0.009611
    0.005968    0.003707    0.002302    0.001429    0.000888    0.000551
    0.000342    0.000213    0.000132    0.000082    0.000051    0.000032
  1  1
          1.

  1  1
                      1.

  1  1
                                  1.

  1  1
                                              1.

  1  1
                                                          1.

  1  1
                                                                      1.

  1  1

          1.
  1  1

                      1.
  8
  8 30
                                                0.437439    6.432488    
                                                0.437439    0.952021    
                                                0.437439    0.282446    
                                                0.437439    0.070799    
                                                0.424003    6.432488    
                                                0.424003    0.952021    
                                                0.424003    0.282446    
                                                0.424003    0.070799    
   31.622777   19.638280   12.195705    7.573739    4.703420    2.920904
    1.813931    1.126482    0.699564    0.434441    0.269795    0.167547
    0.104050    0.064617    0.040128    0.024920    0.015476    0.009611
    0.005968    0.003707    0.002302    0.001429    0.000888    0.000551
    0.000342    0.000213    0.000132    0.000082    0.000051    0.000032
  1  1
          1.

  1  1
                      1.

  1  1
                                  1.

  1  1
                                              1.

  1  1
                                                          1.

  1  1
                                                                      1.

  1  1

          1.
  1  1

                      1.
  8
  8 30
                                                29.982178   5.198848    
                                                29.982178   1.028969    
                                                29.982178   0.270747    
                                                29.982178   0.068816    
                                                14.101346   5.198848    
                                                14.101346   1.028969    
                                                14.101346   0.270747    
                                                14.101346   0.068816    
   31.622777   19.638280   12.195705    7.573739    4.703420    2.920904
    1.813931    1.126482    0.699564    0.434441    0.269795    0.167547
    0.104050    0.064617    0.040128    0.024920    0.015476    0.009611
    0.005968    0.003707    0.002302    0.001429    0.000888    0.000551
    0.000342    0.000213    0.000132    0.000082    0.000051    0.000032
  1  1
          1.

  1  1
                      1.

  1  1
                                  1.

  1  1
                                              1.

  1  1
                                                          1.

  1  1
                                                                      1.

  1  1

          1.
  1  1

                      1.
  8
  8 30
                                                7.122957    5.198848    
                                                7.122957    1.028969    
                                                7.122957    0.270747    
                                                7.122957    0.068816    
                                                5.210248    5.198848    
                                                5.210248    1.028969    
                                                5.210248    0.270747    
                                                5.210248    0.068816    
   31.622777   19.638280   12.195705    7.573739    4.703420    2.920904
    1.813931    1.126482    0.699564    0.434441    0.269795    0.167547
    0.104050    0.064617    0.040128    0.024920    0.015476    0.009611
    0.005968    0.003707    0.002302    0.001429    0.000888    0.000551
    0.000342    0.000213    0.000132    0.000082    0.000051    0.000032
  1  1
          1.

  1  1
                      1.

  1  1
                                  1.

  1  1
                                              1.

  1  1
                                                          1.

  1  1
                                                                      1.

  1  1

          1.
  1  1

                      1.
  8
  8 30
                                                1.593015    5.198848    
                                                1.593015    1.028969    
                                                1.593015    0.270747    
                                                1.593015    0.068816    
                                                0.493026    5.198848    
                                                0.493026    1.028969    
                                                0.493026    0.270747    
                                                0.493026    0.068816    
   31.622777   19.638280   12.195705    7.573739    4.703420    2.920904
    1.813931    1.126482    0.699564    0.434441    0.269795    0.167547
    0.104050    0.064617    0.040128    0.024920    0.015476    0.009611
    0.005968    0.003707    0.002302    0.001429    0.000888    0.000551
    0.000342    0.000213    0.000132    0.000082    0.000051    0.000032
  1  1
          1.

  1  1
                      1.

  1  1
                                  1.

  1  1
                                              1.

  1  1
                                                          1.

  1  1
                                                                      1.

  1  1

          1.
  1  1

                      1.
  8
  8 30
                                                0.121786    5.198848    
                                                0.121786    1.028969    
                                                0.121786    0.270747    
                                                0.121786    0.068816    
                                                0.053696    5.198848    
                                                0.053696    1.028969    
                                                0.053696    0.270747    
                                                0.053696    0.068816    
   31.622777   19.638280   12.195705    7.573739    4.703420    2.920904
    1.813931    1.126482    0.699564    0.434441    0.269795    0.167547
    0.104050    0.064617    0.040128    0.024920    0.015476    0.009611
    0.005968    0.003707    0.002302    0.001429    0.000888    0.000551
    0.000342    0.000213    0.000132    0.000082    0.000051    0.000032
  1  1
          1.

  1  1
                      1.

  1  1
                                  1.

  1  1
                                              1.

  1  1
                                                          1.

  1  1
                                                                      1.

  1  1

          1.
  1  1

                      1.
