 10  8  9  3 00  0  0  0  0
/home/johannesk/kette_repo/limit_cycles/src_python/../systems/2np1s/7.00/nnn_pot
  8                                                            Z1  BVs 1 - 8
  8  8
                                    14.692380   
                                    10.565028   
                                    9.592837    
                                    6.636265    
                                    1.871837    
                                    1.622601    
                                    0.245086    
                                    0.041903    
    4.548302    3.513546    2.817204    2.622822    0.418429    0.364233
    0.068047    0.067621
  1  1
          1.

  1  1
                      1.

  1  1
                                  1.

  1  1
                                              1.

  1  1
                                                          1.

  1  1
                                                                      1.

  1  1

          1.
  1  1

                      1.
  8                                                            Z2  BVs 9 - 16
  8  8
                                    18.855768   
                                    15.532508   
                                    8.199622    
                                    3.604842    
                                    1.976505    
                                    0.337782    
                                    0.062391    
                                    0.059702    
   12.961362    5.472572    2.776359    1.881791    1.796853    0.523424
    0.300764    0.093627
  1  1
          1.

  1  1
                      1.

  1  1
                                  1.

  1  1
                                              1.

  1  1
                                                          1.

  1  1
                                                                      1.

  1  1

          1.
  1  1

                      1.
eob-tni/t_no1_t_no1
elu-tni/000_000
eob-tni/t_no6_t_no1
elu-tni/000_000
eob-tni/t_no6_t_no6
elu-tni/000_000
