 10  8  9  3 00  0  0  0  0
nnn_pot
  8                                                            Z1  BVs 1 - 8
  8  8
                                    11.277515   
                                    9.314403    
                                    8.848849    
                                    6.807373    
                                    1.658065    
                                    0.750908    
                                    0.039940    
                                    0.019970    
   19.623960    5.294981    3.703055    0.806248    0.529118    0.113060
    0.108505    0.014648
  1  1
          1.

  1  1
                      1.

  1  1
                                  1.

  1  1
                                              1.

  1  1
                                                          1.

  1  1
                                                                      1.

  1  1

          1.
  1  1

                      1.
  8                                                            Z2  BVs 9 - 16
  8  8
                                    11.793882   
                                    11.542544   
                                    5.522298    
                                    1.716360    
                                    0.877600    
                                    0.260800    
                                    0.078118    
                                    0.009266    
    9.484500    9.022799    7.950678    0.772947    0.471435    0.338653
    0.088555    0.084663
  1  1
          1.

  1  1
                      1.

  1  1
                                  1.

  1  1
                                              1.

  1  1
                                                          1.

  1  1
                                                                      1.

  1  1

          1.
  1  1

                      1.
eob-tni/t_no1_t_no1
elu-tni/000_000
eob-tni/t_no6_t_no1
elu-tni/000_000
eob-tni/t_no6_t_no6
elu-tni/000_000
