 10  8  9  3 00  0  0  0  0
nnn_pot
  8                                                            Z1  BVs 1 - 8
  8 10
                                                7.010702    0.056253    
                                                15.694968   0.543801    
                                                7.126483    25.131348   
                                                13.301754   10.957426   
                                                0.546290    0.642357    
                                                0.050256    9.654124    
                                                0.166398    6.346428    
                                                3.444030    1.769908    
   21.357075    8.028016    2.238575    1.244552    0.558210    0.177898
    0.043839    0.039628    0.011770    0.003575
  1  1
          1.

  1  1
                      1.

  1  1
                                  1.

  1  1
                                              1.

  1  1
                                                          1.

  1  1
                                                                      1.

  1  1

          1.
  1  1

                      1.
  4                                                            Z2  BVs 9 - 12
  4 10
                                                10.098933   0.954880    
                                                0.209117    0.056239    
                                                17.748060   9.690226    
                                                5.590655    0.587565    
   10.381701    0.762936   14.891647    1.244552    0.530876    0.135291
    0.043842    0.039872    0.011946    0.003686
  1  1
          1.
  1  1
                      1.
  1  1
                                  1.
  1  1
                                              1.
  8                                                            Z3  BVs 13 - 20
  8 10
                                                6.405536    4.160908    
                                                8.636723    0.642784    
                                                4.045529    0.572978    
                                                21.410639   4.291833    
                                                2.397915    1.303254    
                                                0.051134    5.852404    
                                                37.366669   0.009859    
                                                1.855308    10.083426   
    8.928162    7.021232    3.667498    0.419292    0.154750    0.112108
    0.092971    0.056770    0.016182    0.004387
  1  1
          1.

  1  1
                      1.

  1  1
                                  1.

  1  1
                                              1.

  1  1
                                                          1.

  1  1
                                                                      1.

  1  1

          1.
  1  1

                      1.
  4                                                            Z4  BVs 21 - 24
  4 10
                                                1.998135    0.458781    
                                                4.637650    6.084015    
                                                6.964655    8.680066    
                                                0.086023    0.553328    
    9.928041    5.073798    0.586064    1.415447    0.132014    0.123377
    0.093275    0.019328    0.013573    1.456303
  1  1
          1.
  1  1
                      1.
  1  1
                                  1.
  1  1
                                              1.
eob-tni/np3s_np3s_12-34_np3s_np3s_12-34
elu-tni/000-0_000-0
eob-tni/np3s_np3s_12-34_np3s_np3s_12-34
elu-tni/000-0_000-0
eob-tni/np3s_np3s_12-34_np3s_np3s_12-34
elu-tni/000-0_000-0
eob-tni/tp_123-4_np3s_np3s_12-34
elu-tni/000-0_000-0
eob-tni/tp_123-4_np3s_np3s_12-34
elu-tni/000-0_000-0
eob-tni/tp_123-4_tp_123-4
elu-tni/000-0_000-0
eob-tni/tp_123-4_np3s_np3s_12-34
elu-tni/000-0_000-0
eob-tni/tp_123-4_np3s_np3s_12-34
elu-tni/000-0_000-0
eob-tni/tp_123-4_tp_123-4
elu-tni/000-0_000-0
eob-tni/tp_123-4_tp_123-4
elu-tni/000-0_000-0
