 11  2 12 31  1  1 +2  0  0 -1
  1  1  1  1  0  0  0  0  0  0  0  0  0  0  1  1
   0.0000000   1.0000000   1.0000000   1.0000000   1.0000000   1.0000000   1.0000000
   1.0000000   1.0000000   1.0000000   1.0000000   1.0000000   1.0000000   1.0000000
   1.0000000   1.0000000   1.0000000   1.0000000   1.0000000   1.0000000   1.0000000
   1.0000000   1.0000000   1.0000000   1.0000000   1.0000000   1.0000000   1.0000000
   1.0000000   1.0000000
   0 114   0   0   0   1
 164
-0.854911500        
-2.734582000        
-3.726735000        
-0.160931300        
4.214233000         
0.400654000         
1.493246000         
-0.079696070        
-4.473194000        
0.478909200         
-1.215218000        
0.203973800         
1.059811000         
-0.867967200        
-0.443968600        
-0.186115000        
-1.128115000        
-16.328010000       
-68.926670000       
0.078859560         
1.101930000         
16.921690000        
71.193000000        
-0.106518700        
-0.001002229        
-0.031121990        
-0.133316300        
-0.001430085        
0.000152114         
0.004413490         
0.012099380         
0.000386340         
1.382764000         
-0.695659100        
-0.026852790        
0.000394029         
-0.282643800        
8.908817000         
0.234277300         
-0.001821239        
0.755959300         
-4.351392000        
-0.131378100        
0.001305594         
-0.004876392        
0.792003100         
0.052305470         
-0.000180219        
-0.016365410        
-3.243616000        
0.009093844         
-0.000014867        
0.002406702         
0.143442500         
-0.001601723        
-0.000002146        
-0.000372074        
-0.012344020        
-0.000201034        
0.000000196         
0.000009940         
0.000020305         
-0.000000561        
0.000000017         
0.285596657         
1.162999021         
0.655381803         
0.318023619         
0.158010018         
-0.007608537        
0.077077229         
0.020830092         
1.183983328         
1.334414069         
0.647523611         
0.321722072         
-0.015491641        
0.156935908         
0.042411871         
0.375989439         
0.364897290         
0.181299200         
-0.008729964        
0.088437682         
0.023900251         
0.088533093         
0.087975326         
-0.004236210        
0.042914331         
0.011597582         
0.021855268         
-0.002104761        
0.021321983         
0.005762258         
0.000050674         
-0.001026701        
-0.000277466        
0.005200428         
0.002810827         
0.000379813         
0.086869580         
0.255415200         
0.430880500         
0.064460580         
-0.448457900        
0.209245400         
-0.635917700        
0.123781800         
0.483006600         
-0.420463300        
0.738457200         
-0.204630900        
-0.117020100        
0.237592900         
-0.159746600        
0.119885600         
0.110889200         
1.370205000         
14.034280000        
-0.427621400        
-0.108117300        
-1.456617000        
-14.598450000       
0.440322100         
0.000092927         
0.002832428         
0.014824660         
0.005007054         
-0.000012188        
-0.000280549        
-0.000830428        
-0.000232276        
-0.139098500        
0.088710940         
-0.000514085        
-0.005911887        
0.000844419         
-1.051089000        
-0.087381470        
0.005833737         
-0.052598420        
0.610374800         
0.024641070         
-0.011948290        
0.002068546         
-0.102899300        
-0.030019340        
-0.004376409        
0.001495832         
0.711279900         
-0.012169700        
-0.002344447        
-0.000217809        
-0.015306640        
-0.003979790        
-0.001111331        
0.000028278         
0.000792023         
0.000132911         
-0.000435743        
-0.000001056        
0.000000705         
0.000001270         
-0.000030303        
  1  1  0
  64  37  38  39  40  41  42  43  44  45  46  47  48  49  50  51  52  53  54  55
  56  57  58  59  60  61  62  63  64  65  66  67  68  69  70  71  72  73  74  75
  76  77  78  79  80  81  82  83  84  85  86  87  88  89  90  91  92  93  94  95
  96  97  98  99 100
   1   2   3   4   5   6   7   8   9  10  11  12  13  14  15  16  17  18  19  20
  21  22  23  24  25  26  27  28  29  30  31  32  33  34  35  36  37  38  39  40
  41  42  43  44  45  46  47  48  49  50  51  52  53  54  55  56  57  58  59  60
  61  62  63  64
  1  1  1  1  1  1  1  1  1  1  1  1  1  1  1  1  1  1  1  1
  2  2  0
  36   1   2   3   4   5   6   7   8   9  10  11  12  13  14  15  16  17  18  19
  20  21  22  23  24  25  26  27  28  29  30  31  32  33  34  35  36
  65  66  67  68  69  70  71  72  73  74  75  76  77  78  79  80  81  82  83  84
  85  86  87  88  89  90  91  92  93  94  95  96  97  98  99 100
  1  1  1  1  1  1  1  1  1  1  1  1  1  1  1  1  1  1  1  1
  1  1  0
  64  37  38  39  40  41  42  43  44  45  46  47  48  49  50  51  52  53  54  55
  56  57  58  59  60  61  62  63  64  65  66  67  68  69  70  71  72  73  74  75
  76  77  78  79  80  81  82  83  84  85  86  87  88  89  90  91  92  93  94  95
  96  97  98  99 100
 101 102 103 104 105 106 107 108 109 110 111 112 113 114 115 116 117 118 119 120
 121 122 123 124 125 126 127 128 129 130 131 132 133 134 135 136 137 138 139 140
 141 142 143 144 145 146 147 148 149 150 151 152 153 154 155 156 157 158 159 160
 161 162 163 164
  1  1  1  1  1  1  1  1  1  1  1  1  1  1  1  1  1  1  1  1
  1  1  0 -1
   1  37
142 
  1  0  1  0  1  0  1  0  1  0  0
  1  1  0
   1  38
81  
  1  0  1  0  1  0  1  0  1  0  0
  1  1  0
   1  39
46  
  1  0  1  0  1  0  1  0  1  0  0
  1  1  0
   1  40
114 
  1  0  1  0  1  0  1  0  1  0  0
  1  1  0
   1  41
106 
  1  0  1  0  1  0  1  0  1  0  0
  1  1  0
   1  42
43  
  1  0  1  0  1  0  1  0  1  0  0
  1  1  0
   1  43
3   
  1  0  1  0  1  0  1  0  1  0  0
  1  1  0
   1  44
74  
  1  0  1  0  1  0  1  0  1  0  0
  1  1  0
   1  45
80  
  1  0  1  0  1  0  1  0  1  0  0
  1  1  0
   1  46
119 
  1  0  1  0  1  0  1  0  1  0  0
  1  1  0
   1  47
68  
  1  0  1  0  1  0  1  0  1  0  0
  1  1  0
   1  48
37  
  1  0  1  0  1  0  1  0  1  0  0
  1  1  0
   1  49
133 
  1  0  1  0  1  0  1  0  1  0  0
  1  1  0
   1  50
76  
  1  0  1  0  1  0  1  0  1  0  0
  1  1  0
   1  51
105 
  1  0  1  0  1  0  1  0  1  0  0
  1  1  0
   1  52
2   
  1  0  1  0  1  0  1  0  1  0  0
  1  1  0
   1  53
107 
  1  0  1  0  1  0  1  0  1  0  0
  1  1  0
   1  54
150 
  1  0  1  0  1  0  1  0  1  0  0
  1  1  0
   1  55
12  
  1  0  1  0  1  0  1  0  1  0  0
  1  1  0
   1  56
78  
  1  0  1  0  1  0  1  0  1  0  0
  1  1  0
   1  57
146 
  1  0  1  0  1  0  1  0  1  0  0
  1  1  0
   1  58
122 
  1  0  1  0  1  0  1  0  1  0  0
  1  1  0
   1  59
78  
  1  0  1  0  1  0  1  0  1  0  0
  1  1  0
   1  60
33  
  1  0  1  0  1  0  1  0  1  0  0
  1  1  0
   1  61
17  
  1  0  1  0  1  0  1  0  1  0  0
  1  1  0
   1  62
66  
  1  0  1  0  1  0  1  0  1  0  0
  1  1  0
   1  63
133 
  1  0  1  0  1  0  1  0  1  0  0
  1  1  0
   1  64
110 
  1  0  1  0  1  0  1  0  1  0  0
  1  1  0
   1  65
66  
  1  0  1  0  1  0  1  0  1  0  0
  1  1  0
   1  66
68  
  1  0  1  0  1  0  1  0  1  0  0
  1  1  0
   1  67
80  
  1  0  1  0  1  0  1  0  1  0  0
  1  1  0
   1  68
33  
  1  0  1  0  1  0  1  0  1  0  0
  1  1  0
   1  69
2   
  1  0  1  0  1  0  1  0  1  0  0
  1  1  0
   1  70
116 
  1  0  1  0  1  0  1  0  1  0  0
  1  1  0
   1  71
3   
  1  0  1  0  1  0  1  0  1  0  0
  1  1  0
   1  72
13  
  1  0  1  0  1  0  1  0  1  0  0
  1  1  0
   1  73
112 
  1  0  1  0  1  0  1  0  1  0  0
  1  1  0
   1  74
108 
  1  0  1  0  1  0  1  0  1  0  0
  1  1  0
   1  75
105 
  1  0  1  0  1  0  1  0  1  0  0
  1  1  0
   1  76
11  
  1  0  1  0  1  0  1  0  1  0  0
  1  1  0
   1  77
42  
  1  0  1  0  1  0  1  0  1  0  0
  1  1  0
   1  78
6   
  1  0  1  0  1  0  1  0  1  0  0
  1  1  0
   1  79
38  
  1  0  1  0  1  0  1  0  1  0  0
  1  1  0
   1  80
102 
  1  0  1  0  1  0  1  0  1  0  0
  1  1  0
   1  81
109 
  1  0  1  0  1  0  1  0  1  0  0
  1  1  0
   1  82
18  
  1  0  1  0  1  0  1  0  1  0  0
  1  1  0
   1  83
142 
  1  0  1  0  1  0  1  0  1  0  0
  1  1  0
   1  84
50  
  1  0  1  0  1  0  1  0  1  0  0
  1  1  0
   1  85
3   
  1  0  1  0  1  0  1  0  1  0  0
  1  1  0
   1  86
119 
  1  0  1  0  1  0  1  0  1  0  0
  1  1  0
   1  87
80  
  1  0  1  0  1  0  1  0  1  0  0
  1  1  0
   1  88
66  
  1  0  1  0  1  0  1  0  1  0  0
  1  1  0
   1  89
21  
  1  0  1  0  1  0  1  0  1  0  0
  1  1  0
   1  90
69  
  1  0  1  0  1  0  1  0  1  0  0
  1  1  0
   1  91
21  
  1  0  1  0  1  0  1  0  1  0  0
  1  1  0
   1  92
21  
  1  0  1  0  1  0  1  0  1  0  0
  1  1  0
   1  93
27  
  1  0  1  0  1  0  1  0  1  0  0
  1  1  0
   1  94
113 
  1  0  1  0  1  0  1  0  1  0  0
  1  1  0
   1  95
124 
  1  0  1  0  1  0  1  0  1  0  0
  1  1  0
   1  96
43  
  1  0  1  0  1  0  1  0  1  0  0
  2  2  0
   1   1
12  
  1  0  1  0  1  0  1  0  1  0  0
  2  2  0
   1   2
42  
  1  0  1  0  1  0  1  0  1  0  0
  2  2  0
   1   3
103 
  1  0  1  0  1  0  1  0  1  0  0
  2  2  0
   1   4
46  
  1  0  1  0  1  0  1  0  1  0  0
  2  2  0
   1   5
13  
  1  0  1  0  1  0  1  0  1  0  0
  2  2  0
   1   6
34  
  1  0  1  0  1  0  1  0  1  0  0
  2  2  0
   1   7
107 
  1  0  1  0  1  0  1  0  1  0  0
  2  2  0
   1   8
105 
  1  0  1  0  1  0  1  0  1  0  0
  2  2  0
   1   9
43  
  1  0  1  0  1  0  1  0  1  0  0
  2  2  0
   1  10
112 
  1  0  1  0  1  0  1  0  1  0  0
  2  2  0
   1  11
27  
  1  0  1  0  1  0  1  0  1  0  0
  2  2  0
   1  12
80  
  1  0  1  0  1  0  1  0  1  0  0
  2  2  0
   1  13
107 
  1  0  1  0  1  0  1  0  1  0  0
  2  2  0
   1  14
80  
  1  0  1  0  1  0  1  0  1  0  0
  2  2  0
   1  15
74  
  1  0  1  0  1  0  1  0  1  0  0
  2  2  0
   1  16
13  
  1  0  1  0  1  0  1  0  1  0  0
  2  2  0
   1  17
123 
  1  0  1  0  1  0  1  0  1  0  0
  2  2  0
   1  18
112 
  1  0  1  0  1  0  1  0  1  0  0
  2  2  0
   1  19
6   
  1  0  1  0  1  0  1  0  1  0  0
  2  2  0
   1  20
112 
  1  0  1  0  1  0  1  0  1  0  0
  2  2  0
   1  21
14  
  1  0  1  0  1  0  1  0  1  0  0
  2  2  0
   1  22
7   
  1  0  1  0  1  0  1  0  1  0  0
  2  2  0
   1  23
46  
  1  0  1  0  1  0  1  0  1  0  0
  2  2  0
   1  24
68  
  1  0  1  0  1  0  1  0  1  0  0
  2  2  0
   1  25
113 
  1  0  1  0  1  0  1  0  1  0  0
  2  2  0
   1  26
102 
  1  0  1  0  1  0  1  0  1  0  0
  2  2  0
   1  27
124 
  1  0  1  0  1  0  1  0  1  0  0
  2  2  0
   1  28
73  
  1  0  1  0  1  0  1  0  1  0  0
  2  2  0
   1  29
78  
  1  0  1  0  1  0  1  0  1  0  0
  2  2  0
   1  30
41  
  1  0  1  0  1  0  1  0  1  0  0
  2  2  0
   1  31
14  
  1  0  1  0  1  0  1  0  1  0  0
  2  2  0
   1  32
43  
  1  0  1  0  1  0  1  0  1  0  0
  2  2  0
   1 101
14  
  1  0  1  0  1  0  1  0  1  0  0
  2  2  0
   1 102
133 
  1  0  1  0  1  0  1  0  1  0  0
  2  2  0
   1 103
85  
  1  0  1  0  1  0  1  0  1  0  0
  2  2  0
   1 104
88  
  1  0  1  0  1  0  1  0  1  0  0
  2  2  0
   1 105
83  
  1  0  1  0  1  0  1  0  1  0  0
  2  2  0
   1 106
140 
  1  0  1  0  1  0  1  0  1  0  0
  2  2  0
   1 107
79  
  1  0  1  0  1  0  1  0  1  0  0
  2  2  0
   1 108
73  
  1  0  1  0  1  0  1  0  1  0  0
  2  2  0
   1 109
15  
  1  0  1  0  1  0  1  0  1  0  0
  2  2  0
   1 110
20  
  1  0  1  0  1  0  1  0  1  0  0
  2  2  0
   1 111
21  
  1  0  1  0  1  0  1  0  1  0  0
  2  2  0
   1 112
97  
  1  0  1  0  1  0  1  0  1  0  0
  1  1  0
   1 113
11  
  1  0  1  0  1  0  1  0  1  0  0
  1  1  0
   1 114
110 
  1  0  1  0  1  0  1  0  1  0  0
  1  1  0
   1 115
22  
  1  0  1  0  1  0  1  0  1  0  0
  1  1  0
   1 116
38  
  1  0  1  0  1  0  1  0  1  0  0
  1  1  0
   1 117
75  
  1  0  1  0  1  0  1  0  1  0  0
  1  1  0
   1 118
85  
  1  0  1  0  1  0  1  0  1  0  0
  1  1  0
   1 119
20  
  1  0  1  0  1  0  1  0  1  0  0
  1  1  0
   1 120
17  
  1  0  1  0  1  0  1  0  1  0  0
  1  1  0
   1 121
21  
  1  0  1  0  1  0  1  0  1  0  0
  1  1  0
   1 122
77  
  1  0  1  0  1  0  1  0  1  0  0
  1  1  0
   1 123
24  
  1  0  1  0  1  0  1  0  1  0  0
  1  1  0
   1 124
144 
  1  0  1  0  1  0  1  0  1  0  0
