 10  8  9  3 00  0  0  0  0
nnn_pot
  8
  8 23
                                                21.762867   21.762867   
                                                21.762867   7.572117    
                                                21.762867   2.042356    
                                                21.762867   0.328855    
                                                21.762867   0.038413    
                                                21.762867   0.004801    
                                                7.572117    7.572117    
                                                7.572117    2.042356    
    6.072022    3.758374    2.326305    1.439903    0.891251    0.551654
    0.341455    0.211349    0.130818    0.080972    0.050119    0.031022
    0.019201    0.011885    0.007356    0.004553    0.002818    0.001744
    0.001080    0.000668    0.000414    0.000256    0.000158
  1  1
          1.

  1  1
                      1.

  1  1
                                  1.

  1  1
                                              1.

  1  1
                                                          1.

  1  1
                                                                      1.

  1  1

          1.
  1  1

                      1.
  8
  8 23
                                                7.572117    0.328855    
                                                7.572117    0.038413    
                                                7.572117    0.004801    
                                                2.042356    2.042356    
                                                2.042356    0.328855    
                                                2.042356    0.038413    
                                                2.042356    0.004801    
                                                0.328855    0.328855    
    6.072022    3.758374    2.326305    1.439903    0.891251    0.551654
    0.341455    0.211349    0.130818    0.080972    0.050119    0.031022
    0.019201    0.011885    0.007356    0.004553    0.002818    0.001744
    0.001080    0.000668    0.000414    0.000256    0.000158
  1  1
          1.

  1  1
                      1.

  1  1
                                  1.

  1  1
                                              1.

  1  1
                                                          1.

  1  1
                                                                      1.

  1  1

          1.
  1  1

                      1.
  5
  5 23
                                                0.328855    0.038413    
                                                0.328855    0.004801    
                                                0.038413    0.038413    
                                                0.038413    0.004801    
                                                0.004801    0.004801    
    6.072022    3.758374    2.326305    1.439903    0.891251    0.551654
    0.341455    0.211349    0.130818    0.080972    0.050119    0.031022
    0.019201    0.011885    0.007356    0.004553    0.002818    0.001744
    0.001080    0.000668    0.000414    0.000256    0.000158
  1  1
          1.
  1  1
                      1.
  1  1
                                  1.
  1  1
                                              1.
  1  1
                                                          1.
  8
  8 23
                                                17.218254   5.466159    
                                                17.218254   0.263869    
                                                17.218254   0.004150    
                                                5.977321    5.466159    
                                                5.977321    0.263869    
                                                5.977321    0.004150    
                                                2.282312    5.466159    
                                                2.282312    0.263869    
    6.072022    3.758374    2.326305    1.439903    0.891251    0.551654
    0.341455    0.211349    0.130818    0.080972    0.050119    0.031022
    0.019201    0.011885    0.007356    0.004553    0.002818    0.001744
    0.001080    0.000668    0.000414    0.000256    0.000158
  1  1
          1.

  1  1
                      1.

  1  1
                                  1.

  1  1
                                              1.

  1  1
                                                          1.

  1  1
                                                                      1.

  1  1

          1.
  1  1

                      1.
  8
  8 23
                                                2.282312    0.004150    
                                                0.734072    5.466159    
                                                0.734072    0.263869    
                                                0.734072    0.004150    
                                                0.161870    5.466159    
                                                0.161870    0.263869    
                                                0.161870    0.004150    
                                                0.030009    5.466159    
    6.072022    3.758374    2.326305    1.439903    0.891251    0.551654
    0.341455    0.211349    0.130818    0.080972    0.050119    0.031022
    0.019201    0.011885    0.007356    0.004553    0.002818    0.001744
    0.001080    0.000668    0.000414    0.000256    0.000158
  1  1
          1.

  1  1
                      1.

  1  1
                                  1.

  1  1
                                              1.

  1  1
                                                          1.

  1  1
                                                                      1.

  1  1

          1.
  1  1

                      1.
  8
  8 23
                                                0.030009    0.263869    
                                                0.030009    0.004150    
                                                0.002397    5.466159    
                                                0.002397    0.263869    
                                                0.002397    0.004150    
                                                17.579710   1.668871    
                                                17.579710   0.038567    
                                                6.657327    1.668871    
    6.072022    3.758374    2.326305    1.439903    0.891251    0.551654
    0.341455    0.211349    0.130818    0.080972    0.050119    0.031022
    0.019201    0.011885    0.007356    0.004553    0.002818    0.001744
    0.001080    0.000668    0.000414    0.000256    0.000158
  1  1
          1.

  1  1
                      1.

  1  1
                                  1.

  1  1
                                              1.

  1  1
                                                          1.

  1  1
                                                                      1.

  1  1

          1.
  1  1

                      1.
  8
  8 23
                                                6.657327    0.038567    
                                                0.714808    1.668871    
                                                0.714808    0.038567    
                                                0.336389    1.668871    
                                                0.336389    0.038567    
                                                0.327118    1.668871    
                                                0.327118    0.038567    
                                                0.117172    1.668871    
    6.072022    3.758374    2.326305    1.439903    0.891251    0.551654
    0.341455    0.211349    0.130818    0.080972    0.050119    0.031022
    0.019201    0.011885    0.007356    0.004553    0.002818    0.001744
    0.001080    0.000668    0.000414    0.000256    0.000158
  1  1
          1.

  1  1
                      1.

  1  1
                                  1.

  1  1
                                              1.

  1  1
                                                          1.

  1  1
                                                                      1.

  1  1

          1.
  1  1

                      1.
  3
  3 23
                                                0.117172    0.038567    
                                                0.015503    1.668871    
                                                0.015503    0.038567    
    6.072022    3.758374    2.326305    1.439903    0.891251    0.551654
    0.341455    0.211349    0.130818    0.080972    0.050119    0.031022
    0.019201    0.011885    0.007356    0.004553    0.002818    0.001744
    0.001080    0.000668    0.000414    0.000256    0.000158
  1  1
          1.
  1  1
                      1.
  1  1
                                  1.
  8                                                            Z1  BVs 1 - 8
  8 10
                                                13.890594   1.239098    
                                                7.742937    1.675505    
                                                6.807125    14.552506   
                                                0.669987    1.736173    
                                                0.270172    0.043195    
                                                0.373683    0.041180    
                                                8.873919    0.228058    
                                                0.052401    8.698595    
    6.332677    4.947648    0.774094    0.847369    0.409573    0.150941
    0.105416    0.107398    0.006709    0.005967
  1  1
          1.

  1  1
                      1.

  1  1
                                  1.

  1  1
                                              1.

  1  1
                                                          1.

  1  1
                                                                      1.

  1  1

          1.
  1  1

                      1.
  4                                                            Z2  BVs 9 - 12
  4 10
                                                12.620612   16.904575   
                                                79.292831   4.692591    
                                                1.138968    0.195169    
                                                1.964313    0.039042    
   15.721018    4.393451    0.779984    0.603408    0.295804    0.213809
    0.036289    0.026563    0.006062    0.493727
  1  1
          1.
  1  1
                      1.
  1  1
                                  1.
  1  1
                                              1.
  8                                                            Z3  BVs 13 - 20
  8 10
                                                20.752857   19.941250   
                                                6.995457    8.845536    
                                                14.966134   0.393780    
                                                9.744107    5.205534    
                                                6.499405    0.083177    
                                                1.415921    0.829591    
                                                2.577116    0.570516    
                                                0.652983    0.111480    
   19.046257    3.173109    1.359371    0.513090    0.442697    0.256305
    0.075309    0.018697    0.015974    0.002502
  1  1
          1.

  1  1
                      1.

  1  1
                                  1.

  1  1
                                              1.

  1  1
                                                          1.

  1  1
                                                                      1.

  1  1

          1.
  1  1

                      1.
  4                                                            Z4  BVs 21 - 24
  4 10
                                                0.234980    0.155491    
                                                1.932020    0.267578    
                                                7.077144    0.883375    
                                                5.541855    5.337546    
    6.665567    8.934338    1.477525    1.007752    0.442819    0.364053
    0.032531    0.018697    0.282912    0.002502
  1  1
          1.
  1  1
                      1.
  1  1
                                  1.
  1  1
                                              1.
eob-tni/np3s_np3s_12-34_np3s_np3s_12-34
elu-tni/000-0_000-0
eob-tni/np3s_np3s_12-34_np3s_np3s_12-34
elu-tni/000-0_000-0
eob-tni/np3s_np3s_12-34_np3s_np3s_12-34
elu-tni/000-0_000-0
eob-tni/np3s_np3s_12-34_np3s_np3s_12-34
elu-tni/000-0_000-0
eob-tni/np3s_np3s_12-34_np3s_np3s_12-34
elu-tni/000-0_000-0
eob-tni/np3s_np3s_12-34_np3s_np3s_12-34
elu-tni/000-0_000-0
eob-tni/tp_123-4_np3s_np3s_12-34
elu-tni/000-0_000-0
eob-tni/tp_123-4_np3s_np3s_12-34
elu-tni/000-0_000-0
eob-tni/tp_123-4_np3s_np3s_12-34
elu-tni/000-0_000-0
eob-tni/tp_123-4_tp_123-4
elu-tni/000-0_000-0
eob-tni/tp_123-4_np3s_np3s_12-34
elu-tni/000-0_000-0
eob-tni/tp_123-4_np3s_np3s_12-34
elu-tni/000-0_000-0
eob-tni/tp_123-4_np3s_np3s_12-34
elu-tni/000-0_000-0
eob-tni/tp_123-4_tp_123-4
elu-tni/000-0_000-0
eob-tni/tp_123-4_tp_123-4
elu-tni/000-0_000-0
eob-tni/tp_123-4_np3s_np3s_12-34
elu-tni/000-0_000-0
eob-tni/tp_123-4_np3s_np3s_12-34
elu-tni/000-0_000-0
eob-tni/tp_123-4_np3s_np3s_12-34
elu-tni/000-0_000-0
eob-tni/tp_123-4_tp_123-4
elu-tni/000-0_000-0
eob-tni/tp_123-4_tp_123-4
elu-tni/000-0_000-0
eob-tni/tp_123-4_tp_123-4
elu-tni/000-0_000-0
eob-tni/tp_123-4_np3s_np3s_12-34
elu-tni/000-0_000-0
eob-tni/tp_123-4_np3s_np3s_12-34
elu-tni/000-0_000-0
eob-tni/tp_123-4_np3s_np3s_12-34
elu-tni/000-0_000-0
eob-tni/tp_123-4_tp_123-4
elu-tni/000-0_000-0
eob-tni/tp_123-4_tp_123-4
elu-tni/000-0_000-0
eob-tni/tp_123-4_tp_123-4
elu-tni/000-0_000-0
eob-tni/tp_123-4_tp_123-4
elu-tni/000-0_000-0
eob-tni/tp_123-4_np3s_np3s_12-34
elu-tni/000-0_000-0
eob-tni/tp_123-4_np3s_np3s_12-34
elu-tni/000-0_000-0
eob-tni/tp_123-4_np3s_np3s_12-34
elu-tni/000-0_000-0
eob-tni/tp_123-4_tp_123-4
elu-tni/000-0_000-0
eob-tni/tp_123-4_tp_123-4
elu-tni/000-0_000-0
eob-tni/tp_123-4_tp_123-4
elu-tni/000-0_000-0
eob-tni/tp_123-4_tp_123-4
elu-tni/000-0_000-0
eob-tni/tp_123-4_tp_123-4
elu-tni/000-0_000-0
eob-tni/np3s_np3s_12-34_np3s_np3s_12-34
elu-tni/000-0_000-0
eob-tni/np3s_np3s_12-34_np3s_np3s_12-34
elu-tni/000-0_000-0
eob-tni/np3s_np3s_12-34_np3s_np3s_12-34
elu-tni/000-0_000-0
eob-tni/np3s_np3s_12-34_tp_123-4
elu-tni/000-0_000-0
eob-tni/np3s_np3s_12-34_tp_123-4
elu-tni/000-0_000-0
eob-tni/np3s_np3s_12-34_tp_123-4
elu-tni/000-0_000-0
eob-tni/np3s_np3s_12-34_tp_123-4
elu-tni/000-0_000-0
eob-tni/np3s_np3s_12-34_tp_123-4
elu-tni/000-0_000-0
eob-tni/np3s_np3s_12-34_np3s_np3s_12-34
elu-tni/000-0_000-0
eob-tni/np3s_np3s_12-34_np3s_np3s_12-34
elu-tni/000-0_000-0
eob-tni/np3s_np3s_12-34_np3s_np3s_12-34
elu-tni/000-0_000-0
eob-tni/np3s_np3s_12-34_np3s_np3s_12-34
elu-tni/000-0_000-0
eob-tni/np3s_np3s_12-34_tp_123-4
elu-tni/000-0_000-0
eob-tni/np3s_np3s_12-34_tp_123-4
elu-tni/000-0_000-0
eob-tni/np3s_np3s_12-34_tp_123-4
elu-tni/000-0_000-0
eob-tni/np3s_np3s_12-34_tp_123-4
elu-tni/000-0_000-0
eob-tni/np3s_np3s_12-34_tp_123-4
elu-tni/000-0_000-0
eob-tni/np3s_np3s_12-34_np3s_np3s_12-34
elu-tni/000-0_000-0
eob-tni/np3s_np3s_12-34_np3s_np3s_12-34
elu-tni/000-0_000-0
eob-tni/tp_123-4_np3s_np3s_12-34
elu-tni/000-0_000-0
eob-tni/tp_123-4_np3s_np3s_12-34
elu-tni/000-0_000-0
eob-tni/tp_123-4_np3s_np3s_12-34
elu-tni/000-0_000-0
eob-tni/tp_123-4_tp_123-4
elu-tni/000-0_000-0
eob-tni/tp_123-4_tp_123-4
elu-tni/000-0_000-0
eob-tni/tp_123-4_tp_123-4
elu-tni/000-0_000-0
eob-tni/tp_123-4_tp_123-4
elu-tni/000-0_000-0
eob-tni/tp_123-4_tp_123-4
elu-tni/000-0_000-0
eob-tni/tp_123-4_np3s_np3s_12-34
elu-tni/000-0_000-0
eob-tni/tp_123-4_np3s_np3s_12-34
elu-tni/000-0_000-0
eob-tni/tp_123-4_tp_123-4
elu-tni/000-0_000-0
eob-tni/tp_123-4_np3s_np3s_12-34
elu-tni/000-0_000-0
eob-tni/tp_123-4_np3s_np3s_12-34
elu-tni/000-0_000-0
eob-tni/tp_123-4_np3s_np3s_12-34
elu-tni/000-0_000-0
eob-tni/tp_123-4_tp_123-4
elu-tni/000-0_000-0
eob-tni/tp_123-4_tp_123-4
elu-tni/000-0_000-0
eob-tni/tp_123-4_tp_123-4
elu-tni/000-0_000-0
eob-tni/tp_123-4_tp_123-4
elu-tni/000-0_000-0
eob-tni/tp_123-4_tp_123-4
elu-tni/000-0_000-0
eob-tni/tp_123-4_np3s_np3s_12-34
elu-tni/000-0_000-0
eob-tni/tp_123-4_np3s_np3s_12-34
elu-tni/000-0_000-0
eob-tni/tp_123-4_tp_123-4
elu-tni/000-0_000-0
eob-tni/tp_123-4_tp_123-4
elu-tni/000-0_000-0
