 11  2 12 31  1  0 +0  0  0 -1  0 +0
  1  1  1  1  0  0  0  0  0  0  0  0  0  0  1  1
   1.0000000   1.0000000   0.0000000   0.0000000   0.0000000   0.0000000   0.0000000
   0.0000000   0.0000000   0.0000000   0.0000000   0.0000000   0.0000000   1.0000000
   0.0000000   0.0000000   0.0000000   0.0000000   0.0000000   0.0000000   0.0000000
   0.0000000   0.0000000   0.0000000   0.0000000   0.0000000   0.0000000   0.0000000
   0.0000000   0.0000000
   1  16   1  -1   0
   1   1
<<<<<<< HEAD
<<<<<<< HEAD
  1  0  1  0  1  0  1  
   1   2
  1  0  1  0  1  0  1  
   1   3
  1  0  1  0  1  0  1 
=======
  1  0  1  0  1
=======
  1  0  1  0  1  0  1  0  1  0  1
>>>>>>> 70612540183c8749efd1a28367f8a9b6e51a2b14
   1   2
  1  0  1  0  1  0  1  0  1  0  1
   1   3
<<<<<<< HEAD
  1  0  1  0  1
>>>>>>> 03f9a6772c12c71595a3172aa397edd62d539037
=======
  1  0  1  0  1  0  1  0  1  0  1
>>>>>>> 70612540183c8749efd1a28367f8a9b6e51a2b14
   1   4
  1  0  1  0  1  0  1  0  1  0  1
   1   5
<<<<<<< HEAD
<<<<<<< HEAD
  1  0  1  0  1  0  1  
   1   6
  1  0  1  0  1  0  1 
=======
  0  1  0  1  0  1
   1   6
  0  1  0  1  0  1
>>>>>>> 03f9a6772c12c71595a3172aa397edd62d539037
=======
  1  0  1  0  1  0  1  0  1  0  1
   1   6
  1  0  1  0  1  0  1  0  1  0  1
>>>>>>> 70612540183c8749efd1a28367f8a9b6e51a2b14
   1   7
  1  0  1  0  1  0  1  0  1  0  1
   1   8
<<<<<<< HEAD
<<<<<<< HEAD
  0  1  0  1  0  1  0  1
   1   9
  0  1  0  1  0  1  0  1 
   1  10
  0  1  0  1  0  1  0  1
   1  11
  0  1  0  1  0  1  0  1
   1  12
  0  1  0  1  0  1  0  1
=======
  0  1  0  1  0  1
>>>>>>> 03f9a6772c12c71595a3172aa397edd62d539037
=======
  1  0  1  0  1  0  1  0  1  0  1
   1   9
  0  1  0  1  0  1  0  1  0  1  0  1
   1  10
  0  1  0  1  0  1  0  1  0  1  0  1
   1  11
  0  1  0  1  0  1  0  1  0  1  0  1
   1  12
  0  1  0  1  0  1  0  1  0  1  0  1
   1  13
  0  1  0  1  0  1  0  1  0  1  0  1
   1  14
  0  1  0  1  0  1  0  1  0  1  0  1
   1  15
  0  1  0  1  0  1  0  1  0  1  0  1
   1  16
  0  1  0  1  0  1  0  1  0  1  0  1
>>>>>>> 70612540183c8749efd1a28367f8a9b6e51a2b14
