 10  8  9  3 00  0  0  0  0
nnn_pot
  8                                                            Z1  BVs 1 - 8
  8 18
                                    7.241995    
                                    5.111737    
                                    1.713180    
                                    0.765190    
                                    0.739621    
                                    0.489885    
                                    0.073970    
                                    0.028259    
   11.099171    9.162475    7.996046    7.811540    7.307723    6.046959
    4.678057    1.745971    1.617528    1.579031    1.120846    0.788501
    0.754498    0.721652    0.302503    0.183821    0.123316    0.075405
  1  1
          1.

  1  1
                      1.

  1  1
                                  1.

  1  1
                                              1.

  1  1
                                                          1.

  1  1
                                                                      1.

  1  1

          1.
  1  1

                      1.
  8                                                            Z2  BVs 9 - 16
  8 18
                                    11.542962   
                                    4.565454    
                                    0.789908    
                                    0.512325    
                                    0.169239    
                                    0.161796    
                                    0.076147    
                                    0.006461    
   13.389456    9.964448    8.255370    7.771281    7.598570    7.420611
    4.332868    3.185931    1.980957    0.992059    0.932613    0.721043
    0.701582    0.492146    0.475387    0.315387    0.155384    0.118431
  1  1
          1.

  1  1
                      1.

  1  1
                                  1.

  1  1
                                              1.

  1  1
                                                          1.

  1  1
                                                                      1.

  1  1

          1.
  1  1

                      1.
  8                                                            Z3  BVs 17 - 24
  8 18
                                    4.281698    
                                    1.492775    
                                    0.780299    
                                    0.436927    
                                    0.426193    
                                    0.280176    
                                    0.108611    
                                    0.010167    
   11.362084   10.761656    7.838252    6.054990    5.181740    3.936779
    3.705806    3.435720    1.475919    1.312493    0.922305    0.915365
    0.790367    0.467550    0.233101    0.195014    0.138670    0.058092
  1  1
          1.

  1  1
                      1.

  1  1
                                  1.

  1  1
                                              1.

  1  1
                                                          1.

  1  1
                                                                      1.

  1  1

          1.
  1  1

                      1.
  8                                                            Z4  BVs 25 - 32
  8 18
                                    6.809906    
                                    4.993999    
                                    3.725349    
                                    0.441606    
                                    0.430481    
                                    0.323174    
                                    0.034422    
                                    0.024502    
    9.780746    8.958009    6.086098    3.712384    3.018898    2.935189
    1.384985    1.372494    1.169391    0.822736    0.809503    0.645372
    0.280179    0.272947    0.229110    0.186885    0.116361    0.115653
  1  1
          1.

  1  1
                      1.

  1  1
                                  1.

  1  1
                                              1.

  1  1
                                                          1.

  1  1
                                                                      1.

  1  1

          1.
  1  1

                      1.
