 10  8  9  3 00  0  0  0  0
./nn_pot
  8                                                            Z1  BVs 1 - 8
  8  7
                                    9.142192    
  7.41369900  6.00546300  4.42827300  3.11230800  2.22156500  0.80413500  0.30010400
                                    1.913428    
  7.11839500  5.95363500  4.26798600  3.03962800  1.75976800  0.77066800  0.17695200
                                    0.922153    
  6.99303800  5.90533000  4.14775500  2.95407900  1.67297500  0.74111800  0.13435200
                                    0.629276    
  6.77770300  5.32794700  3.48721100  2.93049200  1.60969700  0.72292000  0.03112500
                                    0.067688    
  7.55869865  5.32750845  3.48718715  2.93520522  1.61094379  0.73854488  0.49800000
                                    0.342766    
  8.20980100  6.31806700  4.56884900  3.42601900  2.61612400  1.38095200  0.55639500
                                    0.135615    
  7.60146500  6.22379400  4.49140700  3.26669800  2.60215400  1.13168900  0.53208300
                                    0.067628    
  7.55863400  6.07360200  4.46540200  3.13442400  2.53425800  1.12182700  0.34334000
  1  1
          1.

  1  1
                      1.

  1  1
                                  1.

  1  1
                                              1.

  1  1
                                                          1.

  1  1
                                                                      1.

  1  1

          1.
  1  1

                      1.
  8                                                            Z2  BVs 9 - 16
  8  6
                                    7.519072    
  9.11686700  5.92605200  3.40130800  2.07604000  0.78181700  0.30129100
                                    5.521785    
  8.43684500  5.49954000  3.22247100  2.02622300  0.69153200  0.25349900
                                    4.279118    
  7.92366500  5.32874700  3.12155500  1.49760600  0.63521800  0.06132400
                                    0.894911    
  9.93417740  9.16189957  6.26927900  4.01952887  3.36587231  0.56599826
                                    2.272517    
  9.72429200  6.98160800  4.95678300  2.48354500  1.02528700  0.56584900
                                    1.804362    
  9.28165200  6.39571700  4.47560600  2.40672900  0.95669300  0.55376500
                                    2.329829    
  9.72429180  6.25364161  4.01928282  2.35854506  0.81052560  0.34356293
                                    0.769942    
  9.16190000  6.25365400  4.01952900  2.25094500  0.80661400  0.32792100
  1  1
          1.

  1  1
                      1.

  1  1
                                  1.

  1  1
                                              1.

  1  1
                                                          1.

  1  1
                                                                      1.

  1  1

          1.
  1  1

                      1.
/home/kirscher/kette_repo/limit_cycles/systems/3/eob/he_no1_he_no1
/home/kirscher/kette_repo/limit_cycles/systems/3/elu/000_000
/home/kirscher/kette_repo/limit_cycles/systems/3/eob/he_no6_he_no1
/home/kirscher/kette_repo/limit_cycles/systems/3/elu/000_000
/home/kirscher/kette_repo/limit_cycles/systems/3/eob/he_no6_he_no6
/home/kirscher/kette_repo/limit_cycles/systems/3/elu/000_000
