 10  8  9  3 00  0  0  0  0
nnn_pot
  8                                                            Z1  BVs 1 - 8
  8  6
                                    18.498684   
                                    12.240010   
                                    11.779777   
                                    1.980356    
                                    1.454025    
                                    0.364927    
                                    0.222055    
                                    0.090963    
    9.441302    1.208775    0.669127    0.221351    0.105408    0.022693
  1  1
          1.

  1  1
                      1.

  1  1
                                  1.

  1  1
                                              1.

  1  1
                                                          1.

  1  1
                                                                      1.

  1  1

          1.
  1  1

                      1.
  8                                                            Z2  BVs 9 - 16
  8  6
                                    15.372251   
                                    12.022058   
                                    11.762012   
                                    8.027261    
                                    3.571996    
                                    1.202011    
                                    0.422599    
                                    0.063374    
    6.974802    0.859183    0.229213    0.148318    0.060105    0.033285
  1  1
          1.

  1  1
                      1.

  1  1
                                  1.

  1  1
                                              1.

  1  1
                                                          1.

  1  1
                                                                      1.

  1  1

          1.
  1  1

                      1.
eob-tni/he_no1_he_no1
elu-tni/000_000
eob-tni/he_no6_he_no1
elu-tni/000_000
eob-tni/he_no6_he_no6
elu-tni/000_000
