 10  8  9  3 00  0  0  0  0
nnn_pot
  6                                                            Z1  BVs 1 - 6
  6  5
                                    19.874500   
                                    11.622487   
                                    7.404790    
                                    6.970615    
                                    1.108078    
                                    0.081356    
   13.975857    9.444930    1.316121    0.590805    0.091079
  1  1
          1.
  1  1
                      1.
  1  1
                                  1.
  1  1
                                              1.
  1  1
                                                          1.
  1  1
                                                                      1.
  6                                                            Z2  BVs 7 - 12
  6  5
                                    16.932234   
                                    11.311152   
                                    7.713352    
                                    1.729845    
                                    0.278320    
                                    0.092620    
   14.462237   12.811252    2.241030    0.358755    0.071287
  1  1
          1.
  1  1
                      1.
  1  1
                                  1.
  1  1
                                              1.
  1  1
                                                          1.
  1  1
                                                                      1.
eob-tni/123_123
elu-tni/000_000
eob-tni/123_123
elu-tni/000_000
eob-tni/123_123
elu-tni/000_000
