 10  8  9  3 00  0  0  0  0
nnn_pot
  8                                                            Z1  BVs 1 - 8
  8 10
                                                5.710516    2.107032    
                                                0.338213    1.734306    
                                                48.451469   1.176605    
                                                16.315769   1.251778    
                                                16.892355   0.102867    
                                                0.218123    0.142927    
                                                6.494555    3.567847    
                                                24.698402   22.745319   
   14.302623    8.934291    1.811098    1.305567    0.264128    0.183678
    0.048495    0.016368    0.016092    0.002069
  1  1
          1.

  1  1
                      1.

  1  1
                                  1.

  1  1
                                              1.

  1  1
                                                          1.

  1  1
                                                                      1.

  1  1

          1.
  1  1

                      1.
  4                                                            Z2  BVs 9 - 12
  4 10
                                                8.181689    14.317746   
                                                14.596491   1.023842    
                                                188.778793  1.347479    
                                                0.093170    0.917958    
    9.793254    4.018215    0.178797    0.449134    0.342234    0.130947
    0.024369    0.023661    0.007332    0.004717
  1  1
          1.
  1  1
                      1.
  1  1
                                  1.
  1  1
                                              1.
  8                                                            Z3  BVs 13 - 20
  8 10
                                                3.971419    3.122927    
                                                1.853562    4.089590    
                                                0.436174    4.901911    
                                                4.739512    28.227699   
                                                10.315199   2.956507    
                                                11.960905   9.344353    
                                                0.016199    0.025856    
                                                0.110077    1.787603    
   19.269331    7.207246   30.653093    0.893899    0.432057    0.073590
    0.043616    0.016806    0.017625    0.004100
  1  1
          1.

  1  1
                      1.

  1  1
                                  1.

  1  1
                                              1.

  1  1
                                                          1.

  1  1
                                                                      1.

  1  1

          1.
  1  1

                      1.
  4                                                            Z4  BVs 21 - 24
  4 10
                                                18.791553   8.605932    
                                                2.630348    1.016833    
                                                87.477837   1.089912    
                                                1.280715    10.162829   
   17.131451    1.903527    2.479828    0.932474    1.778516    0.209647
    0.124145    0.024493    0.015508    0.007008
  1  1
          1.
  1  1
                      1.
  1  1
                                  1.
  1  1
                                              1.
eob-tni/np3s_np3s_12-34_np3s_np3s_12-34
elu-tni/000-0_000-0
eob-tni/np3s_np3s_12-34_np3s_np3s_12-34
elu-tni/000-0_000-0
eob-tni/np3s_np3s_12-34_np3s_np3s_12-34
elu-tni/000-0_000-0
eob-tni/tp_123-4_np3s_np3s_12-34
elu-tni/000-0_000-0
eob-tni/tp_123-4_np3s_np3s_12-34
elu-tni/000-0_000-0
eob-tni/tp_123-4_tp_123-4
elu-tni/000-0_000-0
eob-tni/tp_123-4_np3s_np3s_12-34
elu-tni/000-0_000-0
eob-tni/tp_123-4_np3s_np3s_12-34
elu-tni/000-0_000-0
eob-tni/tp_123-4_tp_123-4
elu-tni/000-0_000-0
eob-tni/tp_123-4_tp_123-4
elu-tni/000-0_000-0
