 11  2 12 31  1  1 +2  0  0 -1
  1  1  1  1  0  0  0  0  0  0  0  0  0  0  1  1
   1.0000000   1.0000000   0.0000000   0.0000000   0.0000000   0.0000000   0.0000000
   0.0000000   0.0000000   0.0000000   0.0000000   0.0000000   0.0000000   1.0000000
   0.0000000   0.0000000   0.0000000   0.0000000   0.0000000   0.0000000   0.0000000
   0.0000000   0.0000000   0.0000000   0.0000000   0.0000000   0.0000000   0.0000000
   0.0000000   0.0000000
   0 223   0   0   0   1
248
-4.9840187634E-02
-1.1873916893E-01
2.3938966977E-02
6.2557947424E-03
6.4923169073E-01
-8.9470026378E-01
-2.0774983260E-01
5.4831677491E-02
-8.3257620149E-01
2.6511160607E-01
-2.2726183512E-01
-1.0968852749E-02
2.4248401376E-01
-4.9818601245E-01
1.2297483474E-01
4.7708121301E-02
-1.8320844646E-01
3.3245337467E-01
-9.9432127655E-02
-5.4717946532E-02
5.2825644857E-02
-8.9775427156E-02
9.6885294539E-02
4.2517923659E-02
-7.4871455215E-01
4.5229776957E-01
1.9568493509E-01
8.2914795542E-05
-4.0483406613E-02
3.6074764957E-01
5.6510054728E-01
-7.4029572718E-04
1.2824801559E-02
7.8355101177E-02
3.1654231259E-02
-3.4316091910E-03
-1.3374238183E-02
-5.4253150704E-02
-1.9041592084E-02
4.0696159854E-03
1.4496954859E-03
2.8188661513E-04
1.0647565919E-02
-6.7437652277E-05
-2.9805840752E-05
-8.9417392250E-05
1.1884606521E-04
-4.1658674141E-05
-3.5451049555E-01
-4.3422393209E-02
8.7037855630E-02
1.8412377444E-02
1.4739016191E-02
-2.8729364043E-01
1.0532756105E-01
-1.2262102016E-02
2.4277386757E+00
1.0931079733E+01
-9.2308308641E-02
-1.3878251706E-01
-2.1924843030E+00
-1.2070030565E+01
9.7701465924E-02
1.2641530145E-01
-9.3269570846E-02
1.2397132695E+00
-1.4475851996E-01
-2.0034443103E-02
2.6632795978E-02
-3.9046713623E-01
1.6422359007E-02
5.0795544891E-04
2.7482638843E-01
-1.0804097448E-01
-1.0886933667E-01
-1.5641367171E-02
2.2741063273E-01
-2.7289634775E-01
-1.2025779511E-01
-7.9965035691E-03
-1.4290337243E-03
-3.9448197636E-03
-4.8716180049E-02
-8.7998666381E-03
-2.9820726669E-02
-2.4522187336E-02
3.8551044503E-02
-2.6182008570E-02
2.8886331200E-02
2.4202265915E-02
-4.8147748936E-02
2.4203817710E-02
-7.3446173957E-04
-4.5917874575E-04
8.3773583214E-04
-1.7619793761E-03
1.9398767468E-01
1.5008898976E+00
-1.0636261213E-01
2.4130119262E-02
-1.2409266369E+00
-1.9471638301E+00
9.1689692217E-02
-5.4568302565E-02
5.6746936998E-01
1.0477869224E+00
-1.8272823463E-01
-5.5644899622E-02
-4.5619670601E-03
1.5434593659E-01
-1.0778267148E-01
1.0604429181E-01
-4.1448244528E-03
-1.2148772015E-02
-4.0777826331E-02
-5.1219510953E-02
1.0424009660E-03
3.0773764070E-04
-2.8171608126E-02
-1.5226657375E-02
3.5442174293E-01
-2.5893694985E-01
2.3125695856E-02
-9.5595527263E-03
-7.2571812868E-01
-2.3074552145E-01
9.8652226068E-02
-4.7982009481E-02
1.9037040450E+00
2.4083642587E-01
-3.4106911299E-01
1.0787143962E-01
-1.1483157315E+00
-2.4870614623E-01
1.3615474279E-01
-8.7090622655E-02
1.0533922312E-02
-3.4484146881E-02
5.4859432168E-02
-5.3370281451E-02
-1.0150831455E-02
3.2673218348E-02
-5.8893953310E-02
4.8616514300E-02
-5.1824721672E-02
-7.3528070882E-02
5.3036315250E-02
-1.5225375543E-02
1.9089679317E-01
4.5389063754E-02
1.4376540087E-01
5.6784006936E-02
-4.8224071232E-02
1.6595120948E-01
2.3243414043E-01
7.7214918874E-02
8.4658306483E-02
-5.5133247041E-02
1.3659093941E-01
2.9693700287E-02
-8.7920737705E-02
3.3355637986E-02
-2.2931213539E-02
3.7467578751E-03
3.8399375073E-02
4.9634954888E-03
2.1405496395E-02
2.8162951583E-02
-6.5261473893E-01
-5.1644081654E-02
2.5570417279E-02
1.3305697087E-02
-4.3603799025E-01
-2.8330034307E-02
1.1010486829E-01
2.2525380077E-02
5.4047780168E-02
-7.0429340194E-02
5.4129029171E-02
1.1045639726E-02
3.1268101957E-03
-9.9584723908E-03
5.2735710569E-03
6.6041596438E-03
-8.9427669627E-04
3.0547395706E-04
-1.4566586942E-03
3.6799802990E-03
3.1687496878E-05
6.6144755151E-05
-1.7870269987E-04
3.8186280343E-04
0.09487920434219205472
0.30961290198912448459
0.20795219406308091492
0.09188941309282110907
.02663592051405865221
0.00310148899326675586
-0.00032607029032764185
4.04135552116972932498
1.35719271098998226468
0.59971303610720166208
0.17383840230713343060
0.02024175928434989508
-0.00212808632915323417
1.82312300426486350403
0.40279859419781186689
0.11675894944926667805
0.0135954226320489592
-0.00142933391489805416
0.35597533925727877180
0.05159316248893695065
0.00600751250563327392
-0.00063159061699442900
0.02991054853590308453
0.00174139348812276274
-0.00018307873459476013
0.00040553603045244911
-0.00002131770441149785
0.00000448240834106878
0.04743960301977338377
0.15480645377784198554
0.10397609889456203284
0.04594470737014626538
0.01331796049572531669
0.00155074452440821161
-0.00016303514807640568
2.02067779709558005938
0.6785963677146400783
0.29985652345650678331
0.08691920271918310101
0.01012087982435179073
-0.00106404318368068354
0.91156151849125550674
0.20139930071543256188
0.05837947577260400067
0.00679771143796721476
-0.00071466697023650177
0.17798767282673237521
0.02579658170782857996
0.00300375630673362556
-0.00031579531415120624
0.01495527453648977858
0.00087069675968505030
-0.00009153936893575086
0.00020276801886218971
-0.00001065885239639072
0.00000224120421051723
  1  1  0
  96  97  98  99 100 101 102 103 104 105 106 107 108 109 110 111 112 113 114 115
 116 117 118 119 120 121 122 123 124 125 126 127 128 129 130 131 132 133 134 135
 136 137 138 139 140 141 142 143 144 145 146 147 148 149 150 151 152 153 154 155
 156 157 158 159 160 161 162 163 164 165 166 167 168 169 170 171 172 173 174 175
 176 177 178 179 180 181 182 183 184 185 186 187 188 189 190 191 192
  97  98  99 100 101 102 103 104 105 106 107 108 109 110 111 112 113 114 115 116
 117 118 119 120 121 122 123 124 125 126 127 128 129 130 131 132 133 134 135 136
 137 138 139 140 141 142 143 144 145 146 147 148 149 150 151 152 153 154 155 156
 157 158 159 160 161 162 163 164 165 166 167 168 169 170 171 172 173 174 175 176
 177 178 179 180 181 182 183 184 185 186 187 188 189 190 191 192$
  1  1  1  1  1  1  1  1  1  1  1  1  1  1  1  1  1  1  1  1
  1  1  0
  96   1   2   3   4   5   6   7   8   9  10  11  12  13  14  15  16  17  18  19
  20  21  22  23  24  25  26  27  28  29  30  31  32  33  34  35  36  37  38  39
  40  41  42  43  44  45  46  47  48  49  50  51  52  53  54  55  56  57  58  59
  60  61  62  63  64  65  66  67  68  69  70  71  72  73  74  75  76  77  78  79
  80  81  82  83  84  85  86  87  88  89  90  91  92  93  94  95  96
   1   2   3   4   5   6   7   8   9  10  11  12  13  14  15  16  17  18  19  20
  21  22  23  24  25  26  27  28  29  30  31  32  33  34  35  36  37  38  39  40
  41  42  43  44  45  46  47  48  49  50  51  52  53  54  55  56  57  58  59  60
  61  62  63  64  65  66  67  68  69  70  71  72  73  74  75  76  77  78  79  80
  81  82  83  84  85  86  87  88  89  90  91  92  93  94  95  96
  1  1  1  1  1  1  1  1  1  1  1  1  1  1  1  1  1  1  1  1
  2  2  0
  28 221 222 223 224 225 226 227 228 229 230 231 232 233 234 235 236 237 238 239
 240 241 242 243 244 245 246 247 248
 221 222 223 224 225 226 227 228 229 230 231 232 233 234 235 236 237 238 239 240
 241 242 243 244 245 246 247 248$
  1  1  1  1  1  1  1  1  1  1  1  1  1  1  1  1  1  1  1  1
  0  0  0
  28 193 194 195 196 197 198 199 200 201 202 203 204 205 206 207 208 209 210 211
 212 213 214 215 216 217 218 219 220
 193 194 195 196 197 198 199 200 201 202 203 204 205 206 207 208 209 210 211 212
 213 214 215 216 217 218 219 220
  1  1  1  1  1  1  1  1  1  1  1  1  1  1  1  1  1  1  1  1
  1  1  0 -1
   1   2
25
  0  1  0  1  0  0  0  0
  1  1  0
   1   3
30
  0  1  0  1  0  0  0  0
  1  1  
   1   4
121
  0  1  0  1  0  0  0  0
  1  1  0
   1   5
77
  0  1  0  1  0  0  0  0
  1  1  0
   1   6
194
  0  1  0  1  0  0  0  0
  1  1  0
   1   7 1  1  0 -1$
   1   2$
25$
  
201
  0  1  0  1
  1  1  0
   1   8
99
  0  1  0  1
  1  1  0
   1   9
228
  0  1  0  1
  1  1  0
   1  10
26
  0  1  0  1
  1  1  0
   1  11
125
  0  1  0  1
  1  1  0
   1  12
54
  0  1  0  1
  1  1  0
   1  13
101
  0  1  0  1
  1  1  0
   1  14
228
  0  1  0  1
  1  1  0
   1  15
55
  0  1  0  1
  1  1  0
   1  16
75
  0  1  0  1
  1  1  0
   1  17
194
  0  1  0  1
  1  1  0
   1  18
26
  0  1  0  1$
  1  1  0$
   1  19
125
  0  1  0  1
  1  1  0
   1  20
54
  0  1  0  1
  1  1  0$
   1  21
101
  0  1  0  1
  1  1  0
   1  22
228
  0  1  0  1
  1  1  0
   1  23
55
  0  1  0  1
  1  1  0
   1  24
75
  0  1  0  1
  1  1  0
   1  25
201
  0  1  0  1
  1  1  0
   1  26
26
  0  1  0  1
  1  1  0
   1  27
125
  0  1  0  1
  1  1  0
   1  28
15
  0  1  0  1
  1  1  0
   1  29
100
  0  1  0  1
  1  1  0
   1  30
228
  0  1  0  1
  1  1  0
   1  31
154
  0  1  0  1
  1  1  0
   1  32
194
  0  1  0  1$
  1  1  0
   1  33
102
  0  1  0  1
  1  1  0
   1  34
75
  0  1  0  1
  1  1  0
   1  35
121
  0  1  0  1
  1  1  0
   1  36
55
  0  1  0  1
  1  1  0
   1  37
7
  0  1  0  1
  1  1  0
   1  38
3
  0  1  0  1
  1  1  0
   1  39
149
  0  1  0  1
  1  1  0
   1  40
77
  0  1  0  1
  1  1  0
   1  41
230
  0  1  0  1
  1  1  0
   1  42
26
  0  1  0  1
  1  1  0
   1  43
125
  0  1  0  1
  1  1  0
   1  44
54
  0  1  0  1
  1  1  0
   1  45
101
  0  1  0  1
  1  1  0
   1  46
228
  0  1  0  1
  1  1  0
   1  47
55
  0  1  0  1
  1  1  0
   1  48
75
  0  1  0  1
  1  1  0
   1  49
194
  0  1  0  1
  1  1  0
   1  50
3
  0  1  0  1
  1  1  0
   1  51
121
  0  1  0  1
  1  1  0
   1  52
43
  0  1  0  1
  1  1  0
   1  53
121
  0  1  0  1
  1  1  0
   1  54
200
  0  1  0  1
  1  1  0
   1  55
55
  0  1  0  1
  1  1  0
   1  56
75
  0  1  0  1
  1  1  0
   1  57
194
  0  1  0  1
  1  1  0
   1  58
5
  0  1  0  1
  1  1  0
   1  59
31
  0  1  0  1
  1  1  0
   1  60
11
  0  1  0  1
  1  1  0
   1  61
101
  0  1  0  1
  1  1  0
   1  62
194
  0  1  0  1
  1  1  0
   1  63
43
  0  1  0  1
  1  1  0
   1  64
175
  0  1  0  1
  1  1  0
   1  65
98
  0  1  0  1
  1  1  0
   1  66
201
  0  1  0  1
  1  1  0
   1  67
150
  0  1  0  1
  1  1  0
   1  68
13
  0  1  0  1
  1  1  0
   1  69
14
  0  1  0  1
  1  1  0
   1  70
17
  0  1  0  1
  1  1  0
   1  71
35
  0  1  0  1
  1  1  0
   1  72
2
  0  1  0  1
  1  1  0
   1  73
3
  0  1  0  1
  1  1  0
   1  74
24
  0  1  0  1
  1  1  0
   1  75
55
  0  1  0  1
  1  1  0
   1  76
15
  0  1  0  1
  1  1  0
   1  77
154
  0  1  0  1
  1  1  0
   1  78
201
  0  1  0  1
  1  1  0
   1  79
54
  0  1  0  1
  1  1  0
   1  80
26
  0  1  0  1
  1  1  0
   1  81
230
  0  1  0  1
  1  1  0
   1  81
9
  0  1  0  1
  1  1  0
   1  82
101
  0  1  0  1
  1  1  0
   1  83
43
  0  1  0  1
  1  1  0
   1  84
7
  0  1  0  1
  1  1  0
   1  85
18
  0  1  0  1
  1  1  0
   1  86
30
  0  1  0  1
  1  1  0
   1  87
31
  0  1  0  1
  1  1  0
   1  88
98
  0  1  0  1
  1  1  0
   1  98
201
  0  1  0  1
  1  1  0
   1  99
99
  0  1  0  1
  1  1  0
   1 100
228
  0  1  0  1
  1  1  0
   1 101
26
  0  1  0  1
  1  1  0
   1 102
125
  0  1  0  1
  1  1  0
   1 103
54
  0  1  0  1
  1  1  0
   1 104
101
  0  1  0  1
  1  1  0
   1 105
228
  0  1  0  1
  1  1  0
   1 106
55
  0  1  0  1
  1  1  0
   1 107
75
  0  1  0  1
  1  1  0
   1 108
194
  0  1  0  1
  1  1  0
   1 109
26
  0  1  0  1
  1  1  0
   1 110
125
  0  1  0  1
  1  1  0
   1 111
54
  0  1  0  1
  1  1  0
   1 112
101
  0  1  0  1
  1  1  0
   1 113
228
  0  1  0  1
  1  1  0
   1 114
55
  0  1  0  1
  1  1  0
   1 115
75
  0  1  0  1
  1  1  0
   1 116
201
  0  1  0  1
  1  1  0
   1 117
26
  0  1  0  1
  1  1  0
   1 118
125
  0  1  0  1
  1  1  0
   1 119
15
  0  1  0  1
  1  1  0
   1 120
100
  0  1  0  1
  1  1  0
   1 121
228
  0  1  0  1
  1  1  0
   1 122
154
  0  1  0  1
  1  1  0
   1 123
194
  0  1  0  1
  1  1  0
   1 124
102
  0  1  0  1
  1  1  0
   1 125
75
  0  1  0  1
  1  1  0
   1 126
121
  0  1  0  1
  1  1  0
   1 127
55
  0  1  0  1
  1  1  0
   1 128
7
  0  1  0  1
  1  1  0
   1 129
3
  0  1  0  1
  1  1  0
   1 130
14
  0  1  0  1
  1  1  0
   1 131
77
  0  1  0  1
  1  1  0
   1 132
230
  0  1  0  1
  1  1  0
   1 133
26
  0  1  0  1
  1  1  0
   1 134
3
  0  1  0  1
  1  1  0
   1 135
99
  0  1  0  1
  1  1  0
   1 136
228
  0  1  0  1
  1  1  0
   1 137
26
  0  1  0  1
  1  1  0
   1 138
125
  0  1  0  1
  1  1  0
   1 139
54
  0  1  0  1
  1  1  0
   1 140
101
  0  1  0  1
  1  1  0
   1 141
228
  0  1  0  1
  1  1  0
   1 142
55
  0  1  0  1
  1  1  0
   1 143
75
  0  1  0  1
  1  1  0
   1 144
194
  0  1  0  1
  1  1  0
   1 145
26
  0  1  0  1
  1  1  0
   1 146
125
  0  1  0  1
  1  1  0
   1 147
54
  0  1  0  1
  1  1  0
   1 148
101
  0  1  0  1
  1  1  0
   1 149
228
  0  1  0  1
  1  1  0
   1 150
55
  0  1  0  1
  1  1  0
   1 151
75
  0  1  0  1
  1  1  0
   1 152
201
  0  1  0  1
  1  1  0
   1 153
26
  0  1  0  1
  1  1  0
   1 154
125
  0  1  0  1
  1  1  0
   1 155
15
  0  1  0  1
  1  1  0
   1 156
100
  0  1  0  1
  1  1  0
   1 157
228
  0  1  0  1$
  1  1  0$
   1 158
154
  0  1  0  1
  1  1  0
   1 159
194
  0  1  0  1
  1  1  0
   1 160
102
  0  1  0  1
  1  1  0
   1 161
75
  0  1  0  1
  1  1  0
   1 162
121
  0  1  0  1
  1  1  0
   1 163
55
  0  1  0  1
  1  1  0
   1 164
7
  0  1  0  1
  1  1  0
   1 165
3
  0  1  0  1
  1  1  0
   1 166
149
  0  1  0  1
  1  1  0
   1 167
77
  0  1  0  1
  1  1  0
   1 168
230
  0  1  0  1
  1  1  0
   1 169
26
  0  1  0  1
  1  1  0
   1 170
121
  0  1  0  1
  1  1  0
   1 171
55
  0  1  0  1
  1  1  0
   1 172
7
  0  1  0  1
  1  1  0
   1 173
3
  0  1  0  1
  1  1  0
   1 174
149
  0  1  0  1
  1  1  0
   1 175
77
  0  1  0  1
  1  1  0
   1 176
230
  0  1  0  1
  1  1  0
   1 177
26
  0  1  0  1
  1  1  0
   1 178
121
  0  1  0  1
  1  1  0
   1 179
55
  0  1  0  1
  1  1  0
   1 180
7
  0  1  0  1
  1  1  0
   1 181
3
  0  1  0  1
  1  1  0
   1 182
149
  0  1  0  1
  1  1  0
   1 183
77
  0  1  0  1
  1  1  0
   1 184
230
  0  1  0  1
  1  1  0
   1 185
26
  0  1  0  1
  0  0  0
   1 195
31
  0  1  0  1
  0  0  0
   1 196
7
  0  1  0  1
  0  0  0
   1 197
13
  0  1  0  1
  0  0  0
   1 198
102
  0  1  0  1
  0  0  0
   1 199
11
  0  1  0  1
  0  0  0
   1 200
30
  0  1  0  1
  0  0  0
   1 201
31
  0  1  0  1
  0  0  0
   1 202
7
  0  1  0  1
  0  0  0
   1 203
13
  0  1  0  1
  0  0  0
   1 204
102
  0  1  0  1
  0  0  0
   1 205
11
  0  1  0  1
  0  0  0
   1 206
30
  0  1  0  1
  0  0  0
   1 207
31
  0  1  0  1
  0  0  0
   1 208
7
  0  1  0  1
  0  0  0
   1 209
13
  0  1  0  1
  0  0  0
   1 210
102
  0  1  0  1
  0  0  0
   1 211
11
  0  1  0  1
  0  0  0
   1 212
30
  0  1  0  1
  0  0  0
   1 213
7
  0  1  0  1
  0  0  0
   1 214
13
  0  1  0  1
  0  0  0
   1 215
102
  0  1  0  1
  0  0  0
   1 216
11
  0  1  0  1
  0  0  0
   1 217
30
  0  1  0  1
  2  2  0
   1 223
43
  0  1  0  1
  2  2  0
   1 224
35
  0  1  0  1
  2  2  0
   1 225
201
  0  1  0  1
  2  2  0
   1 226
11
  0  1  0  1
  2  2  0
   1 227
175
  0  1  0  1
  2  2  0
   1 228
99
  0  1  0  1
  2  2  0
   1 229
18
  0  1  0  1
  2  2  0
   1 230
43
  0  1  0  1
  2  2  0
   1 231
35
  0  1  0  1
  2  2  0
   1 232
201
  0  1  0  1
  2  2  0
   1 233
11
  0  1  0  1
  2  2  0
   1 234
175
  0  1  0  1
  2  2  0
   1 235
99
  0  1  0  1
  2  2  0
   1 236
18
  0  1  0  1
  2  2  0
   1 237
43
  0  1  0  1
  2  2  0
   1 238
35
  0  1  0  1
  2  2  0
   1 239
201
  0  1  0  1
  2  2  0
   1 240
11
  0  1  0  1
  2  2  0
   1 241
175
  0  1  0  1
  2  2  0
   1 242
35
  0  1  0  1
  2  2  0
   1 243
201
  0  1  0  1
  2  2  0
   1 244
11
  0  1  0  1
  2  2  0
   1 245
175
  0  1  0  1
