  0  2  2  1  0
  1  1  1  1  1  1  1  1  1  1  1  1  1  1
  4
 32  4
  4  8  1  3                  He3 t12=1,s12=0 T=S=0
  1  1  1  1
  4  1  2  3
  1  4  2  3
  2  3  1  4
  3  2  1  4
  2  1  4  3
  2  1  3  4
  1  2  4  3
  1  2  3  4
 -1 48
  1 48
  1 48
 -1 48
  1 12
 -1 12
 -1 12
  1 12
  4  8  1  3                  He3 t12=1,s12=0 T=S=0$
  1  1  1  1
  4  1  2  3
  1  4  2  3
  2  3  1  4
  3  2  1  4
  2  1  4  3
  2  1  3  4
  1  2  4  3
  1  2  3  4
 -1 48
  1 48
  1 48
 -1 48
  1 12
 -1 12
 -1 12
  1 12
  4  8  1  3                  He3 t12=1,s12=0 T=S=0$
  1  1  1  1
  4  1  2  3
  1  4  2  3
  2  3  1  4
  3  2  1  4
  2  1  4  3
  2  1  3  4
  1  2  4  3
  1  2  3  4
 -1 48
  1 48
  1 48
 -1 48
  1 12
 -1 12
 -1 12
  1 12
  4  8  1  3                  He3 t12=1,s12=0 T=S=0$
  1  1  1  1
  4  1  2  3
  1  4  2  3
  2  3  1  4
  3  2  1  4
  2  1  4  3
  2  1  3  4
  1  2  4  3
  1  2  3  4
 -1 48
  1 48
  1 48
 -1 48
  1 12
 -1 12
 -1 12
  1 12
  4  8  1  3                  He3 t12=1,s12=0 T=S=0$
  1  1  1  1
  4  1  2  3
  1  4  2  3
  2  3  1  4
  3  2  1  4
  2  1  4  3
  2  1  3  4
  1  2  4  3
  1  2  3  4
 -1 48
  1 48
  1 48
 -1 48
  1 12
 -1 12
 -1 12
  1 12
  4  8  1  3                  He3 t12=1,s12=0 T=S=0$
  1  1  1  1
  4  1  2  3
  1  4  2  3
  2  3  1  4
  3  2  1  4
  2  1  4  3
  2  1  3  4
  1  2  4  3
  1  2  3  4
 -1 48
  1 48
  1 48
 -1 48
  1 12
 -1 12
 -1 12
  1 12
  4  8  1  3                   He3 t12=0,s12=1 ,S=T=0
  1  1  1  1
  4  2  1  3
  4  1  2  3
  2  4  1  3
  2  3  1  4
  3  2  1  4
  3  1  2  4
  1  4  2  3
  1  3  2  4
 -1 12
  1 48
  1 12
 -1 48
  1 48
 -1 12
 -1 48
  1 12
  4  8  1  3                   He3 t12=0,s12=1 ,S=T=0$
  1  1  1  1
  4  2  1  3
  4  1  2  3
  2  4  1  3
  2  3  1  4
  3  2  1  4
  3  1  2  4
  1  4  2  3
  1  3  2  4
 -1 12
  1 48
  1 12
 -1 48
  1 48
 -1 12
 -1 48
  1 12
  4  8  1  3                   He3 t12=0,s12=1 ,S=T=0$
  1  1  1  1
  4  2  1  3
  4  1  2  3
  2  4  1  3
  2  3  1  4
  3  2  1  4
  3  1  2  4
  1  4  2  3
  1  3  2  4
 -1 12
  1 48
  1 12
 -1 48
  1 48
 -1 12
 -1 48
  1 12
  4  8  1  3                   He3 t12=0,s12=1 ,S=T=0$
  1  1  1  1
  4  2  1  3
  4  1  2  3
  2  4  1  3
  2  3  1  4
  3  2  1  4
  3  1  2  4
  1  4  2  3
  1  3  2  4
 -1 12
  1 48
  1 12
 -1 48
  1 48
 -1 12
 -1 48
  1 12
  4  8  1  3                   He3 t12=0,s12=1 ,S=T=0$
  1  1  1  1
  4  2  1  3
  4  1  2  3
  2  4  1  3
  2  3  1  4
  3  2  1  4
  3  1  2  4
  1  4  2  3
  1  3  2  4
 -1 12
  1 48
  1 12
 -1 48
  1 48
 -1 12
 -1 48
  1 12
  4  8  1  3                   He3 t12=0,s12=1 ,S=T=0$
  1  1  1  1
  4  2  1  3
  4  1  2  3
  2  4  1  3
  2  3  1  4
  3  2  1  4
  3  1  2  4
  1  4  2  3
  1  3  2  4
 -1 12
  1 48
  1 12
 -1 48
  1 48
 -1 12
 -1 48
  1 12
  4  8  1  3                   t(H3),  s12=1, t12=0 S=T=0
  1  1  1  1
  4  2  3  1
  4  1  3  2
  2  4  3  1
  2  3  4  1
  3  2  4  1
  3  1  4  2
  1  4  3  2
  1  3  4  2
  1 12
 -1 48
 -1 12
  1 48
 -1 48
  1 12
  1 48
 -1 12
  4  8  1  3                   t(H3),  s12=1, t12=0 S=T=0$
  1  1  1  1
  4  2  3  1
  4  1  3  2
  2  4  3  1
  2  3  4  1
  3  2  4  1
  3  1  4  2
  1  4  3  2
  1  3  4  2
  1 12
 -1 48
 -1 12
  1 48
 -1 48
  1 12
  1 48
 -1 12
  4  8  1  3                   t(H3),  s12=1, t12=0 S=T=0$
  1  1  1  1
  4  2  3  1
  4  1  3  2
  2  4  3  1
  2  3  4  1
  3  2  4  1
  3  1  4  2
  1  4  3  2
  1  3  4  2
  1 12
 -1 48
 -1 12
  1 48
 -1 48
  1 12
  1 48
 -1 12
  4  8  1  3                   t(H3),  s12=1, t12=0 S=T=0$
  1  1  1  1
  4  2  3  1
  4  1  3  2
  2  4  3  1
  2  3  4  1
  3  2  4  1
  3  1  4  2
  1  4  3  2
  1  3  4  2
  1 12
 -1 48
 -1 12
  1 48
 -1 48
  1 12
  1 48
 -1 12
  4  8  1  3                   t(H3),  s12=1, t12=0 S=T=0$
  1  1  1  1
  4  2  3  1
  4  1  3  2
  2  4  3  1
  2  3  4  1
  3  2  4  1
  3  1  4  2
  1  4  3  2
  1  3  4  2
  1 12
 -1 48
 -1 12
  1 48
 -1 48
  1 12
  1 48
 -1 12
  4  8  1  3                   t(H3),  s12=1, t12=0 S=T=0$
  1  1  1  1
  4  2  3  1
  4  1  3  2
  2  4  3  1
  2  3  4  1
  3  2  4  1
  3  1  4  2
  1  4  3  2
  1  3  4  2
  1 12
 -1 48
 -1 12
  1 48
 -1 48
  1 12
  1 48
 -1 12
  4  8  1  3                     t(H3) , s12=0 ,t12=1 ,S=T=0
  1  1  1  1
  4  3  2  1
  4  3  1  2
  4  1  3  2
  2  3  4  1
  3  4  2  1
  3  4  1  2
  3  2  4  1
  1  4  3  2
  1 12
 -1 12
  1 48
 -1 48
 -1 12
  1 12
  1 48
 -1 48
  4  8  1  3                     t(H3) , s12=0 ,t12=1 ,S=T=0$
  1  1  1  1$
  4  3  2  1$
  4  3  1  2$
  4  1  3  2$
  2  3  4  1$
  3  4  2  1$
  3  4  1  2$
  3  2  4  1$
  1  4  3  2$
  1 12$
 -1 12
  1 48
 -1 48
 -1 12
  1 12
  1 48
 -1 48
  4  8  1  3                     t(H3) , s12=0 ,t12=1 ,S=T=0$
  1  1  1  1
  4  3  2  1
  4  3  1  2
  4  1  3  2
  2  3  4  1
  3  4  2  1
  3  4  1  2
  3  2  4  1
  1  4  3  2
  1 12
 -1 12
  1 48
 -1 48
 -1 12
  1 12
  1 48
 -1 48
  4  8  1  3                     t(H3) , s12=0 ,t12=1 ,S=T=0$
  1  1  1  1
  4  3  2  1
  4  3  1  2
  4  1  3  2
  2  3  4  1
  3  4  2  1
  3  4  1  2
  3  2  4  1
  1  4  3  2
  1 12
 -1 12
  1 48
 -1 48
 -1 12
  1 12
  1 48
 -1 48
  4  8  1  3                     t(H3) , s12=0 ,t12=1 ,S=T=0$
  1  1  1  1
  4  3  2  1
  4  3  1  2
  4  1  3  2
  2  3  4  1
  3  4  2  1
  3  4  1  2
  3  2  4  1
  1  4  3  2
  1 12
 -1 12
  1 48
 -1 48
 -1 12
  1 12
  1 48
 -1 48
  4  8  1  3                     t(H3) , s12=0 ,t12=1 ,S=T=0$
  1  1  1  1
  4  3  2  1
  4  3  1  2
  4  1  3  2
  2  3  4  1
  3  4  2  1
  3  4  1  2
  3  2  4  1
  1  4  3  2
  1 12
 -1 12
  1 48
 -1 48
 -1 12
  1 12
  1 48
 -1 48
  4  8  1  2                         dq    s12=0,t12=1  S=T=0
  1  1  1  1
  1  4  2  3
  1  4  3  2
  2  3  1  4
  2  3  4  1
  3  2  1  4
  3  2  4  1
  4  1  2  3
  4  1  3  2
  1 48
 -1 48
  1 48
 -1 48
 -1 48
  1 48
 -1 48
  1 48
  4  8  1  2                         dq    s12=0,t12=1  S=T=0$
  1  1  1  1
  1  4  2  3
  1  4  3  2
  2  3  1  4
  2  3  4  1
  3  2  1  4
  3  2  4  1
  4  1  2  3
  4  1  3  2
  1 48
 -1 48
  1 48
 -1 48
 -1 48
  1 48
 -1 48
  1 48
  4  8  1  2                         dq    s12=0,t12=1  S=T=0$
  1  1  1  1
  1  4  2  3
  1  4  3  2
  2  3  1  4
  2  3  4  1
  3  2  1  4
  3  2  4  1
  4  1  2  3
  4  1  3  2
  1 48
 -1 48
  1 48
 -1 48
 -1 48
  1 48
 -1 48
  1 48
  4  8  1  2                         dq    s12=0,t12=1  S=T=0$
  1  1  1  1
  1  4  2  3
  1  4  3  2
  2  3  1  4
  2  3  4  1
  3  2  1  4
  3  2  4  1
  4  1  2  3
  4  1  3  2
  1 48
 -1 48
  1 48
 -1 48
 -1 48
  1 48
 -1 48
  1 48
  4 16  1  2                         d   ,s12=1,t12=0,S=T=0
  1  1  1  1
  1  4  2  3
  1  4  3  2
  1  3  2  4
  1  3  4  2
  2  3  1  4
  2  3  4  1
  2  4  1  3
  2  4  3  1
  3  2  1  4
  3  2  4  1
  3  1  2  4
  3  1  4  2
  4  1  2  3
  4  1  3  2
  4  2  1  3
  4  2  3  1
 -1 48
  1 48
  1 12
 -1 12
 -1 48
  1 48
  1 12
 -1 12
  1 48
 -1 48
 -1 12
  1 12
  1 48
 -1 48
 -1 12
  1 12
  4 16  1  2                         d   ,s12=1,t12=0,S=T=0$
  1  1  1  1$
  1  4  2  3$
  1  4  3  2$
  1  3  2  4$
  1  3  4  2$
  2  3  1  4$
  2  3  4  1$
  2  4  1  3$
  2  4  3  1$
  3  2  1  4$
  3  2  4  1$
  3  1  2  4$
  3  1  4  2$
  4  1  2  3$
  4  1  3  2$
  4  2  1  3$
  4  2  3  1$
 -1 48
  1 48
  1 12
 -1 12
 -1 48
  1 48
  1 12
 -1 12
  1 48
 -1 48
 -1 12
  1 12
  1 48
 -1 48
 -1 12
  1 12
  4 16  1  2                         d   ,s12=1,t12=0,S=T=0$
  1  1  1  1
  1  4  2  3
  1  4  3  2
  1  3  2  4
  1  3  4  2
  2  3  1  4
  2  3  4  1
  2  4  1  3
  2  4  3  1
  3  2  1  4
  3  2  4  1
  3  1  2  4
  3  1  4  2
  4  1  2  3
  4  1  3  2
  4  2  1  3
  4  2  3  1
 -1 48
  1 48
  1 12
 -1 12
 -1 48
  1 48
  1 12
 -1 12
  1 48
 -1 48
 -1 12
  1 12
  1 48
 -1 48
 -1 12
  1 12
  4 16  1  2                         d   ,s12=1,t12=0,S=T=0$
  1  1  1  1
  1  4  2  3
  1  4  3  2
  1  3  2  4
  1  3  4  2
  2  3  1  4
  2  3  4  1
  2  4  1  3
  2  4  3  1
  3  2  1  4
  3  2  4  1
  3  1  2  4
  3  1  4  2
  4  1  2  3
  4  1  3  2
  4  2  1  3
  4  2  3  1
 -1 48
  1 48
  1 12
 -1 12
 -1 48
  1 48
  1 12
 -1 12
  1 48
 -1 48
 -1 12
  1 12
  1 48
 -1 48
 -1 12
  1 12
