 10  8  9  3 00  0  0  1
nnn_pot
  8
  8 20
                                                8.432585    8.060439                   He3  1-12
                                                8.432585    1.305161
                                                8.432585    0.145403
                                                8.432585    0.044351
                                                2.962673    8.060439
                                                2.962673    1.305161
                                                2.962673    0.145403
                                                2.962673    0.044351
  129.566500   51.346700   29.472870   13.423390    8.214456    4.447413
    2.939000    1.690174    1.185236    0.843000    0.500110    0.257369
    0.138520    0.071429    0.038519    0.018573    0.009726    0.005619
    0.002765    0.001010
  1  1
          1.

  1  1
                      1.

  1  1
                                  1.

  1  1
                                              1.

  1  1
                                                          1.

  1  1
                                                                      1.

  1  1

          1.
  1  1

                      1.
  8 
  8 20
                                                2.245603    8.060439
                                                2.245603    1.305161
                                                2.245603    0.145403
                                                2.245603    0.044351
                                                0.846922    8.060439
                                                0.846922    1.305161
                                                0.846922    0.145403
                                                0.846922    0.044351
  129.566500   51.346700   29.472870   13.423390    8.214456    4.447413
    2.939000    1.690174    1.185236    0.843000    0.500110    0.257369
    0.138520    0.071429    0.038519    0.018573    0.009726    0.005619
    0.002765    0.001010
  1  1
          1.

  1  1
                      1.

  1  1
                                  1.

  1  1

                                              1.

  1  1
                                                          1.

  1  1
                                                                      1.

  1  1

          1.
  1  1

                      1.

  1  1

          1.
  1  1

                      1.
  8
  8 20
                                                0.589267    8.060439
                                                0.589267    1.305161
                                                0.589267    0.145403
                                                0.589267    0.044351
                                                0.451049    8.060439
                                                0.451049    1.305161
                                                0.451049    0.145403
                                                0.451049    0.044351
  129.566500   51.346700   29.472870   13.423390    8.214456    4.447413
    2.939000    1.690174    1.185236    0.843000    0.500110    0.257369
    0.138520    0.071429    0.038519    0.018573    0.009726    0.005619
    0.002765    0.001010
  1  1
          1.

  1  1
                      1.

  1  1
                                  1.

  1  1
                                              1.

  1  1
                                                          1.

  1  1
                                                                      1.

  1  1

          1.
  1  1

                      1.
  8
  8 20
                                                4.483318    3.818847
                                                4.483318    0.725218
                                                4.483318    0.156155
                                                4.483318    0.018995
                                                2.321698    3.818847
                                                2.321698    0.725218
                                                2.321698    0.156155
                                                2.321698    0.018995
  129.566500   51.346700   29.472870   13.423390    8.214456    4.447413
    2.939000    1.690174    1.185236    0.843000    0.500110    0.257369
    0.138520    0.071429    0.038519    0.018573    0.009726    0.005619
    0.002765    0.001010
  1  1
          1.

  1  1
                      1.

  1  1
                                  1.

  1  1
                                              1.

  1  1
                                                          1.

  1  1
                                                                      1.

  1  1

          1.
  1  1

                      1.
  8
  8 20
                                                0.210878    3.818847
                                                0.210878    0.725218
                                                0.210878    0.156155
                                                0.210878    0.018995
                                                0.184513    3.818847
                                                0.184513    0.725218
                                                0.184513    0.156155
                                                0.184513    0.018995
  129.566500   51.346700   29.472870   13.423390    8.214456    4.447413
    2.939000    1.690174    1.185236    0.843000    0.500110    0.257369
    0.138520    0.071429    0.038519    0.018573    0.009726    0.005619
    0.002765    0.001010
  1  1
          1.

  1  1
                      1.

  1  1
                                  1.

  1  1
                                              1.

  1  1
                                                          1.

  1  1
                                                                      1.

  1  1

          1.
  1  1

                      1.
  8
  8 20
                                                0.089393    3.818847
                                                0.089393    0.725218
                                                0.089393    0.156155
                                                0.089393    0.018995
                                                0.026104    3.818847
                                                0.026104    0.725218
                                                0.026104    0.156155
                                                0.026104    0.018995
  129.566500   51.346700   29.472870   13.423390    8.214456    4.447413
    2.939000    1.690174    1.185236    0.843000    0.500110    0.257369
    0.138520    0.071429    0.038519    0.018573    0.009726    0.005619
    0.002765    0.001010
  1  1
          1.

  1  1
                      1.

  1  1
                                  1.

  1  1
                                              1.

  1  1
                                                          1.

  1  1

                                                                      1.

  1  1

          1.
  1  1

                      1.
  8
  8 20
                                                7.277959    9.296762
                                                7.277959    0.695915
                                                7.277959    0.161626
                                                7.277959    0.046345
                                                4.073358    9.296762
                                                4.073358    0.695915
                                                4.073358    0.161626
                                                4.073358    0.046345
  129.566500   51.346700   29.472870   13.423390    8.214456    4.447413
    2.939000    1.690174    1.185236    0.843000    0.500110    0.257369
    0.138520    0.071429    0.038519    0.018573    0.009726    0.005619
    0.002765    0.001010
  1  1
          1.

  1  1
                      1.

  1  1
                                  1.

  1  1
                                              1.

  1  1
                                                          1.

  1  1
                                                                      1.

  1  1

          1.
  1  1

                      1.
  8
  8 20
                                                1.558295    9.296762
                                                1.558295    0.695915
                                                1.558295    0.161626
                                                1.558295    0.046345
                                                1.521183    9.296762
                                                1.521183    0.695915
                                                1.521183    0.161626
  129.566500   51.346700   29.472870   13.423390    8.214456    4.447413
    2.939000    1.690174    1.185236    0.843000    0.500110    0.257369
    0.138520    0.071429    0.038519    0.018573    0.009726    0.005619
    0.002765    0.001010
                                                1.521183    0.046345
  1  1
          1.

  1  1
                      1.

  1  1
                                  1.

  1  1
                                              1.

  1  1
                                                          1.

  1  1
                                                                      1.

  1  1

          1.
  1  1

                      1.
  8
  8 20
                                                1.058311    9.296762
                                                1.058311    0.695915
                                                1.058311    0.161626
                                                1.058311    0.046345
                                                0.653963    9.296762
                                                0.653963    0.695915
                                                0.653963    0.161626
                                                0.653963    0.046345
  129.566500   51.346700   29.472870   13.423390    8.214456    4.447413
    2.939000    1.690174    1.185236    0.843000    0.500110    0.257369
    0.138520    0.071429    0.038519    0.018573    0.009726    0.005619
    0.002765    0.001010
  1  1
          1.

  1  1
                      1.

  1  1
                                  1.

  1  1
                                              1.

  1  1
                                                          1.

  1  1
                                                                      1.

  1  1

          1.
  1  1

                      1.
  8
  8 20
                                                6.897290    1.794779
                                                6.897290    0.246848
                                                6.897290    0.115273
                                                6.897290    0.036504
                                                3.205097    1.794779
                                                3.205097    0.246848
                                                3.205097    0.115273
                                                3.205097    0.036504
  129.566500   51.346700   29.472870   13.423390    8.214456    4.447413
    2.939000    1.690174    1.185236    0.843000    0.500110    0.257369
    0.138520    0.071429    0.038519    0.018573    0.009726    0.005619
    0.002765    0.001010
  1  1
          1.

  1  1
                      1.

  1  1
                                  1.

  1  1
                                              1.

  1  1
                                                          1.

  1  1
                                                                      1.

  1  1

          1.
  1  1

                      1.
  8
  8 20
                                                0.385296     1.794779
                                                0.385296     0.246848
                                                0.385296     0.115273
                                                0.385296     0.036504
                                                0.077785     1.794779
                                                0.077785     0.246848
                                                0.077785     0.115273
                                                0.077785     0.036504
  129.566500   51.346700   29.472870   13.423390    8.214456    4.447413
    2.939000    1.690174    1.185236    0.843000    0.500110    0.257369
    0.138520    0.071429    0.038519    0.018573    0.009726    0.005619
    0.002765    0.001010
  1  1
          1.

  1  1
                      1.

  1  1
                                  1.

  1  1
                                              1.

  1  1
                                                          1.

  1  1
                                                                      1.

  1  1

          1.
  1  1

                      1.
  8
  8 20
                                                0.073667    1.794779            He3   --12 
                                                0.073667    0.246848
                                                0.073667    0.115273
                                                0.073667    0.036504
                                                0.036804    1.794779
                                                0.036804    0.246848
                                                0.036804    0.115273
                                                0.036804    0.036504
  129.566500   51.346700   29.472870   13.423390    8.214456    4.447413
    2.939000    1.690174    1.185236    0.843000    0.500110    0.257369
    0.138520    0.071429    0.038519    0.018573    0.009726    0.005619
    0.002765    0.001010
  1  1
          1.

  1  1
                      1.

  1  1
                                  1.

  1  1
                                              1.

  1  1
                                                          1.

  1  1
                                                                      1.

  1  1

          1.
  1  1

                      1.
  8
  8 20
                                                7.796544    8.853881           t 1 -----13-24
                                                7.796544    3.511592
                                                7.796544    0.179493
                                                7.796544    0.078093
                                                6.873102    8.853881
                                                6.873102    3.511592
                                                6.873102    0.179493
                                                6.873102    0.078093
  129.566500   51.346700   29.472870   13.423390    8.214456    4.447413
    2.939000    1.690174    1.185236    0.843000    0.500110    0.257369
    0.138520    0.071429    0.038519    0.018573    0.009726    0.005619
    0.002765    0.001010
  1  1
          1.

  1  1
                      1.

  1  1
                                  1.

  1  1
                                              1.

  1  1
                                                          1.

  1  1
                                                                      1.

  1  1

          1.
  1  1

                      1.
  8
  8 20
                                                3.617100    8.853881
                                                3.617100    3.511592
                                                3.617100    0.179493
                                                3.617100    0.078093
                                                1.205932    8.853881
                                                1.205932    3.511592
                                                1.205932    0.179493
                                                1.205932    0.078093
  129.566500   51.346700   29.472870   13.423390    8.214456    4.447413
    2.939000    1.690174    1.185236    0.843000    0.500110    0.257369
    0.138520    0.071429    0.038519    0.018573    0.009726    0.005619
    0.002765    0.001010
  1  1
          1.

  1  1
                      1.

  1  1
                                  1.

  1  1
                                              1.

  1  1
                                                          1.

  1  1
                                                                      1.

  1  1

          1.
  1  1

                      1.
  8
  8 20
                                                0.630540    8.853881
                                                0.630540    3.511592
                                                0.630540    0.179493
                                                0.630540    0.078093
                                                0.239074    8.853881
                                                0.239074    3.511592
                                                0.239074    0.179493
                                                0.239074    0.078093
  129.566500   51.346700   29.472870   13.423390    8.214456    4.447413
    2.939000    1.690174    1.185236    0.843000    0.500110    0.257369
    0.138520    0.071429    0.038519    0.018573    0.009726    0.005619
    0.002765    0.001010
  1  1
          1.

  1  1
                      1.

  1  1
                                  1.

  1  1
                                              1.

  1  1
                                                          1.

  1  1
                                                                      1.

  1  1

          1.
  1  1

                      1.
  8
  8 20
                                                4.431169    2.194572
                                                4.431169    0.479721
                                                4.431169    0.080865
                                                4.431169    0.037086
                                                2.107019    2.194572
                                                2.107019    0.479721
                                                2.107019    0.080865
                                                2.107019    0.037086
  129.566500   51.346700   29.472870   13.423390    8.214456    4.447413
    2.939000    1.690174    1.185236    0.843000    0.500110    0.257369
    0.138520    0.071429    0.038519    0.018573    0.009726    0.005619
    0.002765    0.001010
  1  1
          1.

  1  1
                      1.

  1  1
                                  1.

  1  1
                                              1.

  1  1
                                                          1.

  1  1
                                                                      1.

  1  1

          1.
  1  1

                      1.
  8
  8 20
                                                1.497667    2.194572
                                                1.497667    0.479721
                                                1.497667    0.080865
                                                1.497667    0.037086
                                                1.237329    2.194572
                                                1.237329    0.479721
                                                1.237329    0.080865
                                                1.237329    0.037086
  129.566500   51.346700   29.472870   13.423390    8.214456    4.447413
    2.939000    1.690174    1.185236    0.843000    0.500110    0.257369
    0.138520    0.071429    0.038519    0.018573    0.009726    0.005619
    0.002765    0.001010
  1  1
          1.

  1  1
                      1.

  1  1
                                  1.

  1  1
                                              1.

  1  1
                                                          1.

  1  1
                                                                      1.

  1  1

          1.
  1  1

                      1.
  8
  8 20
                                                0.109124    2.194572
                                                0.109124    0.479721
                                                0.109124    0.080865
                                                0.109124    0.037086
                                                0.106078    2.194572
                                                0.106078    0.479721
                                                0.106078    0.080865
                                                0.106078    0.037086
  129.566500   51.346700   29.472870   13.423390    8.214456    4.447413
    2.939000    1.690174    1.185236    0.843000    0.500110    0.257369
    0.138520    0.071429    0.038519    0.018573    0.009726    0.005619
    0.002765    0.001010
  1  1
          1.

  1  1
                      1.

  1  1
                                  1.

  1  1
                                              1.

  1  1
                                                          1.

  1  1
                                                                      1.

  1  1

          1.
  1  1

                      1.
  8
  8 20
                                                11.437199   10.939940
                                                11.437199   0.803592
                                                11.437199   0.385091
                                                11.437199   0.096859
                                                5.716832    10.939940
                                                5.716832    0.803592
                                                5.726832    0.385091
                                                5.726832    0.096859
  129.566500   51.346700   29.472870   13.423390    8.214456    4.447413
    2.939000    1.690174    1.185236    0.843000    0.500110    0.257369
    0.138520    0.071429    0.038519    0.018573    0.009726    0.005619
    0.002765    0.001010
  1  1
          1.

  1  1
                      1.

  1  1
                                  1.

  1  1
                                              1.

  1  1
                                                          1.

  1  1
                                                                      1.

  1  1

          1.
  1  1

                      1.
  8
  8 20
                                                2.856408    10.939940
                                                2.856408    0.803592
                                                2.856408    0.385091
                                                2.856408    0.096859
                                                0.818392    10.939940
                                                0.818392    0.803592
                                                0.818392    0.385091
                                                0.818392    0.096859
  129.566500   51.346700   29.472870   13.423390    8.214456    4.447413
    2.939000    1.690174    1.185236    0.843000    0.500110    0.257369
    0.138520    0.071429    0.038519    0.018573    0.009726    0.005619
    0.002765    0.001010
  1  1
          1.

  1  1
                      1.

  1  1
                                  1.

  1  1
                                              1.

  1  1
                                                          1.

  1  1
                                                                      1.

  1  1

          1.
  1  1

                      1.
  8
  8 20
                                                0.427402    10.939940
                                                0.427402    0.803592
                                                0.427402    0.385091
                                                0.427402    0.096859
                                                0.329039    10.939940
                                                0.329039    0.803592
                                                0.329039    0.385091
                                                0.329039    0.096859
  129.566500   51.346700   29.472870   13.423390    8.214456    4.447413
    2.939000    1.690174    1.185236    0.843000    0.500110    0.257369
    0.138520    0.071429    0.038519    0.018573    0.009726    0.005619
    0.002765    0.001010
  1  1
          1.

  1  1
                      1.

  1  1
                                  1.

  1  1
                                              1.

  1  1
                                                          1.

  1  1
                                                                      1.

  1  1

          1.
  1  1

                      1.
  8
  8 20
                                                7.189841    7.123808
                                                7.189841    0.666481
                                                7.189841    0.182226
                                                7.189841    0.040526
                                                1.939528    7.123808
                                                1.939528    0.666481
                                                1.939528    0.182226
                                                1.939528    0.040526
  129.566500   51.346700   29.472870   13.423390    8.214456    4.447413
    2.939000    1.690174    1.185236    0.843000    0.500110    0.257369
    0.138520    0.071429    0.038519    0.018573    0.009726    0.005619
    0.002765    0.001010
  1  1
          1.

  1  1
                      1.

  1  1
                                  1.

  1  1
                                              1.

  1  1
                                                          1.

  1  1
                                                                      1.

  1  1

          1.
  1  1

                      1.
  8
  8 20
                                                0.820755    7.123808
                                                0.820755    0.666481
                                                0.820755    0.182226
                                                0.820755    0.040526
                                                0.241278    7.123808
                                                0.241278    0.666481
                                                0.241278    0.182226
                                                0.241278    0.040526
  129.566500   51.346700   29.472870   13.423390    8.214456    4.447413
    2.939000    1.690174    1.185236    0.843000    0.500110    0.257369
    0.138520    0.071429    0.038519    0.018573    0.009726    0.005619
    0.002765    0.001010
  1  1
          1.

  1  1
                      1.

  1  1
                                  1.

  1  1
                                              1.

  1  1
                                                          1.

  1  1
                                                                      1.

  1  1

          1.
  1  1

                      1.
  8
  8 20
                                                0.087172    7.123808               t--24
                                                0.087172    0.666481
                                                0.087172    0.182226
                                                0.087172    0.040526
                                                0.018682    7.123808
                                                0.018682    0.666481
                                                0.018682    0.182226
                                                0.018682    0.040526
  129.566500   51.346700   29.472870   13.423390    8.214456    4.447413
    2.939000    1.690174    1.185236    0.843000    0.500110    0.257369
    0.138520    0.071429    0.038519    0.018573    0.009726    0.005619
    0.002765    0.001010
  1  1
          1.

  1  1
                      1.

  1  1
                                  1.

  1  1
                                              1.

  1  1
                                                          1.

  1  1
                                                                      1.

  1  1

          1.
  1  1

                      1.
  8
  8 20
                                                9.820844    9.820844                  dq 1  ----25-28
                                                9.820844    3.277651
                                                9.820844    0.895719
                                                9.820844    0.197909
                                                9.820844    0.048267
                                                9.820844    0.010923
                                                9.820844    0.004835
                                                3.277651    3.277651
  129.566500   51.346700   29.472870   13.423390    8.214456    4.447413
    2.939000    1.690174    1.185236    0.843000    0.500110    0.257369
    0.138520    0.071429    0.038519    0.018573    0.009726    0.005619
    0.002765    0.001010
  1  1
          1.

  1  1
                      1.

  1  1
                                  1.

  1  1
                                              1.

  1  1
                                                          1.

  1  1
                                                                      1.

  1  1

          1.
  1  1

                      1.
  8
  8 20
                                                3.277651    0.895719
                                                3.277651    0.197909
                                                3.277651    0.048267
                                                3.277651    0.010923
                                                3.277651    0.004835
                                                0.895719    0.895719
                                                0.895719    0.197909
                                                0.895719    0.048267
  129.566500   51.346700   29.472870   13.423390    8.214456    4.447413
    2.939000    1.690174    1.185236    0.843000    0.500110    0.257369
    0.138520    0.071429    0.038519    0.018573    0.009726    0.005619
    0.002765    0.001010
  1  1
          1.

  1  1
                      1.

  1  1
                                  1.

  1  1
                                              1.

  1  1
                                                          1.

  1  1
                                                                      1.

  1  1

          1.
  1  1

                      1.
  8
  8 20
                                                0.895719    0.010923
                                                0.895719    0.004835
                                                0.197909    0.197909
                                                0.197909    0.048267
                                                0.197909    0.010923
                                                0.197909    0.004835
                                                0.048267    0.048267
                                                0.048267    0.010923
  129.566500   51.346700   29.472870   13.423390    8.214456    4.447413
    2.939000    1.690174    1.185236    0.843000    0.500110    0.257369
    0.138520    0.071429    0.038519    0.018573    0.009726    0.005619
    0.002765    0.001010
  1  1
          1.

  1  1
                      1.

  1  1
                                  1.

  1  1
                                              1.

  1  1
                                                          1.

  1  1
                                                                      1.

  1  1

          1.
  1  1

                      1.
  4
  4 20
                                                0.048267    0.004835          dq 4-------28
                                                0.010923    0.010923
                                                0.010923    0.004835
                                                0.004835    0.004835
  129.566500   51.346700   29.472870   13.423390    8.214456    4.447413
    2.939000    1.690174    1.185236    0.843000    0.500110    0.257369
    0.138520    0.071429    0.038519    0.018573    0.009726    0.005619
    0.002765    0.001010
  1  1
          1.
  1  1
                      1.
  1  1
                                  1.
  1  1
                                              1.
  8
  8 20
                                                9.820844    9.820844        d 1--(29-32)
                                                9.820844    3.277651
                                                9.820844    0.895719
                                                9.820844    0.197909
                                                9.820844    0.048267
                                                9.820844    0.010923
                                                9.820844    0.004835
                                                3.277651    3.277651
  129.566500   51.346700   29.472870   13.423390    8.214456    4.447413
    2.939000    1.690174    1.185236    0.843000    0.500110    0.257369
    0.138520    0.071429    0.038519    0.018573    0.009726    0.005619
    0.002765    0.001010
  1  1
          1.

  1  1
                      1.

  1  1
                                  1.

  1  1
                                              1.

  1  1
                                                          1.

  1  1
                                                                      1.

  1  1

          1.
  1  1

                      1.
  8
  8 20
                                                3.277651    0.895719
                                                3.277651    0.197909
                                                3.277651    0.048267
                                                3.277651    0.010923
                                                3.277651    0.004835
                                                0.895719    0.895719
                                                0.895719    0.197909
                                                0.895719    0.048267
  129.566500   51.346700   29.472870   13.423390    8.214456    4.447413
    2.939000    1.690174    1.185236    0.843000    0.500110    0.257369
    0.138520    0.071429    0.038519    0.018573    0.009726    0.005619
    0.002765    0.001010
  1  1
          1.

  1  1
                      1.

  1  1
                                  1.

  1  1
                                              1.

  1  1
                                                          1.

  1  1
                                                                      1.

  1  1

          1.
  1  1

                      1.
  8
  8 20
                                                0.895719    0.010923
                                                0.895719    0.004823
                                                0.197909    0.197909
                                                0.197909    0.048267
                                                0.197909    0.010923
                                                0.197909    0.004835
                                                0.048267    0.048267
                                                0.048267    0.010923
  129.566500   51.346700   29.472870   13.423390    8.214456    4.447413
    2.939000    1.690174    1.185236    0.843000    0.500110    0.257369
    0.138520    0.071429    0.038519    0.018573    0.009726    0.005619
    0.002765    0.001010
  1  1
          1.

  1  1
                      1.

  1  1
                                  1.

  1  1
                                              1.

  1  1
                                                          1.

  1  1
                                                                      1.

  1  1

          1.
  1  1

                      1.
  4
  4 20
                                                0.048267    0.004835
                                                0.010923    0.010923
                                                0.010923    0.004835
                                                0.004835    0.004835
  129.566500   51.346700   29.472870   13.423390    8.214456    4.447413
    2.939000    1.690174    1.185236    0.843000    0.500110    0.257369
    0.138520    0.071429    0.038519    0.018573    0.009726    0.005619
    0.002765    0.001010
  1  1
          1.
  1  1
                      1.
  1  1
                                  1.
  1  1
                                              1.
