 11  2 12 31  1  0 +0  0  0 -1  0 +0
  1  1  1  1  0  0  0  0  0  0  0  0  0  0  1  1
   0.0000000   1.0000000   0.0000000   0.0000000   0.0000000   0.0000000   0.0000000
   0.0000000   0.0000000   0.0000000   0.0000000   0.0000000   0.0000000   1.0000000
   0.0000000   0.0000000   0.0000000   0.0000000   0.0000000   0.0000000   0.0000000
   0.0000000   0.0000000   0.0000000   0.0000000   0.0000000   0.0000000   0.0000000
   0.0000000   0.0000000
   1  12   1  -1   0
   1   1
  1  0  0  0  1
   1   2
  0  1  0  0  0
   1   3
  1  0  0  0  0
   1   4
  0  0  0  0  1
   1   5
  1  0  1  0  0
   1   6
  1  1  0  0  0
   1   7
  1  1  0  1  0  0
   1   8
  1  0  0  1  0  0
   1   9
  1  0  0  0  0  1
   1  10
  1  1  0  0  0  0
   1  11
  0  0  0  0  0  1
   1  12
  0  1  0  1  0  0
