 10  8  9  3 00  0  0  0  0
nnn_pot
  8                                                            Z1  BVs 1 - 8
  8 30
                                                4.264094    0.035930    
                                                5.408975    1.416647    
                                                0.005691    0.496776    
                                                0.084116    5.836952    
                                                0.012449    0.008012    
                                                3.735259    0.008382    
                                                0.055178    0.008517    
                                                0.027109    4.258306    
    9.639939    7.396337    6.318425    4.142491    3.696588    3.188871
    1.732688    1.279136    0.757020    0.620370    0.497371    0.490719
    0.391259    0.216382    0.207556    0.201124    0.127947    0.105804
    0.100780    0.059674    0.043572    0.023926    0.021254    0.017068
    0.015117    0.007949    0.007711    0.007350    0.005037    0.003436
  1  1
          1.

  1  1
                      1.

  1  1
                                  1.

  1  1
                                              1.

  1  1
                                                          1.

  1  1
                                                                      1.

  1  1

          1.
  1  1

                      1.
  8                                                            Z2  BVs 9 - 16
  8 30
                                                0.047003    0.184490    
                                                0.606376    0.943361    
                                                0.004048    0.003587    
                                                0.148877    0.217207    
                                                1.663263    0.011746    
                                                0.289051    6.079490    
                                                0.420361    0.058469    
                                                0.462740    3.056528    
    9.639939    7.396337    6.318425    4.142491    3.696588    3.188871
    1.732688    1.279136    0.757020    0.620370    0.497371    0.490719
    0.391259    0.216382    0.207556    0.201124    0.127947    0.105804
    0.100780    0.059674    0.043572    0.023926    0.021254    0.017068
    0.015117    0.007949    0.007711    0.007350    0.005037    0.003436
  1  1
          1.

  1  1
                      1.

  1  1
                                  1.

  1  1
                                              1.

  1  1
                                                          1.

  1  1
                                                                      1.

  1  1

          1.
  1  1

                      1.
  8                                                            Z3  BVs 17 - 24
  8 30
                                                0.006227    0.177545    
                                                16.937948   0.413828    
                                                0.007696    0.029738    
                                                0.014595    0.247674    
                                                3.591504    0.082104    
                                                0.029958    9.883416    
                                                4.263267    0.078305    
                                                0.004114    1.247420    
    9.639939    7.396337    6.318425    4.142491    3.696588    3.188871
    1.732688    1.279136    0.757020    0.620370    0.497371    0.490719
    0.391259    0.216382    0.207556    0.201124    0.127947    0.105804
    0.100780    0.059674    0.043572    0.023926    0.021254    0.017068
    0.015117    0.007949    0.007711    0.007350    0.005037    0.003436
  1  1
          1.

  1  1
                      1.

  1  1
                                  1.

  1  1
                                              1.

  1  1
                                                          1.

  1  1
                                                                      1.

  1  1

          1.
  1  1

                      1.
  8                                                            Z4  BVs 25 - 32
  8 30
                                                0.202187    0.844375    
                                                0.156179    0.083478    
                                                0.052393    0.039565    
                                                2.178873    0.012578    
                                                0.747235    1.050010    
                                                0.900627    0.139661    
                                                0.030388    0.019730    
                                                0.230425    1.865379    
    9.639939    7.396337    6.318425    4.142491    3.696588    3.188871
    1.732688    1.279136    0.757020    0.620370    0.497371    0.490719
    0.391259    0.216382    0.207556    0.201124    0.127947    0.105804
    0.100780    0.059674    0.043572    0.023926    0.021254    0.017068
    0.015117    0.007949    0.007711    0.007350    0.005037    0.003436
  1  1
          1.

  1  1
                      1.

  1  1
                                  1.

  1  1
                                              1.

  1  1
                                                          1.

  1  1
                                                                      1.

  1  1

          1.
  1  1

                      1.
  8                                                            Z5  BVs 33 - 40
  8 30
                                                0.301629    0.064607    
                                                5.076270    1.894974    
                                                0.016205    1.224577    
                                                1.873867    0.010983    
                                                6.687165    0.824064    
                                                0.637764    0.122713    
                                                2.396621    0.017653    
                                                0.001872    0.650194    
    9.694065    7.526048    5.376203    3.986963    3.065302    2.789033
    2.292907    2.022852    1.407831    1.345107    0.920591    0.675199
    0.391292    0.277374    0.234729    0.201225    0.147733    0.122641
    0.114645    0.072122    0.070125    0.034747    0.021412    0.013866
    0.013475    0.009849    0.008587    0.008534    0.006896    0.005617
  1  1
          1.

  1  1
                      1.

  1  1
                                  1.

  1  1
                                              1.

  1  1
                                                          1.

  1  1
                                                                      1.

  1  1

          1.
  1  1

                      1.
  8                                                            Z6  BVs 41 - 48
  8 30
                                                0.742049    1.073159    
                                                0.045918    0.011179    
                                                0.060414    5.040503    
                                                8.965421    3.567981    
                                                0.003508    0.008324    
                                                0.008493    0.409387    
                                                0.811314    0.004052    
                                                0.998020    0.005670    
    9.694065    7.526048    5.376203    3.986963    3.065302    2.789033
    2.292907    2.022852    1.407831    1.345107    0.920591    0.675199
    0.391292    0.277374    0.234729    0.201225    0.147733    0.122641
    0.114645    0.072122    0.070125    0.034747    0.021412    0.013866
    0.013475    0.009849    0.008587    0.008534    0.006896    0.005617
  1  1
          1.

  1  1
                      1.

  1  1
                                  1.

  1  1
                                              1.

  1  1
                                                          1.

  1  1
                                                                      1.

  1  1

          1.
  1  1

                      1.
  8                                                            Z7  BVs 49 - 56
  8 30
                                                2.764756    1.999239    
                                                0.136632    3.301118    
                                                0.011366    3.473775    
                                                0.062041    0.145697    
                                                1.960937    0.017135    
                                                0.013772    0.370653    
                                                0.086653    4.878354    
                                                0.326465    0.034298    
    9.694065    7.526048    5.376203    3.986963    3.065302    2.789033
    2.292907    2.022852    1.407831    1.345107    0.920591    0.675199
    0.391292    0.277374    0.234729    0.201225    0.147733    0.122641
    0.114645    0.072122    0.070125    0.034747    0.021412    0.013866
    0.013475    0.009849    0.008587    0.008534    0.006896    0.005617
  1  1
          1.

  1  1
                      1.

  1  1
                                  1.

  1  1
                                              1.

  1  1
                                                          1.

  1  1
                                                                      1.

  1  1

          1.
  1  1

                      1.
  8                                                            Z8  BVs 57 - 64
  8 30
                                                0.034712    0.121566    
                                                2.646091    0.019803    
                                                0.070960    0.236509    
                                                0.022718    10.879746   
                                                0.005662    0.005091    
                                                0.251873    0.473621    
                                                0.010539    0.256456    
                                                0.417691    1.569209    
    9.694065    7.526048    5.376203    3.986963    3.065302    2.789033
    2.292907    2.022852    1.407831    1.345107    0.920591    0.675199
    0.391292    0.277374    0.234729    0.201225    0.147733    0.122641
    0.114645    0.072122    0.070125    0.034747    0.021412    0.013866
    0.013475    0.009849    0.008587    0.008534    0.006896    0.005617
  1  1
          1.

  1  1
                      1.

  1  1
                                  1.

  1  1
                                              1.

  1  1
                                                          1.

  1  1
                                                                      1.

  1  1

          1.
  1  1

                      1.
