 11  2 12 31  1  0 +0  0  0 -1  0 +0
  1  1  1  1  0  0  0  0  0  0  0  0  0  0  1  1
   0.0000000   1.0000000   0.0000000   0.0000000   0.0000000   0.0000000   0.0000000
   0.0000000   0.0000000   0.0000000   0.0000000   0.0000000   0.0000000   1.0000000
   0.0000000   0.0000000   0.0000000   0.0000000   0.0000000   0.0000000   0.0000000
   0.0000000   0.0000000   0.0000000   0.0000000   0.0000000   0.0000000   0.0000000
   0.0000000   0.0000000
   1  16   1  -1   0
   1   1
  1  0  0  0  0
   1   2
  0  0  1  0  0
   1   3
  0  0  0  0  1
   1   4
  1  0  0  0  
   1   5
  0  0  1  0  0
   1   6
  0  0  0  1  0
   1   7
  1  0  0  0  0
   1   8
  0  0  1  0  0
   1   9
  0  0  0  1  0  0
   1  10
  1  0  0  0  0  1
   1  11
  0  1  0  1  0  1
   1  12
  0  0  0  1  0  0
   1  13
  1  0  0  0  0  0
   1  14
  0  1  0  0  0  0
   1  15
  1  0  0  0  0  0
   1  16
  1  0  0  0  0  0
