 10  8  9  3 00  0  0  0  0
nn_pot
  8                                                            Z1  BVs 1 - 8
  8  8
                                    48.482281   
                                    13.037513   
                                    11.677613   
                                    9.058282    
                                    1.968675    
                                    1.486679    
                                    0.371030    
                                    0.076980    
   31.978754   31.496212   23.309872   18.296671    0.736555    0.123669
    0.122757    0.037762
  1  1
          1.

  1  1
                      1.

  1  1
                                  1.

  1  1
                                              1.

  1  1
                                                          1.

  1  1
                                                                      1.

  1  1

          1.
  1  1

                      1.
  8                                                            Z2  BVs 9 - 16
  8  8
                                    91.370995   
                                    27.358213   
                                    6.985595    
                                    6.207412    
                                    1.937373    
                                    0.466704    
                                    0.031070    
                                    0.001779    
   27.481382    7.839354    6.933587    1.499870    0.874933    0.307937
    0.149778    0.088867
  1  1
          1.

  1  1
                      1.

  1  1
                                  1.

  1  1
                                              1.

  1  1
                                                          1.

  1  1
                                                                      1.

  1  1

          1.
  1  1

                      1.
eob/t_no1_t_no1
elu/000_000
eob/t_no6_t_no1
elu/000_000
eob/t_no6_t_no6
elu/000_000
