 10  8  9  3 00  0  0  0
nn_pot
  8
  8 30
                                                11.099370   11.099370   
                                                11.099370   6.729645    
                                                11.099370   2.864404    
                                                11.099370   1.114634    
                                                11.099370   0.410985    
                                                11.099370   0.122478    
                                                11.099370   0.034127    
                                                11.099370   0.012048    
   31.622777   19.638280   12.195705    7.573739    4.703420    2.920904
    1.813931    1.126482    0.699564    0.434441    0.269795    0.167547
    0.104050    0.064617    0.040128    0.024920    0.015476    0.009611
    0.005968    0.003707    0.002302    0.001429    0.000888    0.000551
    0.000342    0.000213    0.000132    0.000082    0.000051    0.000032
  1  1
          1.

  1  1
                      1.

  1  1
                                  1.

  1  1
                                              1.

  1  1
                                                          1.

  1  1
                                                                      1.

  1  1

          1.
  1  1

                      1.
  8
  8 30
                                                6.729645    11.099370   
                                                6.729645    6.729645    
                                                6.729645    2.864404    
                                                6.729645    1.114634    
                                                6.729645    0.410985    
                                                6.729645    0.122478    
                                                6.729645    0.034127    
                                                6.729645    0.012048    
   31.622777   19.638280   12.195705    7.573739    4.703420    2.920904
    1.813931    1.126482    0.699564    0.434441    0.269795    0.167547
    0.104050    0.064617    0.040128    0.024920    0.015476    0.009611
    0.005968    0.003707    0.002302    0.001429    0.000888    0.000551
    0.000342    0.000213    0.000132    0.000082    0.000051    0.000032
  1  1
          1.

  1  1
                      1.

  1  1
                                  1.

  1  1
                                              1.

  1  1
                                                          1.

  1  1
                                                                      1.

  1  1

          1.
  1  1

                      1.
  8
  8 30
                                                2.864404    11.099370   
                                                2.864404    6.729645    
                                                2.864404    2.864404    
                                                2.864404    1.114634    
                                                2.864404    0.410985    
                                                2.864404    0.122478    
                                                2.864404    0.034127    
                                                2.864404    0.012048    
   31.622777   19.638280   12.195705    7.573739    4.703420    2.920904
    1.813931    1.126482    0.699564    0.434441    0.269795    0.167547
    0.104050    0.064617    0.040128    0.024920    0.015476    0.009611
    0.005968    0.003707    0.002302    0.001429    0.000888    0.000551
    0.000342    0.000213    0.000132    0.000082    0.000051    0.000032
  1  1
          1.

  1  1
                      1.

  1  1
                                  1.

  1  1
                                              1.

  1  1
                                                          1.

  1  1
                                                                      1.

  1  1

          1.
  1  1

                      1.
  8
  8 30
                                                1.114634    11.099370   
                                                1.114634    6.729645    
                                                1.114634    2.864404    
                                                1.114634    1.114634    
                                                1.114634    0.410985    
                                                1.114634    0.122478    
                                                1.114634    0.034127    
                                                1.114634    0.012048    
   31.622777   19.638280   12.195705    7.573739    4.703420    2.920904
    1.813931    1.126482    0.699564    0.434441    0.269795    0.167547
    0.104050    0.064617    0.040128    0.024920    0.015476    0.009611
    0.005968    0.003707    0.002302    0.001429    0.000888    0.000551
    0.000342    0.000213    0.000132    0.000082    0.000051    0.000032
  1  1
          1.

  1  1
                      1.

  1  1
                                  1.

  1  1
                                              1.

  1  1
                                                          1.

  1  1
                                                                      1.

  1  1

          1.
  1  1

                      1.
  8
  8 30
                                                0.410985    11.099370   
                                                0.410985    6.729645    
                                                0.410985    2.864404    
                                                0.410985    1.114634    
                                                0.410985    0.410985    
                                                0.410985    0.122478    
                                                0.410985    0.034127    
                                                0.410985    0.012048    
   31.622777   19.638280   12.195705    7.573739    4.703420    2.920904
    1.813931    1.126482    0.699564    0.434441    0.269795    0.167547
    0.104050    0.064617    0.040128    0.024920    0.015476    0.009611
    0.005968    0.003707    0.002302    0.001429    0.000888    0.000551
    0.000342    0.000213    0.000132    0.000082    0.000051    0.000032
  1  1
          1.

  1  1
                      1.

  1  1
                                  1.

  1  1
                                              1.

  1  1
                                                          1.

  1  1
                                                                      1.

  1  1

          1.
  1  1

                      1.
  8
  8 30
                                                0.122478    11.099370   
                                                0.122478    6.729645    
                                                0.122478    2.864404    
                                                0.122478    1.114634    
                                                0.122478    0.410985    
                                                0.122478    0.122478    
                                                0.122478    0.034127    
                                                0.122478    0.012048    
   31.622777   19.638280   12.195705    7.573739    4.703420    2.920904
    1.813931    1.126482    0.699564    0.434441    0.269795    0.167547
    0.104050    0.064617    0.040128    0.024920    0.015476    0.009611
    0.005968    0.003707    0.002302    0.001429    0.000888    0.000551
    0.000342    0.000213    0.000132    0.000082    0.000051    0.000032
  1  1
          1.

  1  1
                      1.

  1  1
                                  1.

  1  1
                                              1.

  1  1
                                                          1.

  1  1
                                                                      1.

  1  1

          1.
  1  1

                      1.
  8
  8 30
                                                0.034127    11.099370   
                                                0.034127    6.729645    
                                                0.034127    2.864404    
                                                0.034127    1.114634    
                                                0.034127    0.410985    
                                                0.034127    0.122478    
                                                0.034127    0.034127    
                                                0.034127    0.012048    
   31.622777   19.638280   12.195705    7.573739    4.703420    2.920904
    1.813931    1.126482    0.699564    0.434441    0.269795    0.167547
    0.104050    0.064617    0.040128    0.024920    0.015476    0.009611
    0.005968    0.003707    0.002302    0.001429    0.000888    0.000551
    0.000342    0.000213    0.000132    0.000082    0.000051    0.000032
  1  1
          1.

  1  1
                      1.

  1  1
                                  1.

  1  1
                                              1.

  1  1
                                                          1.

  1  1
                                                                      1.

  1  1

          1.
  1  1

                      1.
  8
  8 30
                                                0.012048    11.099370   
                                                0.012048    6.729645    
                                                0.012048    2.864404    
                                                0.012048    1.114634    
                                                0.012048    0.410985    
                                                0.012048    0.122478    
                                                0.012048    0.034127    
                                                0.012048    0.012048    
   31.622777   19.638280   12.195705    7.573739    4.703420    2.920904
    1.813931    1.126482    0.699564    0.434441    0.269795    0.167547
    0.104050    0.064617    0.040128    0.024920    0.015476    0.009611
    0.005968    0.003707    0.002302    0.001429    0.000888    0.000551
    0.000342    0.000213    0.000132    0.000082    0.000051    0.000032
  1  1
          1.

  1  1
                      1.

  1  1
                                  1.

  1  1
                                              1.

  1  1
                                                          1.

  1  1
                                                                      1.

  1  1

          1.
  1  1

                      1.
  8
  8 30
                                                11.099370   11.099370   
                                                11.099370   6.729645    
                                                11.099370   2.864404    
                                                11.099370   1.114634    
                                                11.099370   0.410985    
                                                11.099370   0.122478    
                                                11.099370   0.034127    
                                                11.099370   0.012048    
   31.622777   19.638280   12.195705    7.573739    4.703420    2.920904
    1.813931    1.126482    0.699564    0.434441    0.269795    0.167547
    0.104050    0.064617    0.040128    0.024920    0.015476    0.009611
    0.005968    0.003707    0.002302    0.001429    0.000888    0.000551
    0.000342    0.000213    0.000132    0.000082    0.000051    0.000032
  1  1
          1.

  1  1
                      1.

  1  1
                                  1.

  1  1
                                              1.

  1  1
                                                          1.

  1  1
                                                                      1.

  1  1

          1.
  1  1

                      1.
  8
  8 30
                                                6.729645    6.729645    
                                                6.729645    2.864404    
                                                6.729645    1.114634    
                                                6.729645    0.410985    
                                                6.729645    0.122478    
                                                6.729645    0.034127    
                                                6.729645    0.012048    
                                                2.864404    2.864404    
   31.622777   19.638280   12.195705    7.573739    4.703420    2.920904
    1.813931    1.126482    0.699564    0.434441    0.269795    0.167547
    0.104050    0.064617    0.040128    0.024920    0.015476    0.009611
    0.005968    0.003707    0.002302    0.001429    0.000888    0.000551
    0.000342    0.000213    0.000132    0.000082    0.000051    0.000032
  1  1
          1.

  1  1
                      1.

  1  1
                                  1.

  1  1
                                              1.

  1  1
                                                          1.

  1  1
                                                                      1.

  1  1

          1.
  1  1

                      1.
  8
  8 30
                                                2.864404    1.114634    
                                                2.864404    0.410985    
                                                2.864404    0.122478    
                                                2.864404    0.034127    
                                                2.864404    0.012048    
                                                1.114634    1.114634    
                                                1.114634    0.410985    
                                                1.114634    0.122478    
   31.622777   19.638280   12.195705    7.573739    4.703420    2.920904
    1.813931    1.126482    0.699564    0.434441    0.269795    0.167547
    0.104050    0.064617    0.040128    0.024920    0.015476    0.009611
    0.005968    0.003707    0.002302    0.001429    0.000888    0.000551
    0.000342    0.000213    0.000132    0.000082    0.000051    0.000032
  1  1
          1.

  1  1
                      1.

  1  1
                                  1.

  1  1
                                              1.

  1  1
                                                          1.

  1  1
                                                                      1.

  1  1

          1.
  1  1

                      1.
  8
  8 30
                                                1.114634    0.034127    
                                                1.114634    0.012048    
                                                0.410985    0.410985    
                                                0.410985    0.122478    
                                                0.410985    0.034127    
                                                0.410985    0.012048    
                                                0.122478    0.122478    
                                                0.122478    0.034127    
   31.622777   19.638280   12.195705    7.573739    4.703420    2.920904
    1.813931    1.126482    0.699564    0.434441    0.269795    0.167547
    0.104050    0.064617    0.040128    0.024920    0.015476    0.009611
    0.005968    0.003707    0.002302    0.001429    0.000888    0.000551
    0.000342    0.000213    0.000132    0.000082    0.000051    0.000032
  1  1
          1.

  1  1
                      1.

  1  1
                                  1.

  1  1
                                              1.

  1  1
                                                          1.

  1  1
                                                                      1.

  1  1

          1.
  1  1

                      1.
  4
  4 30
                                                0.122478    0.012048    
                                                0.034127    0.034127    
                                                0.034127    0.012048    
                                                0.012048    0.012048    
   31.622777   19.638280   12.195705    7.573739    4.703420    2.920904
    1.813931    1.126482    0.699564    0.434441    0.269795    0.167547
    0.104050    0.064617    0.040128    0.024920    0.015476    0.009611
    0.005968    0.003707    0.002302    0.001429    0.000888    0.000551
    0.000342    0.000213    0.000132    0.000082    0.000051    0.000032
  1  1
          1.
  1  1
                      1.
  1  1
                                  1.
  1  1
                                              1.
  8
  8 30
                                                11.099370   11.099370   
                                                11.099370   6.729645    
                                                11.099370   2.864404    
                                                11.099370   1.114634    
                                                11.099370   0.410985    
                                                11.099370   0.122478    
                                                11.099370   0.034127    
                                                11.099370   0.012048    
   31.622777   19.638280   12.195705    7.573739    4.703420    2.920904
    1.813931    1.126482    0.699564    0.434441    0.269795    0.167547
    0.104050    0.064617    0.040128    0.024920    0.015476    0.009611
    0.005968    0.003707    0.002302    0.001429    0.000888    0.000551
    0.000342    0.000213    0.000132    0.000082    0.000051    0.000032
  1  1
          1.

  1  1
                      1.

  1  1
                                  1.

  1  1
                                              1.

  1  1
                                                          1.

  1  1
                                                                      1.

  1  1

          1.
  1  1

                      1.
  8
  8 30
                                                6.729645    6.729645    
                                                6.729645    2.864404    
                                                6.729645    1.114634    
                                                6.729645    0.410985    
                                                6.729645    0.122478    
                                                6.729645    0.034127    
                                                6.729645    0.012048    
                                                2.864404    2.864404    
   31.622777   19.638280   12.195705    7.573739    4.703420    2.920904
    1.813931    1.126482    0.699564    0.434441    0.269795    0.167547
    0.104050    0.064617    0.040128    0.024920    0.015476    0.009611
    0.005968    0.003707    0.002302    0.001429    0.000888    0.000551
    0.000342    0.000213    0.000132    0.000082    0.000051    0.000032
  1  1
          1.

  1  1
                      1.

  1  1
                                  1.

  1  1
                                              1.

  1  1
                                                          1.

  1  1
                                                                      1.

  1  1

          1.
  1  1

                      1.
  8
  8 30
                                                2.864404    1.114634    
                                                2.864404    0.410985    
                                                2.864404    0.122478    
                                                2.864404    0.034127    
                                                2.864404    0.012048    
                                                1.114634    1.114634    
                                                1.114634    0.410985    
                                                1.114634    0.122478    
   31.622777   19.638280   12.195705    7.573739    4.703420    2.920904
    1.813931    1.126482    0.699564    0.434441    0.269795    0.167547
    0.104050    0.064617    0.040128    0.024920    0.015476    0.009611
    0.005968    0.003707    0.002302    0.001429    0.000888    0.000551
    0.000342    0.000213    0.000132    0.000082    0.000051    0.000032
  1  1
          1.

  1  1
                      1.

  1  1
                                  1.

  1  1
                                              1.

  1  1
                                                          1.

  1  1
                                                                      1.

  1  1

          1.
  1  1

                      1.
  8
  8 30
                                                1.114634    0.034127    
                                                1.114634    0.012048    
                                                0.410985    0.410985    
                                                0.410985    0.122478    
                                                0.410985    0.034127    
                                                0.410985    0.012048    
                                                0.122478    0.122478    
                                                0.122478    0.034127    
   31.622777   19.638280   12.195705    7.573739    4.703420    2.920904
    1.813931    1.126482    0.699564    0.434441    0.269795    0.167547
    0.104050    0.064617    0.040128    0.024920    0.015476    0.009611
    0.005968    0.003707    0.002302    0.001429    0.000888    0.000551
    0.000342    0.000213    0.000132    0.000082    0.000051    0.000032
  1  1
          1.

  1  1
                      1.

  1  1
                                  1.

  1  1
                                              1.

  1  1
                                                          1.

  1  1
                                                                      1.

  1  1

          1.
  1  1

                      1.
  4
  4 30
                                                0.122478    0.012048    
                                                0.034127    0.034127    
                                                0.034127    0.012048    
                                                0.012048    0.012048    
   31.622777   19.638280   12.195705    7.573739    4.703420    2.920904
    1.813931    1.126482    0.699564    0.434441    0.269795    0.167547
    0.104050    0.064617    0.040128    0.024920    0.015476    0.009611
    0.005968    0.003707    0.002302    0.001429    0.000888    0.000551
    0.000342    0.000213    0.000132    0.000082    0.000051    0.000032
  1  1
          1.
  1  1
                      1.
  1  1
                                  1.
  1  1
                                              1.
  8
  8 30
                                                13.355925   3.796386    
                                                13.355925   0.683567    
                                                13.355925   0.186840    
                                                13.355925   0.053744    
                                                7.825176    3.796386    
                                                7.825176    0.683567    
                                                7.825176    0.186840    
                                                7.825176    0.053744    
   31.622777   19.638280   12.195705    7.573739    4.703420    2.920904
    1.813931    1.126482    0.699564    0.434441    0.269795    0.167547
    0.104050    0.064617    0.040128    0.024920    0.015476    0.009611
    0.005968    0.003707    0.002302    0.001429    0.000888    0.000551
    0.000342    0.000213    0.000132    0.000082    0.000051    0.000032
  1  1
          1.

  1  1
                      1.

  1  1
                                  1.

  1  1
                                              1.

  1  1
                                                          1.

  1  1
                                                                      1.

  1  1

          1.
  1  1

                      1.
  8
  8 30
                                                3.319019    3.796386    
                                                3.319019    0.683567    
                                                3.319019    0.186840    
                                                3.319019    0.053744    
                                                1.615927    3.796386    
                                                1.615927    0.683567    
                                                1.615927    0.186840    
                                                1.615927    0.053744    
   31.622777   19.638280   12.195705    7.573739    4.703420    2.920904
    1.813931    1.126482    0.699564    0.434441    0.269795    0.167547
    0.104050    0.064617    0.040128    0.024920    0.015476    0.009611
    0.005968    0.003707    0.002302    0.001429    0.000888    0.000551
    0.000342    0.000213    0.000132    0.000082    0.000051    0.000032
  1  1
          1.

  1  1
                      1.

  1  1
                                  1.

  1  1
                                              1.

  1  1
                                                          1.

  1  1
                                                                      1.

  1  1

          1.
  1  1

                      1.
  8
  8 30
                                                1.497748    3.796386    
                                                1.497748    0.683567    
                                                1.497748    0.186840    
                                                1.497748    0.053744    
                                                0.436630    3.796386    
                                                0.436630    0.683567    
                                                0.436630    0.186840    
                                                0.436630    0.053744    
   31.622777   19.638280   12.195705    7.573739    4.703420    2.920904
    1.813931    1.126482    0.699564    0.434441    0.269795    0.167547
    0.104050    0.064617    0.040128    0.024920    0.015476    0.009611
    0.005968    0.003707    0.002302    0.001429    0.000888    0.000551
    0.000342    0.000213    0.000132    0.000082    0.000051    0.000032
  1  1
          1.

  1  1
                      1.

  1  1
                                  1.

  1  1
                                              1.

  1  1
                                                          1.

  1  1
                                                                      1.

  1  1

          1.
  1  1

                      1.
  8
  8 30
                                                0.123744    3.796386    
                                                0.123744    0.683567    
                                                0.123744    0.186840    
                                                0.123744    0.053744    
                                                0.031198    3.796386    
                                                0.031198    0.683567    
                                                0.031198    0.186840    
                                                0.031198    0.053744    
   31.622777   19.638280   12.195705    7.573739    4.703420    2.920904
    1.813931    1.126482    0.699564    0.434441    0.269795    0.167547
    0.104050    0.064617    0.040128    0.024920    0.015476    0.009611
    0.005968    0.003707    0.002302    0.001429    0.000888    0.000551
    0.000342    0.000213    0.000132    0.000082    0.000051    0.000032
  1  1
          1.

  1  1
                      1.

  1  1
                                  1.

  1  1
                                              1.

  1  1
                                                          1.

  1  1
                                                                      1.

  1  1

          1.
  1  1

                      1.
  8
  8 30
                                                10.933591   2.603782    
                                                10.933591   1.347777    
                                                10.933591   0.288867    
                                                10.933591   0.070968    
                                                7.051755    2.603782    
                                                7.051755    1.347777    
                                                7.051755    0.288867    
                                                7.051755    0.070968    
   31.622777   19.638280   12.195705    7.573739    4.703420    2.920904
    1.813931    1.126482    0.699564    0.434441    0.269795    0.167547
    0.104050    0.064617    0.040128    0.024920    0.015476    0.009611
    0.005968    0.003707    0.002302    0.001429    0.000888    0.000551
    0.000342    0.000213    0.000132    0.000082    0.000051    0.000032
  1  1
          1.

  1  1
                      1.

  1  1
                                  1.

  1  1
                                              1.

  1  1
                                                          1.

  1  1
                                                                      1.

  1  1

          1.
  1  1

                      1.
  8
  8 30
                                                4.643855    2.603782    
                                                4.643855    1.347777    
                                                4.643855    0.288867    
                                                4.643855    0.070968    
                                                1.834811    2.603782    
                                                1.834811    1.347777    
                                                1.834811    0.288867    
                                                1.834811    0.070968    
   31.622777   19.638280   12.195705    7.573739    4.703420    2.920904
    1.813931    1.126482    0.699564    0.434441    0.269795    0.167547
    0.104050    0.064617    0.040128    0.024920    0.015476    0.009611
    0.005968    0.003707    0.002302    0.001429    0.000888    0.000551
    0.000342    0.000213    0.000132    0.000082    0.000051    0.000032
  1  1
          1.

  1  1
                      1.

  1  1
                                  1.

  1  1
                                              1.

  1  1
                                                          1.

  1  1
                                                                      1.

  1  1

          1.
  1  1

                      1.
  8
  8 30
                                                1.663528    2.603782    
                                                1.663528    1.347777    
                                                1.663528    0.288867    
                                                1.663528    0.070968    
                                                0.651602    2.603782    
                                                0.651602    1.347777    
                                                0.651602    0.288867    
                                                0.651602    0.070968    
   31.622777   19.638280   12.195705    7.573739    4.703420    2.920904
    1.813931    1.126482    0.699564    0.434441    0.269795    0.167547
    0.104050    0.064617    0.040128    0.024920    0.015476    0.009611
    0.005968    0.003707    0.002302    0.001429    0.000888    0.000551
    0.000342    0.000213    0.000132    0.000082    0.000051    0.000032
  1  1
          1.

  1  1
                      1.

  1  1
                                  1.

  1  1
                                              1.

  1  1
                                                          1.

  1  1
                                                                      1.

  1  1

          1.
  1  1

                      1.
  8
  8 30
                                                0.214729    2.603782    
                                                0.214729    1.347777    
                                                0.214729    0.288867    
                                                0.214729    0.070968    
                                                0.123045    2.603782    
                                                0.123045    1.347777    
                                                0.123045    0.288867    
                                                0.123045    0.070968    
   31.622777   19.638280   12.195705    7.573739    4.703420    2.920904
    1.813931    1.126482    0.699564    0.434441    0.269795    0.167547
    0.104050    0.064617    0.040128    0.024920    0.015476    0.009611
    0.005968    0.003707    0.002302    0.001429    0.000888    0.000551
    0.000342    0.000213    0.000132    0.000082    0.000051    0.000032
  1  1
          1.

  1  1
                      1.

  1  1
                                  1.

  1  1
                                              1.

  1  1
                                                          1.

  1  1
                                                                      1.

  1  1

          1.
  1  1

                      1.
  8
  8 30
                                                13.355925   3.796386    
                                                13.355925   0.683567    
                                                13.355925   0.186840    
                                                13.355925   0.053744    
                                                7.825176    3.796386    
                                                7.825176    0.683567    
                                                7.825176    0.186840    
                                                7.825176    0.053744    
   31.622777   19.638280   12.195705    7.573739    4.703420    2.920904
    1.813931    1.126482    0.699564    0.434441    0.269795    0.167547
    0.104050    0.064617    0.040128    0.024920    0.015476    0.009611
    0.005968    0.003707    0.002302    0.001429    0.000888    0.000551
    0.000342    0.000213    0.000132    0.000082    0.000051    0.000032
  1  1
          1.

  1  1
                      1.

  1  1
                                  1.

  1  1
                                              1.

  1  1
                                                          1.

  1  1
                                                                      1.

  1  1

          1.
  1  1

                      1.
  8
  8 30
                                                3.319019    3.796386    
                                                3.319019    0.683567    
                                                3.319019    0.186840    
                                                3.319019    0.053744    
                                                1.615927    3.796386    
                                                1.615927    0.683567    
                                                1.615927    0.186840    
                                                1.615927    0.053744    
   31.622777   19.638280   12.195705    7.573739    4.703420    2.920904
    1.813931    1.126482    0.699564    0.434441    0.269795    0.167547
    0.104050    0.064617    0.040128    0.024920    0.015476    0.009611
    0.005968    0.003707    0.002302    0.001429    0.000888    0.000551
    0.000342    0.000213    0.000132    0.000082    0.000051    0.000032
  1  1
          1.

  1  1
                      1.

  1  1
                                  1.

  1  1
                                              1.

  1  1
                                                          1.

  1  1
                                                                      1.

  1  1

          1.
  1  1

                      1.
  8
  8 30
                                                1.497748    3.796386    
                                                1.497748    0.683567    
                                                1.497748    0.186840    
                                                1.497748    0.053744    
                                                0.436630    3.796386    
                                                0.436630    0.683567    
                                                0.436630    0.186840    
                                                0.436630    0.053744    
   31.622777   19.638280   12.195705    7.573739    4.703420    2.920904
    1.813931    1.126482    0.699564    0.434441    0.269795    0.167547
    0.104050    0.064617    0.040128    0.024920    0.015476    0.009611
    0.005968    0.003707    0.002302    0.001429    0.000888    0.000551
    0.000342    0.000213    0.000132    0.000082    0.000051    0.000032
  1  1
          1.

  1  1
                      1.

  1  1
                                  1.

  1  1
                                              1.

  1  1
                                                          1.

  1  1
                                                                      1.

  1  1

          1.
  1  1

                      1.
  8
  8 30
                                                0.123744    3.796386    
                                                0.123744    0.683567    
                                                0.123744    0.186840    
                                                0.123744    0.053744    
                                                0.031198    3.796386    
                                                0.031198    0.683567    
                                                0.031198    0.186840    
                                                0.031198    0.053744    
   31.622777   19.638280   12.195705    7.573739    4.703420    2.920904
    1.813931    1.126482    0.699564    0.434441    0.269795    0.167547
    0.104050    0.064617    0.040128    0.024920    0.015476    0.009611
    0.005968    0.003707    0.002302    0.001429    0.000888    0.000551
    0.000342    0.000213    0.000132    0.000082    0.000051    0.000032
  1  1
          1.

  1  1
                      1.

  1  1
                                  1.

  1  1
                                              1.

  1  1
                                                          1.

  1  1
                                                                      1.

  1  1

          1.
  1  1

                      1.
  8
  8 30
                                                10.933591   2.603782    
                                                10.933591   1.347777    
                                                10.933591   0.288867    
                                                10.933591   0.070968    
                                                7.051755    2.603782    
                                                7.051755    1.347777    
                                                7.051755    0.288867    
                                                7.051755    0.070968    
   31.622777   19.638280   12.195705    7.573739    4.703420    2.920904
    1.813931    1.126482    0.699564    0.434441    0.269795    0.167547
    0.104050    0.064617    0.040128    0.024920    0.015476    0.009611
    0.005968    0.003707    0.002302    0.001429    0.000888    0.000551
    0.000342    0.000213    0.000132    0.000082    0.000051    0.000032
  1  1
          1.

  1  1
                      1.

  1  1
                                  1.

  1  1
                                              1.

  1  1
                                                          1.

  1  1
                                                                      1.

  1  1

          1.
  1  1

                      1.
  8
  8 30
                                                4.643855    2.603782    
                                                4.643855    1.347777    
                                                4.643855    0.288867    
                                                4.643855    0.070968    
                                                1.834811    2.603782    
                                                1.834811    1.347777    
                                                1.834811    0.288867    
                                                1.834811    0.070968    
   31.622777   19.638280   12.195705    7.573739    4.703420    2.920904
    1.813931    1.126482    0.699564    0.434441    0.269795    0.167547
    0.104050    0.064617    0.040128    0.024920    0.015476    0.009611
    0.005968    0.003707    0.002302    0.001429    0.000888    0.000551
    0.000342    0.000213    0.000132    0.000082    0.000051    0.000032
  1  1
          1.

  1  1
                      1.

  1  1
                                  1.

  1  1
                                              1.

  1  1
                                                          1.

  1  1
                                                                      1.

  1  1

          1.
  1  1

                      1.
  8
  8 30
                                                1.663528    2.603782    
                                                1.663528    1.347777    
                                                1.663528    0.288867    
                                                1.663528    0.070968    
                                                0.651602    2.603782    
                                                0.651602    1.347777    
                                                0.651602    0.288867    
                                                0.651602    0.070968    
   31.622777   19.638280   12.195705    7.573739    4.703420    2.920904
    1.813931    1.126482    0.699564    0.434441    0.269795    0.167547
    0.104050    0.064617    0.040128    0.024920    0.015476    0.009611
    0.005968    0.003707    0.002302    0.001429    0.000888    0.000551
    0.000342    0.000213    0.000132    0.000082    0.000051    0.000032
  1  1
          1.

  1  1
                      1.

  1  1
                                  1.

  1  1
                                              1.

  1  1
                                                          1.

  1  1
                                                                      1.

  1  1

          1.
  1  1

                      1.
  8
  8 30
                                                0.214729    2.603782    
                                                0.214729    1.347777    
                                                0.214729    0.288867    
                                                0.214729    0.070968    
                                                0.123045    2.603782    
                                                0.123045    1.347777    
                                                0.123045    0.288867    
                                                0.123045    0.070968    
   31.622777   19.638280   12.195705    7.573739    4.703420    2.920904
    1.813931    1.126482    0.699564    0.434441    0.269795    0.167547
    0.104050    0.064617    0.040128    0.024920    0.015476    0.009611
    0.005968    0.003707    0.002302    0.001429    0.000888    0.000551
    0.000342    0.000213    0.000132    0.000082    0.000051    0.000032
  1  1
          1.

  1  1
                      1.

  1  1
                                  1.

  1  1
                                              1.

  1  1
                                                          1.

  1  1
                                                                      1.

  1  1

          1.
  1  1

                      1.
