 10  8  9  3 00  0  0  0  0
nnn_pot
  8                                                            Z1  BVs 1 - 8
  8  6
                                                5.776000    0.000037    
                                                0.000067    4.444280    
                                                6.930745    0.057067    
                                                6.166717    9.291709    
                                                3.635493    0.003250    
                                                0.096912    0.038461    
                                                0.000914    0.044315    
                                                48.225098   0.133180    
    0.001262    0.013211    0.578011    0.268934    5.370623   35.779499
  1  1
          1.

  1  1
                      1.

  1  1
                                  1.

  1  1
                                              1.

  1  1
                                                          1.

  1  1
                                                                      1.

  1  1

          1.
  1  1

                      1.
  8                                                            Z2  BVs 9 - 16
  8  6
                                                0.001374    0.001120    
                                                0.000078    0.000325    
                                                24.760687   0.307698    
                                                0.000798    13.072398   
                                                15.073946   0.119633    
                                                2.134395    0.001673    
                                                0.007644    22.596836   
                                                2.107956    0.001655    
   36.300629    2.819477    0.094633    0.456635    8.562857   11.115824
  1  1
          1.

  1  1
                      1.

  1  1
                                  1.

  1  1
                                              1.

  1  1
                                                          1.

  1  1
                                                                      1.

  1  1

          1.
  1  1

                      1.
  8                                                            Z3  BVs 17 - 24
  8  6
                                                17.566715   4.743093    
                                                0.003461    0.175898    
                                                0.000079    1.400678    
                                                2.099363    0.002822    
                                                8.376903    1.348343    
                                                0.003360    7.951160    
                                                1.313116    0.000973    
                                                0.235702    0.394964    
    0.001458    0.004014    0.070817    0.353697   10.751065    8.229575
  1  1
          1.

  1  1
                      1.

  1  1
                                  1.

  1  1
                                              1.

  1  1
                                                          1.

  1  1
                                                                      1.

  1  1

          1.
  1  1

                      1.
  8                                                            Z4  BVs 25 - 32
  8  6
                                                0.000734    0.000321    
                                                0.060606    0.034730    
                                                5.225317    0.838907    
                                                0.000096    19.925247   
                                                10.849244   9.882094    
                                                7.872073    58.883514   
                                                0.000347    2.204022    
                                                11.841182   0.486277    
    0.000240    0.003666    0.117882    0.865156    3.191834   71.680283
  1  1
          1.

  1  1
                      1.

  1  1
                                  1.

  1  1
                                              1.

  1  1
                                                          1.

  1  1
                                                                      1.

  1  1

          1.
  1  1

                      1.
eob-tni/tp_1s0_tp_1s0
elu-tni/000-0_000-0
eob-tni/tp_6s0_tp_1s0
elu-tni/000-0_000-0
eob-tni/tp_6s0_tp_6s0
elu-tni/000-0_000-0
eob-tni/hen_1s0_tp_1s0
elu-tni/000-0_000-0
eob-tni/hen_1s0_tp_6s0
elu-tni/000-0_000-0
eob-tni/hen_1s0_hen_1s0
elu-tni/000-0_000-0
eob-tni/hen_6s0_tp_1s0
elu-tni/000-0_000-0
eob-tni/hen_6s0_tp_6s0
elu-tni/000-0_000-0
eob-tni/hen_6s0_hen_1s0
elu-tni/000-0_000-0
eob-tni/hen_6s0_hen_6s0
elu-tni/000-0_000-0
