 11  2 12 31  1  1 +2  0  0 -1
  1  1  1  1  0  0  0  0  0  0  0  0  0  0  1  1
   0.0000000   1.0000000   1.0000000   1.0000000   1.0000000   1.0000000   1.0000000
   1.0000000   1.0000000   1.0000000   1.0000000   1.0000000   1.0000000   1.0000000
   1.0000000   1.0000000   1.0000000   1.0000000   1.0000000   1.0000000   1.0000000
   1.0000000   1.0000000   1.0000000   1.0000000   1.0000000   1.0000000   1.0000000
   1.0000000   1.0000000
   0  73   0   0   0   1
  41
1.088346451         
1.626465224         
0.784019335         
0.351448649         
0.146823907         
0.029294994         
0.607662460         
0.585833758         
0.262608935         
0.109709541         
0.021889761         
0.141197299         
0.126587694         
0.052884255         
0.010551714         
0.028372434         
0.023706175         
0.004729967         
0.004951838         
0.001976028         
0.000197133         
0.610929400         
-0.029927560        
-0.031467070        
-0.014701240        
-0.005512257        
-0.006429551        
-0.001214204        
-0.002769306        
0.000031479         
-0.000150734        
0.104468200         
-0.026611870        
0.123265800         
-0.051230840        
0.134211900         
0.535458000         
-0.087044300        
-0.534384500        
0.018434230         
-0.004777935        
  2  2  0
  21   1   2   3   4   5   6   7   8   9  10  11  12  13  14  15  16  17  18  19
  20  21
   1   2   3   4   5   6   7   8   9  10  11  12  13  14  15  16  17  18  19  20
  21
  1  1  1  1  1  1  1  1  1  1  1  1  1  1  1  1  1  1
  1  1  0
  20  22  23  24  25  26  27  28  29  30  31  32  33  34  35  36  37  38  39  40
  41
  22  23  24  25  26  27  28  29  30  31  32  33  34  35  36  37  38  39  40  41
  1  1  1  1  1  1  1  1  1  1  1  1  1  1  1  1  1  1
  2  2  0 -1
   1   1
3   
  0  1  0  1  0  1  0  1  0  1  0  1  0  0
  2  2  0
   1   2
9   
  0  1  0  1  0  1  0  1  0  1  0  1  0  0
  2  2  0
   1   3
34  
  0  1  0  1  0  1  0  1  0  1  0  1  0  0
  2  2  0
   1   4
32  
  0  1  0  1  0  1  0  1  0  1  0  1  0  0
  2  2  0
   1   5
13  
  0  1  0  1  0  1  0  1  0  1  0  1  0  0
  2  2  0
   1   6
22  
  0  1  0  1  0  1  0  1  0  1  0  1  0  0
  2  2  0
   1   7
39  
  0  1  0  1  0  1  0  1  0  1  0  1  0  0
  2  2  0
   1   8
13  
  0  1  0  1  0  1  0  1  0  1  0  1  0  0
  2  2  0
   1   9
22  
  0  1  0  1  0  1  0  1  0  1  0  1  0  0
  2  2  0
   1  10
5   
  0  1  0  1  0  1  0  1  0  1  0  1  0  0
  2  2  0
   1  11
37  
  0  1  0  1  0  1  0  1  0  1  0  1  0  0
  2  2  0
   1  12
4   
  0  1  0  1  0  1  0  1  0  1  0  1  0  0
  2  2  0
   1  13
9   
  0  1  0  1  0  1  0  1  0  1  0  1  0  0
  2  2  0
   1  14
34  
  0  1  0  1  0  1  0  1  0  1  0  1  0  0
  2  2  0
   1  15
36  
  0  1  0  1  0  1  0  1  0  1  0  1  0  0
  2  2  0
   1  16
13  
  0  1  0  1  0  1  0  1  0  1  0  1  0  0
  2  2  0
   1  17
3   
  0  1  0  1  0  1  0  1  0  1  0  1  0  0
  1  1  0
   1  22
39  
  0  1  0  1  0  1  0  1  0  1  0  1  0  0
  1  1  0
   1  23
9   
  0  1  0  1  0  1  0  1  0  1  0  1  0  0
  1  1  0
   1  24
2   
  0  1  0  1  0  1  0  1  0  1  0  1  0  0
  1  1  0
   1  25
36  
  0  1  0  1  0  1  0  1  0  1  0  1  0  0
  1  1  0
   1  26
7   
  0  1  0  1  0  1  0  1  0  1  0  1  0  0
  1  1  0
   1  27
8   
  0  1  0  1  0  1  0  1  0  1  0  1  0  0
  1  1  0
   1  28
39  
  0  1  0  1  0  1  0  1  0  1  0  1  0  0
  1  1  0
   1  29
5   
  0  1  0  1  0  1  0  1  0  1  0  1  0  0
  1  1  0
   1  30
32  
  0  1  0  1  0  1  0  1  0  1  0  1  0  0
  1  1  0
   1  31
4   
  0  1  0  1  0  1  0  1  0  1  0  1  0  0
  1  1  0
   1  32
10  
  0  1  0  1  0  1  0  1  0  1  0  1  0  0
  1  1  0
   1  33
34  
  0  1  0  1  0  1  0  1  0  1  0  1  0  0
  1  1  0
   1  34
12  
  0  1  0  1  0  1  0  1  0  1  0  1  0  0
  1  1  0
   1  35
7   
  0  1  0  1  0  1  0  1  0  1  0  1  0  0
  1  1  0
   1  36
36  
  0  1  0  1  0  1  0  1  0  1  0  1  0  0
  1  1  0
   1  37
5   
  0  1  0  1  0  1  0  1  0  1  0  1  0  0
  2  2  0
   1  42
3   
  0  1  0  1  0  1  0  1  0  1  0  1  0  1  0  1  0  1  0  1
  2  2  0
   1  43
3   
  0  1  0  1  0  1  0  1  0  1  0  1  0  1  0  1  0  1  0  1
  2  2  0
   1  44
10  
  0  1  0  1  0  1  0  1  0  1  0  1  0  1  0  1  0  1  0  1
  2  2  0
   1  45
13  
  0  1  0  1  0  1  0  1  0  1  0  1  0  1  0  1  0  1  0  1
  2  2  0
   1  46
34  
  0  1  0  1  0  1  0  1  0  1  0  1  0  1  0  1  0  1  0  1
  2  2  0
   1  47
3   
  0  1  0  1  0  1  0  1  0  1  0  1  0  1  0  1  0  1  0  1
  2  2  0
   1  48
5   
  0  1  0  1  0  1  0  1  0  1  0  1  0  1  0  1  0  1  0  1
  2  2  0
   1  49
8   
  0  1  0  1  0  1  0  1  0  1  0  1  0  1  0  1  0  1  0  1
  2  2  0
   1  50
1   
  1  0  1  0  1  0  1  0  1  0  1  0  1  0  1  0  1  0  1  0
  2  2  0
   1  51
4   
  1  0  1  0  1  0  1  0  1  0  1  0  1  0  1  0  1  0  1  0
  2  2  0
   1  52
8   
  1  0  1  0  1  0  1  0  1  0  1  0  1  0  1  0  1  0  1  0
  2  2  0
   1  53
12  
  1  0  1  0  1  0  1  0  1  0  1  0  1  0  1  0  1  0  1  0
  2  2  0
   1  54
34  
  1  0  1  0  1  0  1  0  1  0  1  0  1  0  1  0  1  0  1  0
  2  2  0
   1  55
4   
  1  0  1  0  1  0  1  0  1  0  1  0  1  0  1  0  1  0  1  0
  2  2  0
   1  56
13  
  1  0  1  0  1  0  1  0  1  0  1  0  1  0  1  0  1  0  1  0
  2  2  0
   1  57
37  
  1  0  1  0  1  0  1  0  1  0  1  0  1  0  1  0  1  0  1  0
  2  2  0
   1  58
4   
  0  1  0  1  0  1  0  1  0  1  0  1  0  1  0  1  0  1  0  1
  2  2  0
   1  59
2   
  0  1  0  1  0  1  0  1  0  1  0  1  0  1  0  1  0  1  0  1
  2  2  0
   1  60
32  
  0  1  0  1  0  1  0  1  0  1  0  1  0  1  0  1  0  1  0  1
  2  2  0
   1  61
36  
  0  1  0  1  0  1  0  1  0  1  0  1  0  1  0  1  0  1  0  1
  2  2  0
   1  62
4   
  0  1  0  1  0  1  0  1  0  1  0  1  0  1  0  1  0  1  0  1
  2  2  0
   1  63
9   
  0  1  0  1  0  1  0  1  0  1  0  1  0  1  0  1  0  1  0  1
  2  2  0
   1  64
32  
  0  1  0  1  0  1  0  1  0  1  0  1  0  1  0  1  0  1  0  1
  2  2  0
   1  65
36  
  0  1  0  1  0  1  0  1  0  1  0  1  0  1  0  1  0  1  0  1
  2  2  0
   1  66
36  
  1  0  1  0  1  0  1  0  1  0  1  0  1  0  1  0  1  0  1  0
  2  2  0
   1  67
39  
  1  0  1  0  1  0  1  0  1  0  1  0  1  0  1  0  1  0  1  0
  1  1  0
   1  68
32  
  0  1  0  1  0  1  0  1  0  1  0  1  0  1  0  1  0  1  0  1
  1  1  0
   1  69
22  
  0  1  0  1  0  1  0  1  0  1  0  1  0  1  0  1  0  1  0  1
  1  1  0
   1  70
13  
  0  1  0  1  0  1  0  1  0  1  0  1  0  1  0  1  0  1  0  1
  1  1  0
   1  71
9   
  0  1  0  1  0  1  0  1  0  1  0  1  0  1  0  1  0  1  0  1
  1  1  0
   1  72
37  
  0  1  0  1  0  1  0  1  0  1  0  1  0  1  0  1  0  1  0  1
  1  1  0
   1  73
9   
  0  1  0  1  0  1  0  1  0  1  0  1  0  1  0  1  0  1  0  1
  1  1  0
   1  74
1   
  0  1  0  1  0  1  0  1  0  1  0  1  0  1  0  1  0  1  0  1
  1  1  0
   1  75
3   
  0  1  0  1  0  1  0  1  0  1  0  1  0  1  0  1  0  1  0  1
  1  1  0
   1  76
36  
  1  0  1  0  1  0  1  0  1  0  1  0  1  0  1  0  1  0  1  0
  1  1  0
   1  77
12  
  1  0  1  0  1  0  1  0  1  0  1  0  1  0  1  0  1  0  1  0
  1  1  0
   1  78
7   
  1  0  1  0  1  0  1  0  1  0  1  0  1  0  1  0  1  0  1  0
  1  1  0
   1  79
32  
  1  0  1  0  1  0  1  0  1  0  1  0  1  0  1  0  1  0  1  0
  1  1  0
   1  80
7   
  1  0  1  0  1  0  1  0  1  0  1  0  1  0  1  0  1  0  1  0
  1  1  0
   1  81
1   
  1  0  1  0  1  0  1  0  1  0  1  0  1  0  1  0  1  0  1  0
  1  1  0
   1  82
4   
  1  0  1  0  1  0  1  0  1  0  1  0  1  0  1  0  1  0  1  0
  1  1  0
   1  83
8   
  1  0  1  0  1  0  1  0  1  0  1  0  1  0  1  0  1  0  1  0
  1  1  0
   1  84
8   
  0  1  0  1  0  1  0  1  0  1  0  1  0  1  0  1  0  1  0  1
  1  1  0
   1  85
8   
  0  1  0  1  0  1  0  1  0  1  0  1  0  1  0  1  0  1  0  1
  1  1  0
   1  86
10  
  0  1  0  1  0  1  0  1  0  1  0  1  0  1  0  1  0  1  0  1
  1  1  0
   1  87
8   
  0  1  0  1  0  1  0  1  0  1  0  1  0  1  0  1  0  1  0  1
  1  1  0
   1  88
7   
  0  1  0  1  0  1  0  1  0  1  0  1  0  1  0  1  0  1  0  1
  1  1  0
   1  89
5   
  0  1  0  1  0  1  0  1  0  1  0  1  0  1  0  1  0  1  0  1
  1  1  0
   1  90
10  
  0  1  0  1  0  1  0  1  0  1  0  1  0  1  0  1  0  1  0  1
  1  1  0
   1  91
2   
  0  1  0  1  0  1  0  1  0  1  0  1  0  1  0  1  0  1  0  1
  1  1  0
   1  92
10  
  1  0  1  0  1  0  1  0  1  0  1  0  1  0  1  0  1  0  1  0
  1  1  0
   1  93
39  
  1  0  1  0  1  0  1  0  1  0  1  0  1  0  1  0  1  0  1  0
