  0  2  2  1 -1
  1  1  1
  4
 14  4
  4 24  1  2                        
  1  1  1  1
  1  2  3  4
  1  2  4  3
  1  3  2  4
  1  3  4  2
  1  4  2  3
  1  4  3  2
  2  1  3  4
  2  1  4  3
  2  3  1  4
  2  3  4  1
  2  4  1  3
  2  4  3  1
  3  1  2  4
  3  1  4  2
  3  2  1  4
  3  2  4  1
  3  4  1  2
  3  4  2  1
  4  1  2  3
  4  1  3  2
  4  2  1  3
  4  2  3  1
  4  3  1  2
  4  3  2  1
 -1  1
  1  1
  1  1
 -1  1
 -1  1
  1  1
  1  1
 -1  1
 -1  1
  1  1
  1  1
 -1  1
 -1  1
  1  1
  1  1
 -1  1
 -1  1
  1  1
  1  1
 -1  1
 -1  1
  1  1
  1  1
 -1  1
  4 24  1  2                        
  1  1  1  1
  1  2  3  4
  1  2  4  3
  1  3  2  4
  1  3  4  2
  1  4  2  3
  1  4  3  2
  2  1  3  4
  2  1  4  3
  2  3  1  4
  2  3  4  1
  2  4  1  3
  2  4  3  1
  3  1  2  4
  3  1  4  2
  3  2  1  4
  3  2  4  1
  3  4  1  2
  3  4  2  1
  4  1  2  3
  4  1  3  2
  4  2  1  3
  4  2  3  1
  4  3  1  2
  4  3  2  1
 -1  1
  1  1
  1  1
 -1  1
 -1  1
  1  1
  1  1
 -1  1
 -1  1
  1  1
  1  1
 -1  1
 -1  1
  1  1
  1  1
 -1  1
 -1  1
  1  1
  1  1
 -1  1
 -1  1
  1  1
  1  1
 -1  1
  4 24  1  2                        
  1  1  1  1
  1  2  3  4
  1  2  4  3
  1  3  2  4
  1  3  4  2
  1  4  2  3
  1  4  3  2
  2  1  3  4
  2  1  4  3
  2  3  1  4
  2  3  4  1
  2  4  1  3
  2  4  3  1
  3  1  2  4
  3  1  4  2
  3  2  1  4
  3  2  4  1
  3  4  1  2
  3  4  2  1
  4  1  2  3
  4  1  3  2
  4  2  1  3
  4  2  3  1
  4  3  1  2
  4  3  2  1
 -1  1
  1  1
  1  1
 -1  1
 -1  1
  1  1
  1  1
 -1  1
 -1  1
  1  1
  1  1
 -1  1
 -1  1
  1  1
  1  1
 -1  1
 -1  1
  1  1
  1  1
 -1  1
 -1  1
  1  1
  1  1
 -1  1
  4 24  1  3                        
  1  1  1  1
  1  2  3  4
  1  2  4  3
  1  3  2  4
  1  3  4  2
  1  4  2  3
  1  4  3  2
  2  1  3  4
  2  1  4  3
  2  3  1  4
  2  3  4  1
  2  4  1  3
  2  4  3  1
  3  1  2  4
  3  1  4  2
  3  2  1  4
  3  2  4  1
  3  4  1  2
  3  4  2  1
  4  1  2  3
  4  1  3  2
  4  2  1  3
  4  2  3  1
  4  3  1  2
  4  3  2  1
 -1  1
  1  1
  1  1
 -1  1
 -1  1
  1  1
  1  1
 -1  1
 -1  1
  1  1
  1  1
 -1  1
 -1  1
  1  1
  1  1
 -1  1
 -1  1
  1  1
  1  1
 -1  1
 -1  1
  1  1
  1  1
 -1  1
  4 24  1  3                        
  1  1  1  1
  1  2  3  4
  1  2  4  3
  1  3  2  4
  1  3  4  2
  1  4  2  3
  1  4  3  2
  2  1  3  4
  2  1  4  3
  2  3  1  4
  2  3  4  1
  2  4  1  3
  2  4  3  1
  3  1  2  4
  3  1  4  2
  3  2  1  4
  3  2  4  1
  3  4  1  2
  3  4  2  1
  4  1  2  3
  4  1  3  2
  4  2  1  3
  4  2  3  1
  4  3  1  2
  4  3  2  1
 -1  1
  1  1
  1  1
 -1  1
 -1  1
  1  1
  1  1
 -1  1
 -1  1
  1  1
  1  1
 -1  1
 -1  1
  1  1
  1  1
 -1  1
 -1  1
  1  1
  1  1
 -1  1
 -1  1
  1  1
  1  1
 -1  1
  4 24  1  3                        
  1  1  1  1
  1  2  3  4
  1  2  4  3
  1  3  2  4
  1  3  4  2
  1  4  2  3
  1  4  3  2
  2  1  3  4
  2  1  4  3
  2  3  1  4
  2  3  4  1
  2  4  1  3
  2  4  3  1
  3  1  2  4
  3  1  4  2
  3  2  1  4
  3  2  4  1
  3  4  1  2
  3  4  2  1
  4  1  2  3
  4  1  3  2
  4  2  1  3
  4  2  3  1
  4  3  1  2
  4  3  2  1
 -1  1
  1  1
  1  1
 -1  1
 -1  1
  1  1
  1  1
 -1  1
 -1  1
  1  1
  1  1
 -1  1
 -1  1
  1  1
  1  1
 -1  1
 -1  1
  1  1
  1  1
 -1  1
 -1  1
  1  1
  1  1
 -1  1
  4 24  1  2                        
  1  1  1  1
  1  2  3  4
  1  2  4  3
  1  3  2  4
  1  3  4  2
  1  4  2  3
  1  4  3  2
  2  1  3  4
  2  1  4  3
  2  3  1  4
  2  3  4  1
  2  4  1  3
  2  4  3  1
  3  1  2  4
  3  1  4  2
  3  2  1  4
  3  2  4  1
  3  4  1  2
  3  4  2  1
  4  1  2  3
  4  1  3  2
  4  2  1  3
  4  2  3  1
  4  3  1  2
  4  3  2  1
 -1  1
  1  1
  1  1
 -1  1
 -1  1
  1  1
  1  1
 -1  1
 -1  1
  1  1
  1  1
 -1  1
 -1  1
  1  1
  1  1
 -1  1
 -1  1
  1  1
  1  1
 -1  1
 -1  1
  1  1
  1  1
 -1  1
  4 24  1  2                        
  1  1  1  1
  1  2  3  4
  1  2  4  3
  1  3  2  4
  1  3  4  2
  1  4  2  3
  1  4  3  2
  2  1  3  4
  2  1  4  3
  2  3  1  4
  2  3  4  1
  2  4  1  3
  2  4  3  1
  3  1  2  4
  3  1  4  2
  3  2  1  4
  3  2  4  1
  3  4  1  2
  3  4  2  1
  4  1  2  3
  4  1  3  2
  4  2  1  3
  4  2  3  1
  4  3  1  2
  4  3  2  1
 -1  1
  1  1
  1  1
 -1  1
 -1  1
  1  1
  1  1
 -1  1
 -1  1
  1  1
  1  1
 -1  1
 -1  1
  1  1
  1  1
 -1  1
 -1  1
  1  1
  1  1
 -1  1
 -1  1
  1  1
  1  1
 -1  1
  4 24  1  2                        
  1  1  1  1
  1  2  3  4
  1  2  4  3
  1  3  2  4
  1  3  4  2
  1  4  2  3
  1  4  3  2
  2  1  3  4
  2  1  4  3
  2  3  1  4
  2  3  4  1
  2  4  1  3
  2  4  3  1
  3  1  2  4
  3  1  4  2
  3  2  1  4
  3  2  4  1
  3  4  1  2
  3  4  2  1
  4  1  2  3
  4  1  3  2
  4  2  1  3
  4  2  3  1
  4  3  1  2
  4  3  2  1
 -1  1
  1  1
  1  1
 -1  1
 -1  1
  1  1
  1  1
 -1  1
 -1  1
  1  1
  1  1
 -1  1
 -1  1
  1  1
  1  1
 -1  1
 -1  1
  1  1
  1  1
 -1  1
 -1  1
  1  1
  1  1
 -1  1
  4 24  1  2                        
  1  1  1  1
  1  2  3  4
  1  2  4  3
  1  3  2  4
  1  3  4  2
  1  4  2  3
  1  4  3  2
  2  1  3  4
  2  1  4  3
  2  3  1  4
  2  3  4  1
  2  4  1  3
  2  4  3  1
  3  1  2  4
  3  1  4  2
  3  2  1  4
  3  2  4  1
  3  4  1  2
  3  4  2  1
  4  1  2  3
  4  1  3  2
  4  2  1  3
  4  2  3  1
  4  3  1  2
  4  3  2  1
 -1  1
  1  1
  1  1
 -1  1
 -1  1
  1  1
  1  1
 -1  1
 -1  1
  1  1
  1  1
 -1  1
 -1  1
  1  1
  1  1
 -1  1
 -1  1
  1  1
  1  1
 -1  1
 -1  1
  1  1
  1  1
 -1  1
  4 24  1  3                        
  1  1  1  1
  1  2  3  4
  1  2  4  3
  1  3  2  4
  1  3  4  2
  1  4  2  3
  1  4  3  2
  2  1  3  4
  2  1  4  3
  2  3  1  4
  2  3  4  1
  2  4  1  3
  2  4  3  1
  3  1  2  4
  3  1  4  2
  3  2  1  4
  3  2  4  1
  3  4  1  2
  3  4  2  1
  4  1  2  3
  4  1  3  2
  4  2  1  3
  4  2  3  1
  4  3  1  2
  4  3  2  1
 -1  1
  1  1
  1  1
 -1  1
 -1  1
  1  1
  1  1
 -1  1
 -1  1
  1  1
  1  1
 -1  1
 -1  1
  1  1
  1  1
 -1  1
 -1  1
  1  1
  1  1
 -1  1
 -1  1
  1  1
  1  1
 -1  1
  4 24  1  3                        
  1  1  1  1
  1  2  3  4
  1  2  4  3
  1  3  2  4
  1  3  4  2
  1  4  2  3
  1  4  3  2
  2  1  3  4
  2  1  4  3
  2  3  1  4
  2  3  4  1
  2  4  1  3
  2  4  3  1
  3  1  2  4
  3  1  4  2
  3  2  1  4
  3  2  4  1
  3  4  1  2
  3  4  2  1
  4  1  2  3
  4  1  3  2
  4  2  1  3
  4  2  3  1
  4  3  1  2
  4  3  2  1
 -1  1
  1  1
  1  1
 -1  1
 -1  1
  1  1
  1  1
 -1  1
 -1  1
  1  1
  1  1
 -1  1
 -1  1
  1  1
  1  1
 -1  1
 -1  1
  1  1
  1  1
 -1  1
 -1  1
  1  1
  1  1
 -1  1
  4 24  1  3                        
  1  1  1  1
  1  2  3  4
  1  2  4  3
  1  3  2  4
  1  3  4  2
  1  4  2  3
  1  4  3  2
  2  1  3  4
  2  1  4  3
  2  3  1  4
  2  3  4  1
  2  4  1  3
  2  4  3  1
  3  1  2  4
  3  1  4  2
  3  2  1  4
  3  2  4  1
  3  4  1  2
  3  4  2  1
  4  1  2  3
  4  1  3  2
  4  2  1  3
  4  2  3  1
  4  3  1  2
  4  3  2  1
 -1  1
  1  1
  1  1
 -1  1
 -1  1
  1  1
  1  1
 -1  1
 -1  1
  1  1
  1  1
 -1  1
 -1  1
  1  1
  1  1
 -1  1
 -1  1
  1  1
  1  1
 -1  1
 -1  1
  1  1
  1  1
 -1  1
  4 24  1  3                        
  1  1  1  1
  1  2  3  4
  1  2  4  3
  1  3  2  4
  1  3  4  2
  1  4  2  3
  1  4  3  2
  2  1  3  4
  2  1  4  3
  2  3  1  4
  2  3  4  1
  2  4  1  3
  2  4  3  1
  3  1  2  4
  3  1  4  2
  3  2  1  4
  3  2  4  1
  3  4  1  2
  3  4  2  1
  4  1  2  3
  4  1  3  2
  4  2  1  3
  4  2  3  1
  4  3  1  2
  4  3  2  1
 -1  1
  1  1
  1  1
 -1  1
 -1  1
  1  1
  1  1
 -1  1
 -1  1
  1  1
  1  1
 -1  1
 -1  1
  1  1
  1  1
 -1  1
 -1  1
  1  1
  1  1
 -1  1
 -1  1
  1  1
  1  1
 -1  1
np3s_np3s_12-34_np3s_np3s_12-34
np3s_np3s_12-34_np3s_np3s_12-34
np3s_np3s_12-34_np3s_np3s_12-34
np3s_np3s_12-34_tp_123-4
np3s_np3s_12-34_tp_123-4
np3s_np3s_12-34_tp_123-4
np3s_np3s_12-34_np3s_np3s_12-34
np3s_np3s_12-34_np3s_np3s_12-34
np3s_np3s_12-34_np3s_np3s_12-34
np3s_np3s_12-34_np3s_np3s_12-34
np3s_np3s_12-34_tp_123-4
np3s_np3s_12-34_tp_123-4
np3s_np3s_12-34_tp_123-4
np3s_np3s_12-34_tp_123-4
np3s_np3s_12-34_np3s_np3s_12-34
np3s_np3s_12-34_np3s_np3s_12-34
np3s_np3s_12-34_np3s_np3s_12-34
np3s_np3s_12-34_tp_123-4
np3s_np3s_12-34_tp_123-4
np3s_np3s_12-34_tp_123-4
np3s_np3s_12-34_np3s_np3s_12-34
np3s_np3s_12-34_np3s_np3s_12-34
np3s_np3s_12-34_np3s_np3s_12-34
np3s_np3s_12-34_np3s_np3s_12-34
np3s_np3s_12-34_tp_123-4
np3s_np3s_12-34_tp_123-4
np3s_np3s_12-34_tp_123-4
np3s_np3s_12-34_tp_123-4
np3s_np3s_12-34_np3s_np3s_12-34
np3s_np3s_12-34_np3s_np3s_12-34
np3s_np3s_12-34_np3s_np3s_12-34
np3s_np3s_12-34_tp_123-4
np3s_np3s_12-34_tp_123-4
np3s_np3s_12-34_tp_123-4
np3s_np3s_12-34_np3s_np3s_12-34
np3s_np3s_12-34_np3s_np3s_12-34
np3s_np3s_12-34_np3s_np3s_12-34
np3s_np3s_12-34_np3s_np3s_12-34
np3s_np3s_12-34_tp_123-4
np3s_np3s_12-34_tp_123-4
np3s_np3s_12-34_tp_123-4
np3s_np3s_12-34_tp_123-4
tp_123-4_np3s_np3s_12-34
tp_123-4_np3s_np3s_12-34
tp_123-4_np3s_np3s_12-34
tp_123-4_tp_123-4
tp_123-4_tp_123-4
tp_123-4_tp_123-4
tp_123-4_np3s_np3s_12-34
tp_123-4_np3s_np3s_12-34
tp_123-4_np3s_np3s_12-34
tp_123-4_np3s_np3s_12-34
tp_123-4_tp_123-4
tp_123-4_tp_123-4
tp_123-4_tp_123-4
tp_123-4_tp_123-4
tp_123-4_np3s_np3s_12-34
tp_123-4_np3s_np3s_12-34
tp_123-4_np3s_np3s_12-34
tp_123-4_tp_123-4
tp_123-4_tp_123-4
tp_123-4_tp_123-4
tp_123-4_np3s_np3s_12-34
tp_123-4_np3s_np3s_12-34
tp_123-4_np3s_np3s_12-34
tp_123-4_np3s_np3s_12-34
tp_123-4_tp_123-4
tp_123-4_tp_123-4
tp_123-4_tp_123-4
tp_123-4_tp_123-4
tp_123-4_np3s_np3s_12-34
tp_123-4_np3s_np3s_12-34
tp_123-4_np3s_np3s_12-34
tp_123-4_tp_123-4
tp_123-4_tp_123-4
tp_123-4_tp_123-4
tp_123-4_np3s_np3s_12-34
tp_123-4_np3s_np3s_12-34
tp_123-4_np3s_np3s_12-34
tp_123-4_np3s_np3s_12-34
tp_123-4_tp_123-4
tp_123-4_tp_123-4
tp_123-4_tp_123-4
tp_123-4_tp_123-4
np3s_np3s_12-34_np3s_np3s_12-34
np3s_np3s_12-34_np3s_np3s_12-34
np3s_np3s_12-34_np3s_np3s_12-34
np3s_np3s_12-34_tp_123-4
np3s_np3s_12-34_tp_123-4
np3s_np3s_12-34_tp_123-4
np3s_np3s_12-34_np3s_np3s_12-34
np3s_np3s_12-34_np3s_np3s_12-34
np3s_np3s_12-34_np3s_np3s_12-34
np3s_np3s_12-34_np3s_np3s_12-34
np3s_np3s_12-34_tp_123-4
np3s_np3s_12-34_tp_123-4
np3s_np3s_12-34_tp_123-4
np3s_np3s_12-34_tp_123-4
np3s_np3s_12-34_np3s_np3s_12-34
np3s_np3s_12-34_np3s_np3s_12-34
np3s_np3s_12-34_np3s_np3s_12-34
np3s_np3s_12-34_tp_123-4
np3s_np3s_12-34_tp_123-4
np3s_np3s_12-34_tp_123-4
np3s_np3s_12-34_np3s_np3s_12-34
np3s_np3s_12-34_np3s_np3s_12-34
np3s_np3s_12-34_np3s_np3s_12-34
np3s_np3s_12-34_np3s_np3s_12-34
np3s_np3s_12-34_tp_123-4
np3s_np3s_12-34_tp_123-4
np3s_np3s_12-34_tp_123-4
np3s_np3s_12-34_tp_123-4
np3s_np3s_12-34_np3s_np3s_12-34
np3s_np3s_12-34_np3s_np3s_12-34
np3s_np3s_12-34_np3s_np3s_12-34
np3s_np3s_12-34_tp_123-4
np3s_np3s_12-34_tp_123-4
np3s_np3s_12-34_tp_123-4
np3s_np3s_12-34_np3s_np3s_12-34
np3s_np3s_12-34_np3s_np3s_12-34
np3s_np3s_12-34_np3s_np3s_12-34
np3s_np3s_12-34_np3s_np3s_12-34
np3s_np3s_12-34_tp_123-4
np3s_np3s_12-34_tp_123-4
np3s_np3s_12-34_tp_123-4
np3s_np3s_12-34_tp_123-4
np3s_np3s_12-34_np3s_np3s_12-34
np3s_np3s_12-34_np3s_np3s_12-34
np3s_np3s_12-34_np3s_np3s_12-34
np3s_np3s_12-34_tp_123-4
np3s_np3s_12-34_tp_123-4
np3s_np3s_12-34_tp_123-4
np3s_np3s_12-34_np3s_np3s_12-34
np3s_np3s_12-34_np3s_np3s_12-34
np3s_np3s_12-34_np3s_np3s_12-34
np3s_np3s_12-34_np3s_np3s_12-34
np3s_np3s_12-34_tp_123-4
np3s_np3s_12-34_tp_123-4
np3s_np3s_12-34_tp_123-4
np3s_np3s_12-34_tp_123-4
tp_123-4_np3s_np3s_12-34
tp_123-4_np3s_np3s_12-34
tp_123-4_np3s_np3s_12-34
tp_123-4_tp_123-4
tp_123-4_tp_123-4
tp_123-4_tp_123-4
tp_123-4_np3s_np3s_12-34
tp_123-4_np3s_np3s_12-34
tp_123-4_np3s_np3s_12-34
tp_123-4_np3s_np3s_12-34
tp_123-4_tp_123-4
tp_123-4_tp_123-4
tp_123-4_tp_123-4
tp_123-4_tp_123-4
tp_123-4_np3s_np3s_12-34
tp_123-4_np3s_np3s_12-34
tp_123-4_np3s_np3s_12-34
tp_123-4_tp_123-4
tp_123-4_tp_123-4
tp_123-4_tp_123-4
tp_123-4_np3s_np3s_12-34
tp_123-4_np3s_np3s_12-34
tp_123-4_np3s_np3s_12-34
tp_123-4_np3s_np3s_12-34
tp_123-4_tp_123-4
tp_123-4_tp_123-4
tp_123-4_tp_123-4
tp_123-4_tp_123-4
tp_123-4_np3s_np3s_12-34
tp_123-4_np3s_np3s_12-34
tp_123-4_np3s_np3s_12-34
tp_123-4_tp_123-4
tp_123-4_tp_123-4
tp_123-4_tp_123-4
tp_123-4_np3s_np3s_12-34
tp_123-4_np3s_np3s_12-34
tp_123-4_np3s_np3s_12-34
tp_123-4_np3s_np3s_12-34
tp_123-4_tp_123-4
tp_123-4_tp_123-4
tp_123-4_tp_123-4
tp_123-4_tp_123-4
tp_123-4_np3s_np3s_12-34
tp_123-4_np3s_np3s_12-34
tp_123-4_np3s_np3s_12-34
tp_123-4_tp_123-4
tp_123-4_tp_123-4
tp_123-4_tp_123-4
tp_123-4_np3s_np3s_12-34
tp_123-4_np3s_np3s_12-34
tp_123-4_np3s_np3s_12-34
tp_123-4_np3s_np3s_12-34
tp_123-4_tp_123-4
tp_123-4_tp_123-4
tp_123-4_tp_123-4
tp_123-4_tp_123-4
