 10  2 12 14  1  1 +2  0  0 -1
  1  1  1  1  0  0  0  0  0  0  0  0  0  0  1  1
   0.0000000   1.0000000   0.0000000   0.0000000   0.0000000   0.0000000   0.0000000
   0.0000000   0.0000000   0.0000000   0.0000000   0.0000000   0.0000000
   0   9   0   0   0   1
  21
0.002157070         
0.067453416         
0.044884033         
0.019026545         
0.003289944         
-0.000060367        
0.527331473         
0.701781010         
0.297488147         
0.051439678         
-0.000943867        
0.233485298         
0.197950950         
0.034228366         
-0.000628057        
0.041956152         
0.014509559         
-0.000266236        
0.001254448         
-0.000046036        
0.000000422         
  0  0  0
  21   1   2   3   4   5   6   7   8   9  10  11  12  13  14  15  16  17  18  19
  20  21
   1   2   3   4   5   6   7   8   9  10  11  12  13  14  15  16  17  18  19  20
  21
  1  1  1  1  1  1  1  1  1  1  1  1  1  1  1  1  1  1  1  1
  0  0  0 -1
   1   2
9   
  0  1  0  1  0  1  0
  0  0  0
   1   3
13  
  0  1  0  1  0  1  0
  0  0  0
   1   4
7   
  0  1  0  1  0  1  0
  0  0  0
   1   5
7   
  0  1  0  1  0  1  0
  0  0  0
   1   6
7   
  0  1  0  1  0  1  0
  0  0  0
   1   7
7   
  0  1  0  1  0  1  0
  0  0  0
   1   8
13  
  0  1  0  1  0  1  0
  0  0  0
   1   9
13  
  0  1  0  1  0  1  0
  0  0  0
   1  10
12  
  0  1  0  1  0  1  0
  0  0  0
   1  11
7   
  0  1  0  1  0  1  0
  0  0  0
   1  12
7   
  0  1  0  1  0  1  0
  0  0  0
   1  13
8   
  0  1  0  1  0  1  0
  0  0  0
   1  14
9   
  0  1  0  1  0  1  0
  0  0  0
   1  15
13  
  0  1  0  1  0  1  0
  0  0  0
   1  16
13  
  0  1  0  1  0  1  0
  0  0  0
   1  17
13  
  0  1  0  1  0  1  0
  0  0  0
   1  18
9   
  0  1  0  1  0  1  0
