 10  8  9  3 00  0  0  0  0
nn_pot
  8
  8 20
                                                6.634552    6.634552    
                                                6.634552    1.667780    
                                                6.634552    0.446370    
                                                6.634552    0.103464    
                                                6.634552    0.019972    
                                                6.634552    0.004535    
                                                1.667780    1.667780    
                                                1.667780    0.446370    
   12.956650    5.134670    2.947287    1.342339    0.821446    0.444741
    2.939000    1.690174    1.185236    0.843000    0.500110    0.257369
    0.138520    0.071429    0.038519    0.018573    0.009726    0.005619
    0.002765    0.001010
  1  1
          1.

  1  1
                      1.

  1  1
                                  1.

  1  1
                                              1.

  1  1
                                                          1.

  1  1
                                                                      1.

  1  1

          1.
  1  1

                      1.
  8
  8 20
                                                1.667780    0.103464    
                                                1.667780    0.019972    
                                                1.667780    0.004535    
                                                0.446370    0.446370    
                                                0.446370    0.103464    
                                                0.446370    0.019972    
                                                0.446370    0.004535    
                                                0.103464    0.103464    
   12.956650    5.134670    2.947287    1.342339    0.821446    0.444741
    2.939000    1.690174    1.185236    0.843000    0.500110    0.257369
    0.138520    0.071429    0.038519    0.018573    0.009726    0.005619
    0.002765    0.001010
  1  1
          1.

  1  1
                      1.

  1  1
                                  1.

  1  1
                                              1.

  1  1
                                                          1.

  1  1
                                                                      1.

  1  1

          1.
  1  1

                      1.
  5
  5 20
                                                0.103464    0.019972    
                                                0.103464    0.004535    
                                                0.019972    0.019972    
                                                0.019972    0.004535    
                                                0.004535    0.004535    
   12.956650    5.134670    2.947287    1.342339    0.821446    0.444741
    2.939000    1.690174    1.185236    0.843000    0.500110    0.257369
    0.138520    0.071429    0.038519    0.018573    0.009726    0.005619
    0.002765    0.001010
  1  1
          1.
  1  1
                      1.
  1  1
                                  1.
  1  1
                                              1.
  1  1
                                                          1.
