 10  8  9  3 00  0  0  0  0
nnn_pot
  8                                                            Z1  BVs 1 - 8
  8  8
                                    31.802641   
                                    12.738194   
                                    5.494136    
                                    2.330715    
                                    1.357833    
                                    0.817800    
                                    0.370834    
                                    0.026671    
    5.448401    3.793411    1.008798    0.975749    0.248777    0.237147
    0.056455    0.047813
  1  1
          1.

  1  1
                      1.

  1  1
                                  1.

  1  1
                                              1.

  1  1
                                                          1.

  1  1
                                                                      1.

  1  1

          1.
  1  1

                      1.
  8                                                            Z2  BVs 9 - 16
  8  8
                                    31.976559   
                                    11.367071   
                                    6.436212    
                                    5.001632    
                                    1.816336    
                                    1.054528    
                                    0.867056    
                                    0.123976    
  116.793900   15.016276    6.707282    1.463735    0.435512    0.365040
    0.311171    0.094677
  1  1
          1.

  1  1
                      1.

  1  1
                                  1.

  1  1
                                              1.

  1  1
                                                          1.

  1  1
                                                                      1.

  1  1

          1.
  1  1

                      1.
eob-tni/t_no1_t_no1
elu-tni/000_000
eob-tni/t_no6_t_no1
elu-tni/000_000
eob-tni/t_no6_t_no6
elu-tni/000_000
