 10  8  9  3 00  0  0  0  0
/home/johannesk/kette_repo/limit_cycles/src_python/../systems/2np1s/7.00/nnn_pot
  8                                                            Z1  BVs 1 - 8
  8  8
                                    19.265579   
                                    9.919528    
                                    9.718655    
                                    6.189289    
                                    3.793799    
                                    1.105467    
                                    0.392424    
                                    0.109168    
   13.489928    9.725928    7.619593    4.541050    0.449004    0.104054
    0.100332    0.030881
  1  1
          1.

  1  1
                      1.

  1  1
                                  1.

  1  1
                                              1.

  1  1
                                                          1.

  1  1
                                                                      1.

  1  1

          1.
  1  1

                      1.
  8                                                            Z2  BVs 9 - 16
  8  8
                                    14.902312   
                                    11.649069   
                                    8.684739    
                                    1.240714    
                                    0.392286    
                                    0.282679    
                                    0.183573    
                                    0.071774    
    9.193088    4.328482    3.987049    1.669493    1.645690    0.655860
    0.124458    0.124092
  1  1
          1.

  1  1
                      1.

  1  1
                                  1.

  1  1
                                              1.

  1  1
                                                          1.

  1  1
                                                                      1.

  1  1

          1.
  1  1

                      1.
eob-tni/he_no1_he_no1
elu-tni/000_000
eob-tni/he_no6_he_no1
elu-tni/000_000
eob-tni/he_no6_he_no6
elu-tni/000_000
