 11  2 12 31  1  1 +2  0  0 -1
  1  1  1  1  0  0  0  0  0  0  0  0  0  0  1  1
   0.0000000   1.0000000   0.0000000   0.0000000   0.0000000   0.0000000   0.0000000
   0.0000000   0.0000000   0.0000000   0.0000000   0.0000000   0.0000000   1.0000000
   0.0000000   0.0000000   0.0000000   0.0000000   0.0000000   0.0000000   0.0000000
   0.0000000   0.0000000   0.0000000   0.0000000   0.0000000   0.0000000   0.0000000
   0.0000000   0.0000000
   0  37   0   0   0   1
  78
0.000000074         
-0.000000306        
0.000002056         
-0.000003374        
0.000864356         
-0.000887231        
-0.000103371        
-0.000063148        
-0.000019853        
-0.000001997        
-0.000002789        
-0.000000045        
0.000000315         
-0.000004235        
0.000006951         
-0.001781003        
0.001828137         
0.000212996         
0.000130117         
0.000040908         
0.000004114         
0.000005747         
0.000000092         
0.000014235         
-0.000046725        
0.011971189         
-0.012288001        
-0.001431673        
-0.000874592        
-0.000274966        
-0.000027655        
-0.000038627        
-0.000000620        
0.000038343         
-0.019647547        
0.020167510         
0.002349714         
0.001435412         
0.000451285         
0.000045388         
0.000063395         
0.000001018         
2.516909918         
-5.167037600        
-0.602010852        
-0.367761308        
-0.115621858        
-0.011628586        
-0.016242253        
-0.000260900        
2.651890457         
0.617942797         
0.377493944         
0.118681738         
0.011936331         
0.016672097         
0.000267804         
0.035998216         
0.043981768         
0.013827593         
0.001390700         
0.001942464         
0.000031202         
0.013433971         
0.008447113         
0.000849562         
0.001186628         
0.000019061         
0.001327860         
0.000267097         
0.000373068         
0.000005993         
0.000013432         
0.000037521         
0.000000603         
0.000026204         
0.000000842         
0.000000007         
  0  0  0
  78   1   2   3   4   5   6   7   8   9  10  11  12  13  14  15  16  17  18  19
  20  21  22  23  24  25  26  27  28  29  30  31  32  33  34  35  36  37  38  39
  40  41  42  43  44  45  46  47  48  49  50  51  52  53  54  55  56  57  58  59
  60  61  62  63  64  65  66  67  68  69  70  71  72  73  74  75  76  77  78
   1   2   3   4   5   6   7   8   9  10  11  12  13  14  15  16  17  18  19  20
  21  22  23  24  25  26  27  28  29  30  31  32  33  34  35  36  37  38  39  40
  41  42  43  44  45  46  47  48  49  50  51  52  53  54  55  56  57  58  59  60
  61  62  63  64  65  66  67  68  69  70  71  72  73  74  75  76  77  78
  1  1  1  1  1  1  1  1  1  1  1  1  1  1  1  1  1  1  1  1
  0  0  0 -1
   1   2
45  
  0  1  0  1  0  1  0
  0  0  0
   1   3
53  
  0  1  0  1  0  1  0
  0  0  0
   1   4
52  
  0  1  0  1  0  1  0
  0  0  0
   1   5
44  
  0  1  0  1  0  1  0
  0  0  0
   1   6
47  
  0  1  0  1  0  1  0
  0  0  0
   1   7
54  
  0  1  0  1  0  1  0
  0  0  0
   1   8
51  
  0  1  0  1  0  1  0
  0  0  0
   1   9
44  
  0  1  0  1  0  1  0
  0  0  0
   1  10
51  
  0  1  0  1  0  1  0
  0  0  0
   1  11
53  
  0  1  0  1  0  1  0
  0  0  0
   1  12
46  
  0  1  0  1  0  1  0
  0  0  0
   1  13
45  
  0  1  0  1  0  1  0
  0  0  0
   1  14
54  
  0  1  0  1  0  1  0
  0  0  0
   1  15
53  
  0  1  0  1  0  1  0
  0  0  0
   1  16
51  
  0  1  0  1  0  1  0
  0  0  0
   1  17
51  
  0  1  0  1  0  1  0
  0  0  0
   1  18
43  
  0  1  0  1  0  1  0
  0  0  0
   1  19
54  
  0  1  0  1  0  1  0
  0  0  0
   1  20
44  
  0  1  0  1  0  1  0
  0  0  0
   1  21
52  
  0  1  0  1  0  1  0
  0  0  0
   1  22
54  
  0  1  0  1  0  1  0
  0  0  0
   1  23
46  
  0  1  0  1  0  1  0
  0  0  0
   1  24
52  
  0  1  0  1  0  1  0
  0  0  0
   1  25
45  
  0  1  0  1  0  1  0
  0  0  0
   1  26
46  
  0  1  0  1  0  1  0
  0  0  0
   1  27
46  
  0  1  0  1  0  1  0
  0  0  0
   1  28
46  
  0  1  0  1  0  1  0
  0  0  0
   1  29
47  
  0  1  0  1  0  1  0
  0  0  0
   1  30
44  
  0  1  0  1  0  1  0
  0  0  0
   1  31
51  
  0  1  0  1  0  1  0
  0  0  0
   1  32
44  
  0  1  0  1  0  1  0
  0  0  0
   1  33
51  
  0  1  0  1  0  1  0
  0  0  0
   1  34
46  
  0  1  0  1  0  1  0
  0  0  0
   1  35
43  
  0  1  0  1  0  1  0
  0  0  0
   1  36
45  
  0  1  0  1  0  1  0
  0  0  0
   1  37
43  
  0  1  0  1  0  1  0
  0  0  0
   1  38
44  
  0  1  0  1  0  1  0
  0  0  0
   1  39
54  
  0  1  0  1  0  1  0
  0  0  0
   1  40
51  
  0  1  0  1  0  1  0
  0  0  0
   1  41
52  
  0  1  0  1  0  1  0
  0  0  0
   1  42
52  
  0  1  0  1  0  1  0
  0  0  0
   1  43
46  
  0  1  0  1  0  1  0
  0  0  0
   1  44
44  
  0  1  0  1  0  1  0
  0  0  0
   1  45
45  
  0  1  0  1  0  1  0
  0  0  0
   1  46
54  
  0  1  0  1  0  1  0
  0  0  0
   1  47
46  
  0  1  0  1  0  1  0
  0  0  0
   1  48
44  
  0  1  0  1  0  1  0
  0  0  0
   1  49
51  
  0  1  0  1  0  1  0
  0  0  0
   1  50
54  
  0  1  0  1  0  1  0
  0  0  0
   1  51
43  
  0  1  0  1  0  1  0
  0  0  0
   1  52
44  
  0  1  0  1  0  1  0
  0  0  0
   1  53
54  
  0  1  0  1  0  1  0
  0  0  0
   1  54
51  
  0  1  0  1  0  1  0
  0  0  0
   1  55
46  
  0  1  0  1  0  1  0
  0  0  0
   1  56
53  
  0  1  0  1  0  1  0
  0  0  0
   1  57
47  
  0  1  0  1  0  1  0
  0  0  0
   1  58
54  
  0  1  0  1  0  1  0
  0  0  0
   1  59
47  
  0  1  0  1  0  1  0
  0  0  0
   1  60
51  
  0  1  0  1  0  1  0
  0  0  0
   1  61
43  
  0  1  0  1  0  1  0
  0  0  0
   1  62
45  
  0  1  0  1  0  1  0
  0  0  0
   1  63
47  
  0  1  0  1  0  1  0
  0  0  0
   1  64
51  
  0  1  0  1  0  1  0
  0  0  0
   1  65
45  
  0  1  0  1  0  1  0
  0  0  0
   1  66
51  
  0  1  0  1  0  1  0
  0  0  0
   1  67
51  
  0  1  0  1  0  1  0
  0  0  0
   1  68
46  
  0  1  0  1  0  1  0
  0  0  0
   1  69
54  
  0  1  0  1  0  1  0
  0  0  0
   1  70
51  
  0  1  0  1  0  1  0
  0  0  0
   1  71
43  
  0  1  0  1  0  1  0
  0  0  0
   1  72
44  
  0  1  0  1  0  1  0
  0  0  0
   1  73
47  
  0  1  0  1  0  1  0
  0  0  0
   1  74
53  
  0  1  0  1  0  1  0
  0  0  0
   1  75
43  
  0  1  0  1  0  1  0
