 10  8  9  3 00  0  0  0  0
nnn_pot
  8
  8 20
                                                10.010237   10.010237   
                                                10.010237   5.160679    
                                                10.010237   1.458404    
                                                10.010237   1.047867    
                                                10.010237   0.352628    
                                                10.010237   0.349790    
                                                10.010237   0.132318    
                                                10.010237   0.057928    
   12.956650    5.134670    2.947287    1.342339    0.821446    0.444741
    2.939000    1.690174    1.185236    0.843000    0.500110    0.257369
    0.138520    0.071429    0.038519    0.018573    0.009726    0.005619
    0.002765    0.001010
  1  1
          1.

  1  1
                      1.

  1  1
                                  1.

  1  1
                                              1.

  1  1
                                                          1.

  1  1
                                                                      1.

  1  1

          1.
  1  1

                      1.
  8
  8 20
                                                10.010237   0.024622    
                                                10.010237   0.019564    
                                                10.010237   0.009945    
                                                10.010237   0.004417    
                                                5.160679    5.160679    
                                                5.160679    1.458404    
                                                5.160679    1.047867    
                                                5.160679    0.352628    
   12.956650    5.134670    2.947287    1.342339    0.821446    0.444741
    2.939000    1.690174    1.185236    0.843000    0.500110    0.257369
    0.138520    0.071429    0.038519    0.018573    0.009726    0.005619
    0.002765    0.001010
  1  1
          1.

  1  1
                      1.

  1  1
                                  1.

  1  1
                                              1.

  1  1
                                                          1.

  1  1
                                                                      1.

  1  1

          1.
  1  1

                      1.
  8
  8 20
                                                5.160679    0.349790    
                                                5.160679    0.132318    
                                                5.160679    0.057928    
                                                5.160679    0.024622    
                                                5.160679    0.019564    
                                                5.160679    0.009945    
                                                5.160679    0.004417    
                                                1.458404    1.458404    
   12.956650    5.134670    2.947287    1.342339    0.821446    0.444741
    2.939000    1.690174    1.185236    0.843000    0.500110    0.257369
    0.138520    0.071429    0.038519    0.018573    0.009726    0.005619
    0.002765    0.001010
  1  1
          1.

  1  1
                      1.

  1  1
                                  1.

  1  1
                                              1.

  1  1
                                                          1.

  1  1
                                                                      1.

  1  1

          1.
  1  1

                      1.
  8
  8 20
                                                1.458404    1.047867    
                                                1.458404    0.352628    
                                                1.458404    0.349790    
                                                1.458404    0.132318    
                                                1.458404    0.057928    
                                                1.458404    0.024622    
                                                1.458404    0.019564    
                                                1.458404    0.009945    
   12.956650    5.134670    2.947287    1.342339    0.821446    0.444741
    2.939000    1.690174    1.185236    0.843000    0.500110    0.257369
    0.138520    0.071429    0.038519    0.018573    0.009726    0.005619
    0.002765    0.001010
  1  1
          1.

  1  1
                      1.

  1  1
                                  1.

  1  1
                                              1.

  1  1
                                                          1.

  1  1
                                                                      1.

  1  1

          1.
  1  1

                      1.
  8
  8 20
                                                1.458404    0.004417    
                                                1.047867    1.047867    
                                                1.047867    0.352628    
                                                1.047867    0.349790    
                                                1.047867    0.132318    
                                                1.047867    0.057928    
                                                1.047867    0.024622    
                                                1.047867    0.019564    
   12.956650    5.134670    2.947287    1.342339    0.821446    0.444741
    2.939000    1.690174    1.185236    0.843000    0.500110    0.257369
    0.138520    0.071429    0.038519    0.018573    0.009726    0.005619
    0.002765    0.001010
  1  1
          1.

  1  1
                      1.

  1  1
                                  1.

  1  1
                                              1.

  1  1
                                                          1.

  1  1
                                                                      1.

  1  1

          1.
  1  1

                      1.
  8
  8 20
                                                1.047867    0.009945    
                                                1.047867    0.004417    
                                                0.352628    0.352628    
                                                0.352628    0.349790    
                                                0.352628    0.132318    
                                                0.352628    0.057928    
                                                0.352628    0.024622    
                                                0.352628    0.019564    
   12.956650    5.134670    2.947287    1.342339    0.821446    0.444741
    2.939000    1.690174    1.185236    0.843000    0.500110    0.257369
    0.138520    0.071429    0.038519    0.018573    0.009726    0.005619
    0.002765    0.001010
  1  1
          1.

  1  1
                      1.

  1  1
                                  1.

  1  1
                                              1.

  1  1
                                                          1.

  1  1
                                                                      1.

  1  1

          1.
  1  1

                      1.
  8
  8 20
                                                0.352628    0.009945    
                                                0.352628    0.004417    
                                                0.349790    0.349790    
                                                0.349790    0.132318    
                                                0.349790    0.057928    
                                                0.349790    0.024622    
                                                0.349790    0.019564    
                                                0.349790    0.009945    
   12.956650    5.134670    2.947287    1.342339    0.821446    0.444741
    2.939000    1.690174    1.185236    0.843000    0.500110    0.257369
    0.138520    0.071429    0.038519    0.018573    0.009726    0.005619
    0.002765    0.001010
  1  1
          1.

  1  1
                      1.

  1  1
                                  1.

  1  1
                                              1.

  1  1
                                                          1.

  1  1
                                                                      1.

  1  1

          1.
  1  1

                      1.
  8
  8 20
                                                0.349790    0.004417    
                                                0.132318    0.132318    
                                                0.132318    0.057928    
                                                0.132318    0.024622    
                                                0.132318    0.019564    
                                                0.132318    0.009945    
                                                0.132318    0.004417    
                                                0.057928    0.057928    
   12.956650    5.134670    2.947287    1.342339    0.821446    0.444741
    2.939000    1.690174    1.185236    0.843000    0.500110    0.257369
    0.138520    0.071429    0.038519    0.018573    0.009726    0.005619
    0.002765    0.001010
  1  1
          1.

  1  1
                      1.

  1  1
                                  1.

  1  1
                                              1.

  1  1
                                                          1.

  1  1
                                                                      1.

  1  1

          1.
  1  1

                      1.
  8
  8 20
                                                0.057928    0.024622    
                                                0.057928    0.019564    
                                                0.057928    0.009945    
                                                0.057928    0.004417    
                                                0.024622    0.024622    
                                                0.024622    0.019564    
                                                0.024622    0.009945    
                                                0.024622    0.004417    
   12.956650    5.134670    2.947287    1.342339    0.821446    0.444741
    2.939000    1.690174    1.185236    0.843000    0.500110    0.257369
    0.138520    0.071429    0.038519    0.018573    0.009726    0.005619
    0.002765    0.001010
  1  1
          1.

  1  1
                      1.

  1  1
                                  1.

  1  1
                                              1.

  1  1
                                                          1.

  1  1
                                                                      1.

  1  1

          1.
  1  1

                      1.
  6
  6 20
                                                0.019564    0.019564    
                                                0.019564    0.009945    
                                                0.019564    0.004417    
                                                0.009945    0.009945    
                                                0.009945    0.004417    
                                                0.004417    0.004417    
   12.956650    5.134670    2.947287    1.342339    0.821446    0.444741
    2.939000    1.690174    1.185236    0.843000    0.500110    0.257369
    0.138520    0.071429    0.038519    0.018573    0.009726    0.005619
    0.002765    0.001010
  1  1
          1.
  1  1
                      1.
  1  1
                                  1.
  1  1
                                              1.
  1  1
                                                          1.
  1  1
                                                                      1.
eob-tni/nn1s_nn1s_S0_nn1s_nn1s_S0
elu-tni/000-0_000-0
eob-tni/nn1s_nn1s_S0_nn1s_nn1s_S0
elu-tni/000-0_000-0
eob-tni/nn1s_nn1s_S0_nn1s_nn1s_S0
elu-tni/000-0_000-0
eob-tni/nn1s_nn1s_S0_nn1s_nn1s_S0
elu-tni/000-0_000-0
eob-tni/nn1s_nn1s_S0_nn1s_nn1s_S0
elu-tni/000-0_000-0
eob-tni/nn1s_nn1s_S0_nn1s_nn1s_S0
elu-tni/000-0_000-0
eob-tni/nn1s_nn1s_S0_nn1s_nn1s_S0
elu-tni/000-0_000-0
eob-tni/nn1s_nn1s_S0_nn1s_nn1s_S0
elu-tni/000-0_000-0
eob-tni/nn1s_nn1s_S0_nn1s_nn1s_S0
elu-tni/000-0_000-0
eob-tni/nn1s_nn1s_S0_nn1s_nn1s_S0
elu-tni/000-0_000-0
eob-tni/nn1s_nn1s_S0_nn1s_nn1s_S0
elu-tni/000-0_000-0
eob-tni/nn1s_nn1s_S0_nn1s_nn1s_S0
elu-tni/000-0_000-0
eob-tni/nn1s_nn1s_S0_nn1s_nn1s_S0
elu-tni/000-0_000-0
eob-tni/nn1s_nn1s_S0_nn1s_nn1s_S0
elu-tni/000-0_000-0
eob-tni/nn1s_nn1s_S0_nn1s_nn1s_S0
elu-tni/000-0_000-0
eob-tni/nn1s_nn1s_S0_nn1s_nn1s_S0
elu-tni/000-0_000-0
eob-tni/nn1s_nn1s_S0_nn1s_nn1s_S0
elu-tni/000-0_000-0
eob-tni/nn1s_nn1s_S0_nn1s_nn1s_S0
elu-tni/000-0_000-0
eob-tni/nn1s_nn1s_S0_nn1s_nn1s_S0
elu-tni/000-0_000-0
eob-tni/nn1s_nn1s_S0_nn1s_nn1s_S0
elu-tni/000-0_000-0
eob-tni/nn1s_nn1s_S0_nn1s_nn1s_S0
elu-tni/000-0_000-0
eob-tni/nn1s_nn1s_S0_nn1s_nn1s_S0
elu-tni/000-0_000-0
eob-tni/nn1s_nn1s_S0_nn1s_nn1s_S0
elu-tni/000-0_000-0
eob-tni/nn1s_nn1s_S0_nn1s_nn1s_S0
elu-tni/000-0_000-0
eob-tni/nn1s_nn1s_S0_nn1s_nn1s_S0
elu-tni/000-0_000-0
eob-tni/nn1s_nn1s_S0_nn1s_nn1s_S0
elu-tni/000-0_000-0
eob-tni/nn1s_nn1s_S0_nn1s_nn1s_S0
elu-tni/000-0_000-0
eob-tni/nn1s_nn1s_S0_nn1s_nn1s_S0
elu-tni/000-0_000-0
eob-tni/nn1s_nn1s_S0_nn1s_nn1s_S0
elu-tni/000-0_000-0
eob-tni/nn1s_nn1s_S0_nn1s_nn1s_S0
elu-tni/000-0_000-0
eob-tni/nn1s_nn1s_S0_nn1s_nn1s_S0
elu-tni/000-0_000-0
eob-tni/nn1s_nn1s_S0_nn1s_nn1s_S0
elu-tni/000-0_000-0
eob-tni/nn1s_nn1s_S0_nn1s_nn1s_S0
elu-tni/000-0_000-0
eob-tni/nn1s_nn1s_S0_nn1s_nn1s_S0
elu-tni/000-0_000-0
eob-tni/nn1s_nn1s_S0_nn1s_nn1s_S0
elu-tni/000-0_000-0
eob-tni/nn1s_nn1s_S0_nn1s_nn1s_S0
elu-tni/000-0_000-0
eob-tni/nn1s_nn1s_S0_nn1s_nn1s_S0
elu-tni/000-0_000-0
eob-tni/nn1s_nn1s_S0_nn1s_nn1s_S0
elu-tni/000-0_000-0
eob-tni/nn1s_nn1s_S0_nn1s_nn1s_S0
elu-tni/000-0_000-0
eob-tni/nn1s_nn1s_S0_nn1s_nn1s_S0
elu-tni/000-0_000-0
eob-tni/nn1s_nn1s_S0_nn1s_nn1s_S0
elu-tni/000-0_000-0
eob-tni/nn1s_nn1s_S0_nn1s_nn1s_S0
elu-tni/000-0_000-0
eob-tni/nn1s_nn1s_S0_nn1s_nn1s_S0
elu-tni/000-0_000-0
eob-tni/nn1s_nn1s_S0_nn1s_nn1s_S0
elu-tni/000-0_000-0
eob-tni/nn1s_nn1s_S0_nn1s_nn1s_S0
elu-tni/000-0_000-0
eob-tni/nn1s_nn1s_S0_nn1s_nn1s_S0
elu-tni/000-0_000-0
eob-tni/nn1s_nn1s_S0_nn1s_nn1s_S0
elu-tni/000-0_000-0
eob-tni/nn1s_nn1s_S0_nn1s_nn1s_S0
elu-tni/000-0_000-0
eob-tni/nn1s_nn1s_S0_nn1s_nn1s_S0
elu-tni/000-0_000-0
eob-tni/nn1s_nn1s_S0_nn1s_nn1s_S0
elu-tni/000-0_000-0
eob-tni/nn1s_nn1s_S0_nn1s_nn1s_S0
elu-tni/000-0_000-0
eob-tni/nn1s_nn1s_S0_nn1s_nn1s_S0
elu-tni/000-0_000-0
eob-tni/nn1s_nn1s_S0_nn1s_nn1s_S0
elu-tni/000-0_000-0
eob-tni/nn1s_nn1s_S0_nn1s_nn1s_S0
elu-tni/000-0_000-0
eob-tni/nn1s_nn1s_S0_nn1s_nn1s_S0
elu-tni/000-0_000-0
