 11  2 12 31  1  1 +2  0  0 -1
  1  1  1  1  0  0  0  0  0  0  0  0  0  0  1  1
   0.0000000   1.0000000   1.0000000   1.0000000   1.0000000   1.0000000   1.0000000
   1.0000000   1.0000000   1.0000000   1.0000000   1.0000000   1.0000000   1.0000000
   1.0000000   1.0000000   1.0000000   1.0000000   1.0000000   1.0000000   1.0000000
   1.0000000   1.0000000   1.0000000   1.0000000   1.0000000   1.0000000   1.0000000
   1.0000000   1.0000000
   0  83   0   0   0   1
 117
1.085540079         
1.839365117         
1.000830878         
0.456769396         
0.187900855         
0.053046079         
0.779166080         
0.847915909         
0.386980504         
0.159191856         
0.044941274         
0.230682972         
0.210562892         
0.086619086         
0.024453337         
0.048049419         
0.039532101         
0.011160263         
0.008131144         
0.004590988         
0.000648038         
-0.385437500        
0.033277940         
0.030636220         
0.122089000         
0.100551400         
0.048369390         
-0.375477700        
-0.099833990        
-0.042450850        
0.723886800         
0.157259000         
0.122655500         
-0.583192400        
-0.108317200        
-0.094417290        
0.016738390         
0.012574330         
0.013475700         
-0.001004825        
-0.003666609        
0.006234073         
0.000007928         
0.000058556         
0.000655267         
-0.209211500        
-0.044066670        
0.011350160         
-0.185237600        
-0.081150640        
0.012379320         
-0.054016620        
-0.017687100        
0.006960347         
-0.049298910        
-0.040783040        
0.006106367         
0.000706658         
-0.002531638        
0.003319861         
0.000563183         
-0.001432941        
0.001714419         
-0.000068813        
0.000072046         
0.001066044         
0.000004193         
-0.000007288        
0.000102341         
4.594335000         
-0.060109510        
0.001685871         
-1.890143000        
-0.454848200        
0.020721150         
4.761284000         
0.581207100         
-0.031548610        
-7.061060000        
-0.982324100        
0.063412720         
5.517091000         
0.732958800         
-0.048467030        
-0.135083900        
-0.004794952        
0.000456695         
0.005540627         
0.000122970         
0.000155723         
-0.000120741        
0.000068876         
-0.000008204        
2.211896000         
0.246285600         
-0.000140930        
2.020221000         
0.484909600         
-0.000328579        
0.320510900         
0.080904330         
-0.000025415        
0.539753900         
0.106290000         
-0.000036198        
-0.002971917        
0.010791330         
0.000008191         
-0.002433495        
0.000932508         
-0.000009090        
0.000432199         
-0.000226071        
0.000002998         
-0.000006449        
-0.000000091        
-0.000000087        
  1  1  0
  48  22  23  24  25  26  27  28  29  30  31  32  33  34  35  36  37  38  39  40
  41  42  43  44  45  46  47  48  49  50  51  52  53  54  55  56  57  58  59  60
  61  62  63  64  65  66  67  68  69
  70  71  72  73  74  75  76  77  78  79  80  81  82  83  84  85  86  87  88  89
  90  91  92  93  94  95  96  97  98  99 100 101 102 103 104 105 106 107 108 109
 110 111 112 113 114 115 116 117
  1  1  1  1  1  1  1  1  1  1  1  1  1  1  1  1  1  1  1  1  1  1  1  1  1  1  1  1  1  1  1  1  1  1  1
  1  1  0
  48  22  23  24  25  26  27  28  29  30  31  32  33  34  35  36  37  38  39  40
  41  42  43  44  45  46  47  48  49  50  51  52  53  54  55  56  57  58  59  60
  61  62  63  64  65  66  67  68  69
  22  23  24  25  26  27  28  29  30  31  32  33  34  35  36  37  38  39  40  41
  42  43  44  45  46  47  48  49  50  51  52  53  54  55  56  57  58  59  60  61
  62  63  64  65  66  67  68  69
  1  1  1  1  1  1  1  1  1  1  1  1  1  1  1  1  1  1  1  1  1  1  1  1  1  1  1  1  1  1  1  1  1  1  1
  2  2  0
  21   1   2   3   4   5   6   7   8   9  10  11  12  13  14  15  16  17  18  19
  20  21
   1   2   3   4   5   6   7   8   9  10  11  12  13  14  15  16  17  18  19  20
  21
  1  1  1  1  1  1  1  1  1  1  1  1  1  1  1  1  1  1  1  1  1  1  1  1  1  1  1  1  1  1  1  1  1  1  1
  2  2  0 -1
   1   1
5   
  1  0  1  0  1  0  1  0  1  0  1  0  0  0
  2  2  0
   1   2
3   
  1  0  1  0  1  0  1  0  1  0  1  0  0  0
  2  2  0
   1   3
79  
  1  0  1  0  1  0  1  0  1  0  1  0  0  0
  2  2  0
   1   4
77  
  1  0  1  0  1  0  1  0  1  0  1  0  0  0
  2  2  0
   1   5
22  
  1  0  1  0  1  0  1  0  1  0  1  0  0  0
  2  2  0
   1   6
85  
  1  0  1  0  1  0  1  0  1  0  1  0  0  0
  2  2  0
   1   7
12  
  1  0  1  0  1  0  1  0  1  0  1  0  0  0
  2  2  0
   1   8
34  
  1  0  1  0  1  0  1  0  1  0  1  0  0  0
  2  2  0
   1   9
9   
  1  0  1  0  1  0  1  0  1  0  1  0  0  0
  2  2  0
   1  10
4   
  1  0  1  0  1  0  1  0  1  0  1  0  0  0
  2  2  0
   1  11
3   
  1  0  1  0  1  0  1  0  1  0  1  0  0  0
  2  2  0
   1  12
49  
  1  0  1  0  1  0  1  0  1  0  1  0  0  0
  2  2  0
   1  13
46  
  1  0  1  0  1  0  1  0  1  0  1  0  0  0
  2  2  0
   1  14
10  
  1  0  1  0  1  0  1  0  1  0  1  0  0  0
  2  2  0
   1  15
95  
  1  0  1  0  1  0  1  0  1  0  1  0  0  0
  2  2  0
   1  16
70  
  1  0  1  0  1  0  1  0  1  0  1  0  0  0
  1  1  0
   1  22
5   
  1  0  1  0  1  0  1  0  1  0  1  0  0  0
  1  1  0
   1  23
35  
  1  0  1  0  1  0  1  0  1  0  1  0  0  0
  1  1  0
   1  24
25  
  1  0  1  0  1  0  1  0  1  0  1  0  0  0
  1  1  0
   1  25
8   
  1  0  1  0  1  0  1  0  1  0  1  0  0  0
  1  1  0
   1  26
77  
  1  0  1  0  1  0  1  0  1  0  1  0  0  0
  1  1  0
   1  27
104 
  1  0  1  0  1  0  1  0  1  0  1  0  0  0
  1  1  0
   1  28
82  
  1  0  1  0  1  0  1  0  1  0  1  0  0  0
  1  1  0
   1  29
46  
  1  0  1  0  1  0  1  0  1  0  1  0  0  0
  1  1  0
   1  30
82  
  1  0  1  0  1  0  1  0  1  0  1  0  0  0
  1  1  0
   1  31
35  
  1  0  1  0  1  0  1  0  1  0  1  0  0  0
  1  1  0
   1  32
26  
  1  0  1  0  1  0  1  0  1  0  1  0  0  0
  1  1  0
   1  33
5   
  1  0  1  0  1  0  1  0  1  0  1  0  0  0
  1  1  0
   1  34
35  
  1  0  1  0  1  0  1  0  1  0  1  0  0  0
  1  1  0
   1  35
104 
  1  0  1  0  1  0  1  0  1  0  1  0  0  0
  1  1  0
   1  36
2   
  1  0  1  0  1  0  1  0  1  0  1  0  0  0
  1  1  0
   1  37
103 
  1  0  1  0  1  0  1  0  1  0  1  0  0  0
  1  1  0
   1  38
3   
  1  0  1  0  1  0  1  0  1  0  1  0  0  0
  1  1  0
   1  39
100 
  1  0  1  0  1  0  1  0  1  0  1  0  0  0
  1  1  0
   1  40
32  
  1  0  1  0  1  0  1  0  1  0  1  0  0  0
  1  1  0
   1  41
85  
  1  0  1  0  1  0  1  0  1  0  1  0  0  0
  1  1  0
   1  42
31  
  1  0  1  0  1  0  1  0  1  0  1  0  0  0
  1  1  0
   1  43
25  
  1  0  1  0  1  0  1  0  1  0  1  0  0  0
  1  1  0
   1  44
82  
  1  0  1  0  1  0  1  0  1  0  1  0  0  0
  1  1  0
   1  45
85  
  1  0  1  0  1  0  1  0  1  0  1  0  0  0
  1  1  0
   1  46
3   
  1  0  1  0  1  0  1  0  1  0  1  0  0  0
  1  1  0
   1  47
26  
  1  0  1  0  1  0  1  0  1  0  1  0  0  0
  1  1  0
   1  48
13  
  1  0  1  0  1  0  1  0  1  0  1  0  0  0
  1  1  0
   1  49
70  
  1  0  1  0  1  0  1  0  1  0  1  0  0  0
  1  1  0
   1  50
31  
  1  0  1  0  1  0  1  0  1  0  1  0  0  0
  1  1  0
   1  51
2   
  1  0  1  0  1  0  1  0  1  0  1  0  0  0
  1  1  0
   1  52
7   
  1  0  1  0  1  0  1  0  1  0  1  0  0  0
  1  1  0
   1  53
98  
  1  0  1  0  1  0  1  0  1  0  1  0  0  0
  1  1  0
   1  54
33  
  1  0  1  0  1  0  1  0  1  0  1  0  0  0
  1  1  0
   1  55
77  
  1  0  1  0  1  0  1  0  1  0  1  0  0  0
  1  1  0
   1  56
49  
  1  0  1  0  1  0  1  0  1  0  1  0  0  0
  1  1  0
   1  57
74  
  1  0  1  0  1  0  1  0  1  0  1  0  0  0
  1  1  0
   1  58
103 
  1  0  1  0  1  0  1  0  1  0  1  0  0  0
  1  1  0
   1  59
7   
  1  0  1  0  1  0  1  0  1  0  1  0  0  0
  1  1  0
   1  60
35  
  1  0  1  0  1  0  1  0  1  0  1  0  0  0
  1  1  0
   1  61
76  
  1  0  1  0  1  0  1  0  1  0  1  0  0  0
  1  1  0
   1  62
31  
  1  0  1  0  1  0  1  0  1  0  1  0  0  0
  1  1  0
   1  63
77  
  1  0  1  0  1  0  1  0  1  0  1  0  0  0
  1  1  0
   1  64
85  
  1  0  1  0  1  0  1  0  1  0  1  0  0  0
  2  2  0
   1  70
10  
  1  0  1  0  1  0  1  0  1  0  1  0  0  0
  2  2  0
   1  71
76  
  1  0  1  0  1  0  1  0  1  0  1  0  0  0
  2  2  0
   1  72
46  
  1  0  1  0  1  0  1  0  1  0  1  0  0  0
  2  2  0
   1  73
80  
  1  0  1  0  1  0  1  0  1  0  1  0  0  0
  2  2  0
   1  74
1   
  1  0  1  0  1  0  1  0  1  0  1  0  0  0
  2  2  0
   1  75
8   
  1  0  1  0  1  0  1  0  1  0  1  0  0  0
  2  2  0
   1  76
100 
  1  0  1  0  1  0  1  0  1  0  1  0  0  0
  2  2  0
   1  77
1   
  1  0  1  0  1  0  1  0  1  0  1  0  0  0
  2  2  0
   1  78
31  
  1  0  1  0  1  0  1  0  1  0  1  0  0  0
  2  2  0
   1  79
12  
  1  0  1  0  1  0  1  0  1  0  1  0  0  0
  2  2  0
   1  80
70  
  1  0  1  0  1  0  1  0  1  0  1  0  0  0
  2  2  0
   1  81
1   
  1  0  1  0  1  0  1  0  1  0  1  0  0  0
  1  1  0
   1  82
26  
  1  0  1  0  1  0  1  0  1  0  1  0  0  0
  1  1  0
   1  83
25  
  1  0  1  0  1  0  1  0  1  0  1  0  0  0
  1  1  0
   1  84
104 
  1  0  1  0  1  0  1  0  1  0  1  0  0  0
  1  1  0
   1  85
1   
  1  0  1  0  1  0  1  0  1  0  1  0  0  0
  1  1  0
   1  86
100 
  1  0  1  0  1  0  1  0  1  0  1  0  0  0
  1  1  0
   1  87
4   
  1  0  1  0  1  0  1  0  1  0  1  0  0  0
  1  1  0
   1  88
82  
  1  0  1  0  1  0  1  0  1  0  1  0  0  0
  1  1  0
   1  89
104 
  1  0  1  0  1  0  1  0  1  0  1  0  0  0
  1  1  0
   1  90
100 
  1  0  1  0  1  0  1  0  1  0  1  0  0  0
  1  1  0
   1  91
26  
  1  0  1  0  1  0  1  0  1  0  1  0  0  0
  1  1  0
   1  92
1   
  1  0  1  0  1  0  1  0  1  0  1  0  0  0
  1  1  0
   1  93
94  
  1  0  1  0  1  0  1  0  1  0  1  0  0  0
