 10  8  9  3 00  0  0  0  0
nnn_pot
  8
  8 35
                                                14.287173   14.287173   
                                                14.287173   4.321954    
                                                14.287173   1.000396    
                                                14.287173   0.204368    
                                                14.287173   0.042105    
                                                14.287173   0.007927    
                                                4.321954    4.321954    
                                                4.321954    1.000396    
   17.782794   13.155812    9.732744    7.200339    5.326851    3.940835
    2.915452    2.156868    1.595663    1.180481    0.873326    0.646092
    0.477982    0.353614    0.261606    0.193537    0.143180    0.105925
    0.078364    0.057974    0.042890    0.031730    0.023474    0.017366
    0.012848    0.009505    0.007032    0.005202    0.003849    0.002847
    0.002106    0.001558    0.001153    0.000853    0.000631
  1  1
          1.

  1  1
                      1.

  1  1
                                  1.

  1  1
                                              1.

  1  1
                                                          1.

  1  1
                                                                      1.

  1  1

          1.
  1  1

                      1.
  8
  8 35
                                                4.321954    0.204368    
                                                4.321954    0.042105    
                                                4.321954    0.007927    
                                                1.000396    1.000396    
                                                1.000396    0.204368    
                                                1.000396    0.042105    
                                                1.000396    0.007927    
                                                0.204368    0.204368    
   17.782794   13.155812    9.732744    7.200339    5.326851    3.940835
    2.915452    2.156868    1.595663    1.180481    0.873326    0.646092
    0.477982    0.353614    0.261606    0.193537    0.143180    0.105925
    0.078364    0.057974    0.042890    0.031730    0.023474    0.017366
    0.012848    0.009505    0.007032    0.005202    0.003849    0.002847
    0.002106    0.001558    0.001153    0.000853    0.000631
  1  1
          1.

  1  1
                      1.

  1  1
                                  1.

  1  1
                                              1.

  1  1
                                                          1.

  1  1
                                                                      1.

  1  1

          1.
  1  1

                      1.
  5
  5 35
                                                0.204368    0.042105    
                                                0.204368    0.007927    
                                                0.042105    0.042105    
                                                0.042105    0.007927    
                                                0.007927    0.007927    
   17.782794   13.155812    9.732744    7.200339    5.326851    3.940835
    2.915452    2.156868    1.595663    1.180481    0.873326    0.646092
    0.477982    0.353614    0.261606    0.193537    0.143180    0.105925
    0.078364    0.057974    0.042890    0.031730    0.023474    0.017366
    0.012848    0.009505    0.007032    0.005202    0.003849    0.002847
    0.002106    0.001558    0.001153    0.000853    0.000631
  1  1
          1.
  1  1
                      1.
  1  1
                                  1.
  1  1
                                              1.
  1  1
                                                          1.
  8
  8 35
                                                15.241510   6.987590    
                                                15.241510   0.265259    
                                                15.241510   0.044403    
                                                4.857340    6.987590    
                                                4.857340    0.265259    
                                                4.857340    0.044403    
                                                3.520227    6.987590    
                                                3.520227    0.265259    
   17.782794   13.155812    9.732744    7.200339    5.326851    3.940835
    2.915452    2.156868    1.595663    1.180481    0.873326    0.646092
    0.477982    0.353614    0.261606    0.193537    0.143180    0.105925
    0.078364    0.057974    0.042890    0.031730    0.023474    0.017366
    0.012848    0.009505    0.007032    0.005202    0.003849    0.002847
    0.002106    0.001558    0.001153    0.000853    0.000631
  1  1
          1.

  1  1
                      1.

  1  1
                                  1.

  1  1
                                              1.

  1  1
                                                          1.

  1  1
                                                                      1.

  1  1

          1.
  1  1

                      1.
  8
  8 35
                                                3.520227    0.044403    
                                                2.085672    6.987590    
                                                2.085672    0.265259    
                                                2.085672    0.044403    
                                                1.901595    6.987590    
                                                1.901595    0.265259    
                                                1.901595    0.044403    
                                                0.898100    6.987590    
   17.782794   13.155812    9.732744    7.200339    5.326851    3.940835
    2.915452    2.156868    1.595663    1.180481    0.873326    0.646092
    0.477982    0.353614    0.261606    0.193537    0.143180    0.105925
    0.078364    0.057974    0.042890    0.031730    0.023474    0.017366
    0.012848    0.009505    0.007032    0.005202    0.003849    0.002847
    0.002106    0.001558    0.001153    0.000853    0.000631
  1  1
          1.

  1  1
                      1.

  1  1
                                  1.

  1  1
                                              1.

  1  1
                                                          1.

  1  1
                                                                      1.

  1  1

          1.
  1  1

                      1.
  8
  8 35
                                                0.898100    0.265259    
                                                0.898100    0.044403    
                                                0.247984    6.987590    
                                                0.247984    0.265259    
                                                0.247984    0.044403    
                                                0.030356    6.987590    
                                                0.030356    0.265259    
                                                0.030356    0.044403    
   17.782794   13.155812    9.732744    7.200339    5.326851    3.940835
    2.915452    2.156868    1.595663    1.180481    0.873326    0.646092
    0.477982    0.353614    0.261606    0.193537    0.143180    0.105925
    0.078364    0.057974    0.042890    0.031730    0.023474    0.017366
    0.012848    0.009505    0.007032    0.005202    0.003849    0.002847
    0.002106    0.001558    0.001153    0.000853    0.000631
  1  1
          1.

  1  1
                      1.

  1  1
                                  1.

  1  1
                                              1.

  1  1
                                                          1.

  1  1
                                                                      1.

  1  1

          1.
  1  1

                      1.
  8
  8 35
                                                17.435621   2.087718    
                                                17.435621   0.436026    
                                                17.435621   0.008719    
                                                7.215651    2.087718    
                                                7.215651    0.436026    
                                                7.215651    0.008719    
                                                3.137802    2.087718    
                                                3.137802    0.436026    
   17.782794   13.155812    9.732744    7.200339    5.326851    3.940835
    2.915452    2.156868    1.595663    1.180481    0.873326    0.646092
    0.477982    0.353614    0.261606    0.193537    0.143180    0.105925
    0.078364    0.057974    0.042890    0.031730    0.023474    0.017366
    0.012848    0.009505    0.007032    0.005202    0.003849    0.002847
    0.002106    0.001558    0.001153    0.000853    0.000631
  1  1
          1.

  1  1
                      1.

  1  1
                                  1.

  1  1
                                              1.

  1  1
                                                          1.

  1  1
                                                                      1.

  1  1

          1.
  1  1

                      1.
  8
  8 35
                                                3.137802    0.008719    
                                                1.182994    2.087718    
                                                1.182994    0.436026    
                                                1.182994    0.008719    
                                                0.366696    2.087718    
                                                0.366696    0.436026    
                                                0.366696    0.008719    
                                                0.124991    2.087718    
   17.782794   13.155812    9.732744    7.200339    5.326851    3.940835
    2.915452    2.156868    1.595663    1.180481    0.873326    0.646092
    0.477982    0.353614    0.261606    0.193537    0.143180    0.105925
    0.078364    0.057974    0.042890    0.031730    0.023474    0.017366
    0.012848    0.009505    0.007032    0.005202    0.003849    0.002847
    0.002106    0.001558    0.001153    0.000853    0.000631
  1  1
          1.

  1  1
                      1.

  1  1
                                  1.

  1  1
                                              1.

  1  1
                                                          1.

  1  1
                                                                      1.

  1  1

          1.
  1  1

                      1.
  8
  8 35
                                                0.124991    0.436026    
                                                0.124991    0.008719    
                                                0.040336    2.087718    
                                                0.040336    0.436026    
                                                0.040336    0.008719    
                                                0.004702    2.087718    
                                                0.004702    0.436026    
                                                0.004702    0.008719    
   17.782794   13.155812    9.732744    7.200339    5.326851    3.940835
    2.915452    2.156868    1.595663    1.180481    0.873326    0.646092
    0.477982    0.353614    0.261606    0.193537    0.143180    0.105925
    0.078364    0.057974    0.042890    0.031730    0.023474    0.017366
    0.012848    0.009505    0.007032    0.005202    0.003849    0.002847
    0.002106    0.001558    0.001153    0.000853    0.000631
  1  1
          1.

  1  1
                      1.

  1  1
                                  1.

  1  1
                                              1.

  1  1
                                                          1.

  1  1
                                                                      1.

  1  1

          1.
  1  1

                      1.
  8                                                            Z1  BVs 1 - 8
  8 10
                                                7.010702    0.056253    
                                                15.694968   0.543801    
                                                7.126483    25.131348   
                                                13.301754   10.957426   
                                                0.546290    0.642357    
                                                0.050256    9.654124    
                                                0.166398    6.346428    
                                                3.444030    1.769908    
   21.357075    8.028016    2.238575    1.244552    0.558210    0.177898
    0.043839    0.039628    0.011770    0.003575
  1  1
          1.

  1  1
                      1.

  1  1
                                  1.

  1  1
                                              1.

  1  1
                                                          1.

  1  1
                                                                      1.

  1  1

          1.
  1  1

                      1.
  4                                                            Z2  BVs 9 - 12
  4 10
                                                10.098933   0.954880    
                                                0.209117    0.056239    
                                                17.748060   9.690226    
                                                5.590655    0.587565    
   10.381701    0.762936   14.891647    1.244552    0.530876    0.135291
    0.043842    0.039872    0.011946    0.003686
  1  1
          1.
  1  1
                      1.
  1  1
                                  1.
  1  1
                                              1.
  8                                                            Z3  BVs 13 - 20
  8 10
                                                6.405536    4.160908    
                                                8.636723    0.642784    
                                                4.045529    0.572978    
                                                21.410639   4.291833    
                                                2.397915    1.303254    
                                                0.051134    5.852404    
                                                37.366669   0.009859    
                                                1.855308    10.083426   
    8.928162    7.021232    3.667498    0.419292    0.154750    0.112108
    0.092971    0.056770    0.016182    0.004387
  1  1
          1.

  1  1
                      1.

  1  1
                                  1.

  1  1
                                              1.

  1  1
                                                          1.

  1  1
                                                                      1.

  1  1

          1.
  1  1

                      1.
  4                                                            Z4  BVs 21 - 24
  4 10
                                                1.998135    0.458781    
                                                4.637650    6.084015    
                                                6.964655    8.680066    
                                                0.086023    0.553328    
    9.928041    5.073798    0.586064    1.415447    0.132014    0.123377
    0.093275    0.019328    0.013573    1.456303
  1  1
          1.
  1  1
                      1.
  1  1
                                  1.
  1  1
                                              1.
eob-tni/np3s_np3s_12-34_np3s_np3s_12-34
elu-tni/000-0_000-0
eob-tni/np3s_np3s_12-34_np3s_np3s_12-34
elu-tni/000-0_000-0
eob-tni/np3s_np3s_12-34_np3s_np3s_12-34
elu-tni/000-0_000-0
eob-tni/np3s_np3s_12-34_np3s_np3s_12-34
elu-tni/000-0_000-0
eob-tni/np3s_np3s_12-34_np3s_np3s_12-34
elu-tni/000-0_000-0
eob-tni/np3s_np3s_12-34_np3s_np3s_12-34
elu-tni/000-0_000-0
eob-tni/tp_123-4_np3s_np3s_12-34
elu-tni/000-0_000-0
eob-tni/tp_123-4_np3s_np3s_12-34
elu-tni/000-0_000-0
eob-tni/tp_123-4_np3s_np3s_12-34
elu-tni/000-0_000-0
eob-tni/tp_123-4_tp_123-4
elu-tni/000-0_000-0
eob-tni/tp_123-4_np3s_np3s_12-34
elu-tni/000-0_000-0
eob-tni/tp_123-4_np3s_np3s_12-34
elu-tni/000-0_000-0
eob-tni/tp_123-4_np3s_np3s_12-34
elu-tni/000-0_000-0
eob-tni/tp_123-4_tp_123-4
elu-tni/000-0_000-0
eob-tni/tp_123-4_tp_123-4
elu-tni/000-0_000-0
eob-tni/tp_123-4_np3s_np3s_12-34
elu-tni/000-0_000-0
eob-tni/tp_123-4_np3s_np3s_12-34
elu-tni/000-0_000-0
eob-tni/tp_123-4_np3s_np3s_12-34
elu-tni/000-0_000-0
eob-tni/tp_123-4_tp_123-4
elu-tni/000-0_000-0
eob-tni/tp_123-4_tp_123-4
elu-tni/000-0_000-0
eob-tni/tp_123-4_tp_123-4
elu-tni/000-0_000-0
eob-tni/tp_123-4_np3s_np3s_12-34
elu-tni/000-0_000-0
eob-tni/tp_123-4_np3s_np3s_12-34
elu-tni/000-0_000-0
eob-tni/tp_123-4_np3s_np3s_12-34
elu-tni/000-0_000-0
eob-tni/tp_123-4_tp_123-4
elu-tni/000-0_000-0
eob-tni/tp_123-4_tp_123-4
elu-tni/000-0_000-0
eob-tni/tp_123-4_tp_123-4
elu-tni/000-0_000-0
eob-tni/tp_123-4_tp_123-4
elu-tni/000-0_000-0
eob-tni/tp_123-4_np3s_np3s_12-34
elu-tni/000-0_000-0
eob-tni/tp_123-4_np3s_np3s_12-34
elu-tni/000-0_000-0
eob-tni/tp_123-4_np3s_np3s_12-34
elu-tni/000-0_000-0
eob-tni/tp_123-4_tp_123-4
elu-tni/000-0_000-0
eob-tni/tp_123-4_tp_123-4
elu-tni/000-0_000-0
eob-tni/tp_123-4_tp_123-4
elu-tni/000-0_000-0
eob-tni/tp_123-4_tp_123-4
elu-tni/000-0_000-0
eob-tni/tp_123-4_tp_123-4
elu-tni/000-0_000-0
eob-tni/tp_123-4_np3s_np3s_12-34
elu-tni/000-0_000-0
eob-tni/tp_123-4_np3s_np3s_12-34
elu-tni/000-0_000-0
eob-tni/tp_123-4_np3s_np3s_12-34
elu-tni/000-0_000-0
eob-tni/tp_123-4_tp_123-4
elu-tni/000-0_000-0
eob-tni/tp_123-4_tp_123-4
elu-tni/000-0_000-0
eob-tni/tp_123-4_tp_123-4
elu-tni/000-0_000-0
eob-tni/tp_123-4_tp_123-4
elu-tni/000-0_000-0
eob-tni/tp_123-4_tp_123-4
elu-tni/000-0_000-0
eob-tni/tp_123-4_tp_123-4
elu-tni/000-0_000-0
eob-tni/np3s_np3s_12-34_np3s_np3s_12-34
elu-tni/000-0_000-0
eob-tni/np3s_np3s_12-34_np3s_np3s_12-34
elu-tni/000-0_000-0
eob-tni/np3s_np3s_12-34_np3s_np3s_12-34
elu-tni/000-0_000-0
eob-tni/np3s_np3s_12-34_tp_123-4
elu-tni/000-0_000-0
eob-tni/np3s_np3s_12-34_tp_123-4
elu-tni/000-0_000-0
eob-tni/np3s_np3s_12-34_tp_123-4
elu-tni/000-0_000-0
eob-tni/np3s_np3s_12-34_tp_123-4
elu-tni/000-0_000-0
eob-tni/np3s_np3s_12-34_tp_123-4
elu-tni/000-0_000-0
eob-tni/np3s_np3s_12-34_tp_123-4
elu-tni/000-0_000-0
eob-tni/np3s_np3s_12-34_np3s_np3s_12-34
elu-tni/000-0_000-0
eob-tni/np3s_np3s_12-34_np3s_np3s_12-34
elu-tni/000-0_000-0
eob-tni/np3s_np3s_12-34_np3s_np3s_12-34
elu-tni/000-0_000-0
eob-tni/np3s_np3s_12-34_np3s_np3s_12-34
elu-tni/000-0_000-0
eob-tni/np3s_np3s_12-34_tp_123-4
elu-tni/000-0_000-0
eob-tni/np3s_np3s_12-34_tp_123-4
elu-tni/000-0_000-0
eob-tni/np3s_np3s_12-34_tp_123-4
elu-tni/000-0_000-0
eob-tni/np3s_np3s_12-34_tp_123-4
elu-tni/000-0_000-0
eob-tni/np3s_np3s_12-34_tp_123-4
elu-tni/000-0_000-0
eob-tni/np3s_np3s_12-34_tp_123-4
elu-tni/000-0_000-0
eob-tni/np3s_np3s_12-34_np3s_np3s_12-34
elu-tni/000-0_000-0
eob-tni/np3s_np3s_12-34_np3s_np3s_12-34
elu-tni/000-0_000-0
eob-tni/tp_123-4_np3s_np3s_12-34
elu-tni/000-0_000-0
eob-tni/tp_123-4_np3s_np3s_12-34
elu-tni/000-0_000-0
eob-tni/tp_123-4_np3s_np3s_12-34
elu-tni/000-0_000-0
eob-tni/tp_123-4_tp_123-4
elu-tni/000-0_000-0
eob-tni/tp_123-4_tp_123-4
elu-tni/000-0_000-0
eob-tni/tp_123-4_tp_123-4
elu-tni/000-0_000-0
eob-tni/tp_123-4_tp_123-4
elu-tni/000-0_000-0
eob-tni/tp_123-4_tp_123-4
elu-tni/000-0_000-0
eob-tni/tp_123-4_tp_123-4
elu-tni/000-0_000-0
eob-tni/tp_123-4_np3s_np3s_12-34
elu-tni/000-0_000-0
eob-tni/tp_123-4_np3s_np3s_12-34
elu-tni/000-0_000-0
eob-tni/tp_123-4_tp_123-4
elu-tni/000-0_000-0
eob-tni/tp_123-4_np3s_np3s_12-34
elu-tni/000-0_000-0
eob-tni/tp_123-4_np3s_np3s_12-34
elu-tni/000-0_000-0
eob-tni/tp_123-4_np3s_np3s_12-34
elu-tni/000-0_000-0
eob-tni/tp_123-4_tp_123-4
elu-tni/000-0_000-0
eob-tni/tp_123-4_tp_123-4
elu-tni/000-0_000-0
eob-tni/tp_123-4_tp_123-4
elu-tni/000-0_000-0
eob-tni/tp_123-4_tp_123-4
elu-tni/000-0_000-0
eob-tni/tp_123-4_tp_123-4
elu-tni/000-0_000-0
eob-tni/tp_123-4_tp_123-4
elu-tni/000-0_000-0
eob-tni/tp_123-4_np3s_np3s_12-34
elu-tni/000-0_000-0
eob-tni/tp_123-4_np3s_np3s_12-34
elu-tni/000-0_000-0
eob-tni/tp_123-4_tp_123-4
elu-tni/000-0_000-0
eob-tni/tp_123-4_tp_123-4
elu-tni/000-0_000-0
