 10  8  9  3 00  0  0  0  0
nnn_pot
  6                                                            Z1  BVs 1 - 6
  6  8
                                    5.576391    
                                    5.070365    
                                    1.496093    
                                    0.854421    
                                    0.216032    
                                    0.097985    
    2.789900    1.361463    0.902090    0.780797    0.244949    0.182546
    0.096649    0.058571
  1  1
          1.
  1  1
                      1.
  1  1
                                  1.
  1  1
                                              1.
  1  1
                                                          1.
  1  1
                                                                      1.
  6                                                            Z2  BVs 7 - 12
  6  8
                                    7.414482    
                                    2.351774    
                                    0.487517    
                                    0.182892    
                                    0.151459    
                                    0.101618    
    1.800626    1.587559    1.433370    0.763284    0.418194    0.171819
    0.073194    0.041618
  1  1
          1.
  1  1
                      1.
  1  1
                                  1.
  1  1
                                              1.
  1  1
                                                          1.
  1  1
                                                                      1.
eob-tni/he_no1_he_no1
elu-tni/000_000
eob-tni/he_no6_he_no1
elu-tni/000_000
eob-tni/he_no6_he_no6
elu-tni/000_000
