 11  2 12 31  1  1 +2  0  0 -1
  1  1  1  1  0  0  0  0  0  0  0  0  0  0  1  1
   1.0000000   1.0000000   0.0000000   0.0000000   0.0000000   0.0000000   0.0000000
   0.0000000   0.0000000   0.0000000   0.0000000   0.0000000   0.0000000   1.0000000
   0.0000000   0.0000000   0.0000000   0.0000000   0.0000000   0.0000000   0.0000000
   0.0000000   0.0000000   0.0000000   0.0000000   0.0000000   0.0000000   0.0000000
   0.0000000   0.0000000
   0   2   0   0   0   1
  15
1.573081001         
2.595251321         
1.288473611         
-0.193656794        
0.606546829         
1.070404101         
1.062854627         
-0.159746399        
0.500337064         
0.263839600         
-0.079309860        
0.248404113         
0.005960112         
-0.037334986        
0.058467914         
  2  2  0
  15   1   2   3   4   5   6   7   8   9  10  11  12  13  14  15
   1   2   3   4   5   6   7   8   9  10  11  12  13  14  15
  1  1  1  1  1  1  1  1  1  1  1  1  1  1  1  1  1  1  1  1
  2  2  0 -1
   1   2
12  
  0  1  0  1  0  0  0  0
  2  2  0
   1   3
2   
  0  1  0  1  0  0  0  0
  2  2  0
   1   4
2   
  0  1  0  1  0  0  0  0
  2  2  0
   1   5
3   
  0  1  0  1  0  0  0  0
  2  2  0
   1   6
12  
  0  1  0  1  0  0  0  0
  2  2  0
   1   7
7   
  0  1  0  1  0  0  0  0
  2  2  0
   1   8
7   
  0  1  0  1  0  0  0  0
  2  2  0
   1   9
7   
  0  1  0  1  0  0  0  0
  2  2  0
   1  10
4   
  0  1  0  1  0  0  0  0
  2  2  0
   1  11
12  
  0  1  0  1  0  0  0  0
  2  2  0
   1  12
7   
  0  1  0  1  0  0  0  0
