 10  8  9  3 00  0  0  0  0
nn_pot
  8
  8 20
                                                9.974661    9.974661    
                                                9.974661    5.227573    
                                                9.974661    3.840066    
                                                9.974661    1.293271    
                                                9.974661    0.563843    
                                                9.974661    0.294747    
                                                9.974661    0.153667    
                                                9.974661    0.083684    
   12.956650    5.134670    2.947287    1.342339    0.821446    0.444741
    2.939000    1.690174    1.185236    0.843000    0.500110    0.257369
    0.138520    0.071429    0.038519    0.018573    0.009726    0.005619
    0.002765    0.001010
  1  1
          1.

  1  1
                      1.

  1  1
                                  1.

  1  1
                                              1.

  1  1
                                                          1.

  1  1
                                                                      1.

  1  1

          1.
  1  1

                      1.
  8
  8 20
                                                9.974661    0.040607    
                                                9.974661    0.018178    
                                                9.974661    0.008618    
                                                9.974661    0.003394    
                                                5.227573    5.227573    
                                                5.227573    3.840066    
                                                5.227573    1.293271    
                                                5.227573    0.563843    
   12.956650    5.134670    2.947287    1.342339    0.821446    0.444741
    2.939000    1.690174    1.185236    0.843000    0.500110    0.257369
    0.138520    0.071429    0.038519    0.018573    0.009726    0.005619
    0.002765    0.001010
  1  1
          1.

  1  1
                      1.

  1  1
                                  1.

  1  1
                                              1.

  1  1
                                                          1.

  1  1
                                                                      1.

  1  1

          1.
  1  1

                      1.
  8
  8 20
                                                5.227573    0.294747    
                                                5.227573    0.153667    
                                                5.227573    0.083684    
                                                5.227573    0.040607    
                                                5.227573    0.018178    
                                                5.227573    0.008618    
                                                5.227573    0.003394    
                                                3.840066    3.840066    
   12.956650    5.134670    2.947287    1.342339    0.821446    0.444741
    2.939000    1.690174    1.185236    0.843000    0.500110    0.257369
    0.138520    0.071429    0.038519    0.018573    0.009726    0.005619
    0.002765    0.001010
  1  1
          1.

  1  1
                      1.

  1  1
                                  1.

  1  1
                                              1.

  1  1
                                                          1.

  1  1
                                                                      1.

  1  1

          1.
  1  1

                      1.
  8
  8 20
                                                3.840066    1.293271    
                                                3.840066    0.563843    
                                                3.840066    0.294747    
                                                3.840066    0.153667    
                                                3.840066    0.083684    
                                                3.840066    0.040607    
                                                3.840066    0.018178    
                                                3.840066    0.008618    
   12.956650    5.134670    2.947287    1.342339    0.821446    0.444741
    2.939000    1.690174    1.185236    0.843000    0.500110    0.257369
    0.138520    0.071429    0.038519    0.018573    0.009726    0.005619
    0.002765    0.001010
  1  1
          1.

  1  1
                      1.

  1  1
                                  1.

  1  1
                                              1.

  1  1
                                                          1.

  1  1
                                                                      1.

  1  1

          1.
  1  1

                      1.
  8
  8 20
                                                3.840066    0.003394    
                                                1.293271    1.293271    
                                                1.293271    0.563843    
                                                1.293271    0.294747    
                                                1.293271    0.153667    
                                                1.293271    0.083684    
                                                1.293271    0.040607    
                                                1.293271    0.018178    
   12.956650    5.134670    2.947287    1.342339    0.821446    0.444741
    2.939000    1.690174    1.185236    0.843000    0.500110    0.257369
    0.138520    0.071429    0.038519    0.018573    0.009726    0.005619
    0.002765    0.001010
  1  1
          1.

  1  1
                      1.

  1  1
                                  1.

  1  1
                                              1.

  1  1
                                                          1.

  1  1
                                                                      1.

  1  1

          1.
  1  1

                      1.
  8
  8 20
                                                1.293271    0.008618    
                                                1.293271    0.003394    
                                                0.563843    0.563843    
                                                0.563843    0.294747    
                                                0.563843    0.153667    
                                                0.563843    0.083684    
                                                0.563843    0.040607    
                                                0.563843    0.018178    
   12.956650    5.134670    2.947287    1.342339    0.821446    0.444741
    2.939000    1.690174    1.185236    0.843000    0.500110    0.257369
    0.138520    0.071429    0.038519    0.018573    0.009726    0.005619
    0.002765    0.001010
  1  1
          1.

  1  1
                      1.

  1  1
                                  1.

  1  1
                                              1.

  1  1
                                                          1.

  1  1
                                                                      1.

  1  1

          1.
  1  1

                      1.
  8
  8 20
                                                0.563843    0.008618    
                                                0.563843    0.003394    
                                                0.294747    0.294747    
                                                0.294747    0.153667    
                                                0.294747    0.083684    
                                                0.294747    0.040607    
                                                0.294747    0.018178    
                                                0.294747    0.008618    
   12.956650    5.134670    2.947287    1.342339    0.821446    0.444741
    2.939000    1.690174    1.185236    0.843000    0.500110    0.257369
    0.138520    0.071429    0.038519    0.018573    0.009726    0.005619
    0.002765    0.001010
  1  1
          1.

  1  1
                      1.

  1  1
                                  1.

  1  1
                                              1.

  1  1
                                                          1.

  1  1
                                                                      1.

  1  1

          1.
  1  1

                      1.
  8
  8 20
                                                0.294747    0.003394    
                                                0.153667    0.153667    
                                                0.153667    0.083684    
                                                0.153667    0.040607    
                                                0.153667    0.018178    
                                                0.153667    0.008618    
                                                0.153667    0.003394    
                                                0.083684    0.083684    
   12.956650    5.134670    2.947287    1.342339    0.821446    0.444741
    2.939000    1.690174    1.185236    0.843000    0.500110    0.257369
    0.138520    0.071429    0.038519    0.018573    0.009726    0.005619
    0.002765    0.001010
  1  1
          1.

  1  1
                      1.

  1  1
                                  1.

  1  1
                                              1.

  1  1
                                                          1.

  1  1
                                                                      1.

  1  1

          1.
  1  1

                      1.
  8
  8 20
                                                0.083684    0.040607    
                                                0.083684    0.018178    
                                                0.083684    0.008618    
                                                0.083684    0.003394    
                                                0.040607    0.040607    
                                                0.040607    0.018178    
                                                0.040607    0.008618    
                                                0.040607    0.003394    
   12.956650    5.134670    2.947287    1.342339    0.821446    0.444741
    2.939000    1.690174    1.185236    0.843000    0.500110    0.257369
    0.138520    0.071429    0.038519    0.018573    0.009726    0.005619
    0.002765    0.001010
  1  1
          1.

  1  1
                      1.

  1  1
                                  1.

  1  1
                                              1.

  1  1
                                                          1.

  1  1
                                                                      1.

  1  1

          1.
  1  1

                      1.
  6
  6 20
                                                0.018178    0.018178    
                                                0.018178    0.008618    
                                                0.018178    0.003394    
                                                0.008618    0.008618    
                                                0.008618    0.003394    
                                                0.003394    0.003394    
   12.956650    5.134670    2.947287    1.342339    0.821446    0.444741
    2.939000    1.690174    1.185236    0.843000    0.500110    0.257369
    0.138520    0.071429    0.038519    0.018573    0.009726    0.005619
    0.002765    0.001010
  1  1
          1.
  1  1
                      1.
  1  1
                                  1.
  1  1
                                              1.
  1  1
                                                          1.
  1  1
                                                                      1.
eob/nn1s_nn1s_S0_nn1s_nn1s_S0
elu/000-0_000-0
eob/nn1s_nn1s_S0_nn1s_nn1s_S0
elu/000-0_000-0
eob/nn1s_nn1s_S0_nn1s_nn1s_S0
elu/000-0_000-0
eob/nn1s_nn1s_S0_nn1s_nn1s_S0
elu/000-0_000-0
eob/nn1s_nn1s_S0_nn1s_nn1s_S0
elu/000-0_000-0
eob/nn1s_nn1s_S0_nn1s_nn1s_S0
elu/000-0_000-0
eob/nn1s_nn1s_S0_nn1s_nn1s_S0
elu/000-0_000-0
eob/nn1s_nn1s_S0_nn1s_nn1s_S0
elu/000-0_000-0
eob/nn1s_nn1s_S0_nn1s_nn1s_S0
elu/000-0_000-0
eob/nn1s_nn1s_S0_nn1s_nn1s_S0
elu/000-0_000-0
eob/nn1s_nn1s_S0_nn1s_nn1s_S0
elu/000-0_000-0
eob/nn1s_nn1s_S0_nn1s_nn1s_S0
elu/000-0_000-0
eob/nn1s_nn1s_S0_nn1s_nn1s_S0
elu/000-0_000-0
eob/nn1s_nn1s_S0_nn1s_nn1s_S0
elu/000-0_000-0
eob/nn1s_nn1s_S0_nn1s_nn1s_S0
elu/000-0_000-0
eob/nn1s_nn1s_S0_nn1s_nn1s_S0
elu/000-0_000-0
eob/nn1s_nn1s_S0_nn1s_nn1s_S0
elu/000-0_000-0
eob/nn1s_nn1s_S0_nn1s_nn1s_S0
elu/000-0_000-0
eob/nn1s_nn1s_S0_nn1s_nn1s_S0
elu/000-0_000-0
eob/nn1s_nn1s_S0_nn1s_nn1s_S0
elu/000-0_000-0
eob/nn1s_nn1s_S0_nn1s_nn1s_S0
elu/000-0_000-0
eob/nn1s_nn1s_S0_nn1s_nn1s_S0
elu/000-0_000-0
eob/nn1s_nn1s_S0_nn1s_nn1s_S0
elu/000-0_000-0
eob/nn1s_nn1s_S0_nn1s_nn1s_S0
elu/000-0_000-0
eob/nn1s_nn1s_S0_nn1s_nn1s_S0
elu/000-0_000-0
eob/nn1s_nn1s_S0_nn1s_nn1s_S0
elu/000-0_000-0
eob/nn1s_nn1s_S0_nn1s_nn1s_S0
elu/000-0_000-0
eob/nn1s_nn1s_S0_nn1s_nn1s_S0
elu/000-0_000-0
eob/nn1s_nn1s_S0_nn1s_nn1s_S0
elu/000-0_000-0
eob/nn1s_nn1s_S0_nn1s_nn1s_S0
elu/000-0_000-0
eob/nn1s_nn1s_S0_nn1s_nn1s_S0
elu/000-0_000-0
eob/nn1s_nn1s_S0_nn1s_nn1s_S0
elu/000-0_000-0
eob/nn1s_nn1s_S0_nn1s_nn1s_S0
elu/000-0_000-0
eob/nn1s_nn1s_S0_nn1s_nn1s_S0
elu/000-0_000-0
eob/nn1s_nn1s_S0_nn1s_nn1s_S0
elu/000-0_000-0
eob/nn1s_nn1s_S0_nn1s_nn1s_S0
elu/000-0_000-0
eob/nn1s_nn1s_S0_nn1s_nn1s_S0
elu/000-0_000-0
eob/nn1s_nn1s_S0_nn1s_nn1s_S0
elu/000-0_000-0
eob/nn1s_nn1s_S0_nn1s_nn1s_S0
elu/000-0_000-0
eob/nn1s_nn1s_S0_nn1s_nn1s_S0
elu/000-0_000-0
eob/nn1s_nn1s_S0_nn1s_nn1s_S0
elu/000-0_000-0
eob/nn1s_nn1s_S0_nn1s_nn1s_S0
elu/000-0_000-0
eob/nn1s_nn1s_S0_nn1s_nn1s_S0
elu/000-0_000-0
eob/nn1s_nn1s_S0_nn1s_nn1s_S0
elu/000-0_000-0
eob/nn1s_nn1s_S0_nn1s_nn1s_S0
elu/000-0_000-0
eob/nn1s_nn1s_S0_nn1s_nn1s_S0
elu/000-0_000-0
eob/nn1s_nn1s_S0_nn1s_nn1s_S0
elu/000-0_000-0
eob/nn1s_nn1s_S0_nn1s_nn1s_S0
elu/000-0_000-0
eob/nn1s_nn1s_S0_nn1s_nn1s_S0
elu/000-0_000-0
eob/nn1s_nn1s_S0_nn1s_nn1s_S0
elu/000-0_000-0
eob/nn1s_nn1s_S0_nn1s_nn1s_S0
elu/000-0_000-0
eob/nn1s_nn1s_S0_nn1s_nn1s_S0
elu/000-0_000-0
eob/nn1s_nn1s_S0_nn1s_nn1s_S0
elu/000-0_000-0
eob/nn1s_nn1s_S0_nn1s_nn1s_S0
elu/000-0_000-0
eob/nn1s_nn1s_S0_nn1s_nn1s_S0
elu/000-0_000-0
