 10  8  9  3 00  0  0  0  0
nnn_pot
  8                                                            Z1  BVs 1 - 8
  8  8
                                    465.935394  
                                    21.460348   
                                    10.321117   
                                    2.479392    
                                    1.768050    
                                    1.180225    
                                    0.480346    
                                    0.098873    
    8.566091    1.688700    0.797415    0.440679    0.305523    0.230683
    0.059652    0.001348
  1  1
          1.

  1  1
                      1.

  1  1
                                  1.

  1  1
                                              1.

  1  1
                                                          1.

  1  1
                                                                      1.

  1  1

          1.
  1  1

                      1.
  8                                                            Z2  BVs 9 - 16
  8  8
                                    17.492325   
                                    11.795327   
                                    7.711197    
                                    4.306110    
                                    1.260691    
                                    0.491442    
                                    0.192865    
                                    0.015426    
   58.505100    7.858713    1.074336    0.729792    0.537532    0.188843
    0.049173    0.030483
  1  1
          1.

  1  1
                      1.

  1  1
                                  1.

  1  1
                                              1.

  1  1
                                                          1.

  1  1
                                                                      1.

  1  1

          1.
  1  1

                      1.
eob-tni/he_no1_he_no1
elu-tni/000_000
eob-tni/he_no6_he_no1
elu-tni/000_000
eob-tni/he_no6_he_no6
elu-tni/000_000
