 10  8  9  3 00  0  0  0  0
nnn_pot
  4                                                            Z1  BVs 1 - 4
  4  4
                                    2.966123    
                                    0.652005    
                                    0.293701    
                                    0.040737    
    3.733208    0.866369    0.124997    0.023904
  1  1
          1.
  1  1
                      1.
  1  1
                                  1.
  1  1
                                              1.
  4                                                            Z2  BVs 5 - 8
  4  4
                                    4.913919    
                                    1.702064    
                                    0.624023    
                                    0.005976    
    5.897954    0.443107    0.116668    0.115189
  1  1
          1.
  1  1
                      1.
  1  1
                                  1.
  1  1
                                              1.
eob-tni/he_no1_he_no1
elu-tni/000_000
eob-tni/he_no6_he_no1
elu-tni/000_000
eob-tni/he_no6_he_no6
elu-tni/000_000
