 10  8  9  3 00  0  0  0  0
nnn_pot
  8                                                            Z1  BVs 1 - 8
  8  6
                                    83.105171   
                                    15.505347   
                                    6.866899    
                                    5.663550    
                                    4.212650    
                                    3.138566    
                                    0.387103    
                                    0.083433    
   31.374693    7.106939    4.465233    0.466669    0.233332    0.042967
  1  1
          1.

  1  1
                      1.

  1  1
                                  1.

  1  1
                                              1.

  1  1
                                                          1.

  1  1
                                                                      1.

  1  1

          1.
  1  1

                      1.
  8                                                            Z2  BVs 9 - 16
  8  6
                                    83.105171   
                                    15.505347   
                                    6.866899    
                                    5.663550    
                                    4.212650    
                                    3.138566    
                                    0.387103    
                                    0.083433    
   31.374693    7.106939    4.465233    0.466669    0.233332    0.042967
  1  1
          1.

  1  1
                      1.

  1  1
                                  1.

  1  1
                                              1.

  1  1
                                                          1.

  1  1
                                                                      1.

  1  1

          1.
  1  1

                      1.
eob-tni/123_123
elu-tni/000_000
eob-tni/123_123
elu-tni/000_000
eob-tni/123_123
elu-tni/000_000
