 10  8  9  3 00  0  0  0  0
nnn_pot
  8                                                            Z1  BVs 1 - 8
  8 10
                                                5.012214    8.010644    
                                                0.697438    4.585781    
                                                2.710151    225.886826  
                                                18.978447   39.820396   
                                                0.305607    0.054901    
                                                0.036203    0.624997    
                                                0.077143    1.574704    
                                                0.378810    0.035650    
   27.574444    4.368303    2.746047    1.252523    0.245935    0.222539
    0.039086    0.015773    0.009433    0.004011
  1  1
          1.

  1  1
                      1.

  1  1
                                  1.

  1  1
                                              1.

  1  1
                                                          1.

  1  1
                                                                      1.

  1  1

          1.
  1  1

                      1.
  4                                                            Z2  BVs 9 - 12
  4 10
                                                1.101916    3.803284    
                                                0.826420    6.372443    
                                                1.024099    7.497487    
                                                0.075520    2.221104    
   13.619986    4.120104   22.575222    1.195246    0.245925    0.217654
    0.039085    0.289793    0.151012    0.007809
  1  1
          1.
  1  1
                      1.
  1  1
                                  1.
  1  1
                                              1.
  8                                                            Z3  BVs 13 - 20
  8 10
                                                0.022663    0.090928    
                                                0.102568    0.271312    
                                                28.741627   11.295753   
                                                29.357874   0.174839    
                                                1.156083    2.264946    
                                                0.543967    26.792690   
                                                7.717852    14.012294   
                                                15.988160   11.961031   
   11.633194    8.191615    1.793965    1.620004    0.329409    0.212306
    0.080897    0.022030    0.008286    0.007467
  1  1
          1.

  1  1
                      1.

  1  1
                                  1.

  1  1
                                              1.

  1  1
                                                          1.

  1  1
                                                                      1.

  1  1

          1.
  1  1

                      1.
  4                                                            Z4  BVs 21 - 24
  4 10
                                                3.249199    0.432388    
                                                18.587481   0.400649    
                                                0.133409    5.207729    
                                                3.680265    1.484196    
   11.690811    3.426856    1.853102    0.795578    0.365964    0.217614
    0.080895    0.557588    0.008308    0.005514
  1  1
          1.
  1  1
                      1.
  1  1
                                  1.
  1  1
                                              1.
eob-tni/np3s_np3s_12-34_np3s_np3s_12-34
elu-tni/000-0_000-0
eob-tni/np3s_np3s_12-34_np3s_np3s_12-34
elu-tni/000-0_000-0
eob-tni/np3s_np3s_12-34_np3s_np3s_12-34
elu-tni/000-0_000-0
eob-tni/tp_123-4_np3s_np3s_12-34
elu-tni/000-0_000-0
eob-tni/tp_123-4_np3s_np3s_12-34
elu-tni/000-0_000-0
eob-tni/tp_123-4_tp_123-4
elu-tni/000-0_000-0
eob-tni/tp_123-4_np3s_np3s_12-34
elu-tni/000-0_000-0
eob-tni/tp_123-4_np3s_np3s_12-34
elu-tni/000-0_000-0
eob-tni/tp_123-4_tp_123-4
elu-tni/000-0_000-0
eob-tni/tp_123-4_tp_123-4
elu-tni/000-0_000-0
