 11  2 12 31  1  1 +2  0  0 -1
  1  1  1  1  0  0  0  0  0  0  0  0  0  0  1  1
   0.0000000   1.0000000   1.0000000   1.0000000   1.0000000   1.0000000   1.0000000
   1.0000000   1.0000000   1.0000000   1.0000000   1.0000000   1.0000000   1.6500000
   1.0000000   1.0000000   1.0000000   1.0000000   1.0000000   1.0000000   1.0000000
   1.0000000   1.0000000   1.0000000   1.0000000   1.0000000   1.0000000   1.0000000
   1.0000000   1.0000000
   0  61   0   0   0   1
  45
-200.845100000      
-0.468464600        
-0.037943790        
-869.220100000      
2.004444000         
0.227419700         
83.964660000        
-7.117251000        
-1.228418000        
-4.240579000        
6.574168000         
1.143516000         
-0.002675870        
0.102928600         
0.041388650         
-0.014565870        
-0.001992785        
0.004159905         
501.498500000       
0.378726900         
573.769200000       
-0.593687000        
-101.928000000      
0.759628200         
0.092104690         
0.233443600         
-0.003163739        
0.045216330         
0.017425870         
0.009119352         
1.311693629         
1.759454265         
0.786994350         
0.346315181         
0.105817122         
0.590015695         
0.527821640         
0.232266784         
0.070969463         
0.118045879         
0.103891673         
0.031744256         
0.022858654         
0.013968992         
0.002134123         
  1  1  0
  30  16  17  18  19  20  21  22  23  24  25  26  27  28  29  30  31  32  33  34
  35  36  37  38  39  40  41  42  43  44  45
   1   2   3   4   5   6   7   8   9  10  11  12  13  14  15  16  17  18  19  20
  21  22  23  24  25  26  27  28  29  30
  1  1  1  1  1  1  1  1  1  1  1  1  1  1  1  1  1  1  1  1  1  1  1
  2  2  0
  15   1   2   3   4   5   6   7   8   9  10  11  12  13  14  15
  31  32  33  34  35  36  37  38  39  40  41  42  43  44  45
  1  1  1  1  1  1  1  1  1  1  1  1  1  1  1  1  1  1  1  1  1  1  1
  1  1  0 -1
   1  16
7   
  0  1  0  1  0  1  0  1  0  1  0  1  0  0
  1  1  0
   1  17
38  
  0  1  0  1  0  1  0  1  0  1  0  1  0  0
  1  1  0
   1  18
6   
  0  1  0  1  0  1  0  1  0  1  0  1  0  0
  1  1  0
   1  19
40  
  0  1  0  1  0  1  0  1  0  1  0  1  0  0
  1  1  0
   1  20
7   
  0  1  0  1  0  1  0  1  0  1  0  1  0  0
  1  1  0
   1  21
31  
  0  1  0  1  0  1  0  1  0  1  0  1  0  0
  1  1  0
   1  22
14  
  0  1  0  1  0  1  0  1  0  1  0  1  0  0
  1  1  0
   1  23
14  
  0  1  0  1  0  1  0  1  0  1  0  1  0  0
  1  1  0
   1  24
2   
  0  1  0  1  0  1  0  1  0  1  0  1  0  0
  1  1  0
   1  25
7   
  0  1  0  1  0  1  0  1  0  1  0  1  0  0
  1  1  0
   1  26
14  
  0  1  0  1  0  1  0  1  0  1  0  1  0  0
  1  1  0
   1  27
35  
  0  1  0  1  0  1  0  1  0  1  0  1  0  0
  1  1  0
   1  28
33  
  0  1  0  1  0  1  0  1  0  1  0  1  0  0
  1  1  0
   1  29
9   
  0  1  0  1  0  1  0  1  0  1  0  1  0  0
  1  1  0
   1  30
31  
  0  1  0  1  0  1  0  1  0  1  0  1  0  0
  1  1  0
   1  31
10  
  0  1  0  1  0  1  0  1  0  1  0  1  0  0
  1  1  0
   1  32
8   
  0  1  0  1  0  1  0  1  0  1  0  1  0  0
  1  1  0
   1  33
14  
  0  1  0  1  0  1  0  1  0  1  0  1  0  0
  1  1  0
   1  34
37  
  0  1  0  1  0  1  0  1  0  1  0  1  0  0
  1  1  0
   1  35
41  
  0  1  0  1  0  1  0  1  0  1  0  1  0  0
  1  1  0
   1  36
32  
  0  1  0  1  0  1  0  1  0  1  0  1  0  0
  1  1  0
   1  37
31  
  0  1  0  1  0  1  0  1  0  1  0  1  0  0
  1  1  0
   1  38
34  
  0  1  0  1  0  1  0  1  0  1  0  1  0  0
  1  1  0
   1  39
7   
  0  1  0  1  0  1  0  1  0  1  0  1  0  0
  1  1  0
   1  40
41  
  0  1  0  1  0  1  0  1  0  1  0  1  0  0
  1  1  0
   1  41
14  
  0  1  0  1  0  1  0  1  0  1  0  1  0  0
  2  2  0
   1   1
7   
  0  1  0  1  0  1  0  1  0  1  0  1  0  0
  2  2  0
   1   2
12  
  0  1  0  1  0  1  0  1  0  1  0  1  0  0
  2  2  0
   1   3
32  
  0  1  0  1  0  1  0  1  0  1  0  1  0  0
  2  2  0
   1   4
11  
  0  1  0  1  0  1  0  1  0  1  0  1  0  0
  2  2  0
   1   5
2   
  0  1  0  1  0  1  0  1  0  1  0  1  0  0
  2  2  0
   1   6
36  
  0  1  0  1  0  1  0  1  0  1  0  1  0  0
  2  2  0
   1   7
22  
  0  1  0  1  0  1  0  1  0  1  0  1  0  0
  2  2  0
   1   8
22  
  0  1  0  1  0  1  0  1  0  1  0  1  0  0
  2  2  0
   1   9
6   
  0  1  0  1  0  1  0  1  0  1  0  1  0  0
  2  2  0
   1  10
37  
  0  1  0  1  0  1  0  1  0  1  0  1  0  0
  2  2  0
   1  11
20  
  0  1  0  1  0  1  0  1  0  1  0  1  0  0
  2  2  0
   1  46
27  
  0  1  0  1  0  1  0  1  0  1  0  1  0  0
  2  2  0
   1  47
4   
  0  1  0  1  0  1  0  1  0  1  0  1  0  0
  2  2  0
   1  48
2   
  0  1  0  1  0  1  0  1  0  1  0  1  0  0
  2  2  0
   1  49
10  
  0  1  0  1  0  1  0  1  0  1  0  1  0  0
  2  2  0
   1  50
10  
  0  1  0  1  0  1  0  1  0  1  0  1  0  0
  2  2  0
   1  51
1   
  0  1  0  1  0  1  0  1  0  1  0  1  0  0
  2  2  0
   1  52
27  
  0  1  0  1  0  1  0  1  0  1  0  1  0  0
  2  2  0
   1  53
2   
  0  1  0  1  0  1  0  1  0  1  0  1  0  0
  2  2  0
   1  54
21  
  0  1  0  1  0  1  0  1  0  1  0  1  0  0
  2  2  0
   1  55
5   
  0  1  0  1  0  1  0  1  0  1  0  1  0  0
  2  2  0
   1  56
29  
  0  1  0  1  0  1  0  1  0  1  0  1  0  0
  2  2  0
   1  57
11  
  0  1  0  1  0  1  0  1  0  1  0  1  0  0
  2  2  0
   1  58
6   
  0  1  0  1  0  1  0  1  0  1  0  1  0  0
  2  2  0
   1  59
10  
  0  1  0  1  0  1  0  1  0  1  0  1  0  0
  2  2  0
   1  60
4   
  0  1  0  1  0  1  0  1  0  1  0  1  0  0
  2  2  0
   1  61
17  
  0  1  0  1  0  1  0  1  0  1  0  1  0  0
  2  2  0
   1  62
26  
  0  1  0  1  0  1  0  1  0  1  0  1  0  0
  2  2  0
   1  63
21  
  0  1  0  1  0  1  0  1  0  1  0  1  0  0
  1  1  0
   1  64
23  
  0  1  0  1  0  1  0  1  0  1  0  1  0  0
  1  1  0
   1  65
2   
  0  1  0  1  0  1  0  1  0  1  0  1  0  0
  1  1  0
   1  66
5   
  0  1  0  1  0  1  0  1  0  1  0  1  0  0
  1  1  0
   1  67
7   
  0  1  0  1  0  1  0  1  0  1  0  1  0  0
  1  1  0
   1  68
3   
  0  1  0  1  0  1  0  1  0  1  0  1  0  0
  1  1  0
   1  69
22  
  0  1  0  1  0  1  0  1  0  1  0  1  0  0
  1  1  0
   1  70
17  
  0  1  0  1  0  1  0  1  0  1  0  1  0  0
  1  1  0
   1  71
17  
  0  1  0  1  0  1  0  1  0  1  0  1  0  0
  1  1  0
   1  72
10  
  0  1  0  1  0  1  0  1  0  1  0  1  0  0
  1  1  0
   1  73
4   
  0  1  0  1  0  1  0  1  0  1  0  1  0  0
  1  1  0
   1  74
17  
  0  1  0  1  0  1  0  1  0  1  0  1  0  0
  1  1  0
   1  75
24  
  0  1  0  1  0  1  0  1  0  1  0  1  0  0
  1  1  0
   1  76
11  
  0  1  0  1  0  1  0  1  0  1  0  1  0  0
  1  1  0
   1  77
10  
  0  1  0  1  0  1  0  1  0  1  0  1  0  0
  1  1  0
   1  78
27  
  0  1  0  1  0  1  0  1  0  1  0  1  0  0
  1  1  0
   1  79
5   
  0  1  0  1  0  1  0  1  0  1  0  1  0  0
  1  1  0
   1  80
17  
  0  1  0  1  0  1  0  1  0  1  0  1  0  0
  1  1  0
   1  81
5   
  0  1  0  1  0  1  0  1  0  1  0  1  0  0
