 10  8  9  3 00  0  0  0  0
nnn_pot
  6                                                            Z1  BVs 1 - 6
  6  8
                                                4.037146    0.128163    
                                                0.762071    3.658665    
                                                0.298402    15.808714   
                                                13.222997   0.297377    
                                                10.672647   0.115716    
                                                7.504772    11.879612   
    3.550164    1.359122    1.099973    0.279706    0.358208    0.280796
    0.158901    2.978492
  1  1
          1.
  1  1
                      1.
  1  1
                                  1.
  1  1
                                              1.
  1  1
                                                          1.
  1  1
                                                                      1.
  6                                                            Z2  BVs 7 - 12
  6  8
                                                3.417876    0.035275    
                                                2.193826    11.125081   
                                                1.161154    0.101088    
                                                0.101454    0.145170    
                                                4.962878    1.427259    
                                                0.041256    6.529318    
    9.982761    8.167879    1.257760    0.472451    0.297138    1.271770
    0.172329    0.043173
  1  1
          1.
  1  1
                      1.
  1  1
                                  1.
  1  1
                                              1.
  1  1
                                                          1.
  1  1
                                                                      1.
  6                                                            Z3  BVs 13 - 18
  6  8
                                                10.993642   0.690579    
                                                0.155179    0.329030    
                                                2.377701    9.770164    
                                                3.040512    0.735074    
                                                0.658179    0.154694    
                                                0.508389    0.674380    
    3.614735    2.017686    1.161491    0.396280    0.404169    0.253610
    2.010464    6.796119
  1  1
          1.
  1  1
                      1.
  1  1
                                  1.
  1  1
                                              1.
  1  1
                                                          1.
  1  1
                                                                      1.
  6                                                            Z4  BVs 19 - 24
  6  8
                                                6.402839    0.114334    
                                                1.870844    0.746180    
                                                0.045433    0.150935    
                                                0.630330    9.148019    
                                                11.371024   4.659338    
                                                9.827191    0.411622    
    0.102379    1.644247    0.234473    0.443033    0.378666    1.082942
    3.292146    5.535491
  1  1
          1.
  1  1
                      1.
  1  1
                                  1.
  1  1
                                              1.
  1  1
                                                          1.
  1  1
                                                                      1.
  6                                                            Z5  BVs 25 - 30
  6  8
                                                1.803032    0.249875    
                                                10.728193   7.976027    
                                                0.080486    9.023806    
                                                7.639909    5.582593    
                                                6.475979    0.663426    
                                                8.443538    0.526143    
    5.219897    4.697840    1.066187    0.387748    1.553760    1.296638
    0.203637    0.094995
  1  1
          1.
  1  1
                      1.
  1  1
                                  1.
  1  1
                                              1.
  1  1
                                                          1.
  1  1
                                                                      1.
  6                                                            Z6  BVs 31 - 36
  6  8
                                                1.248069    0.088427    
                                                3.829866    8.706388    
                                                9.579208    0.458294    
                                                0.281964    0.463720    
                                                8.706609    0.478562    
                                                0.337592    1.237662    
    5.228981    0.128635    0.152302    0.790046    1.191722    0.195247
    0.383015    0.222369
  1  1
          1.
  1  1
                      1.
  1  1
                                  1.
  1  1
                                              1.
  1  1
                                                          1.
  1  1
                                                                      1.
  6                                                            Z7  BVs 37 - 42
  6  8
                                                2.893131    5.938657    
                                                1.224776    2.639246    
                                                0.046388    0.487343    
                                                1.893180    3.446747    
                                                0.480194    1.224776    
                                                7.719492    6.272453    
    0.014677    9.423810    0.489872    0.332037    0.277181    0.480900
    2.510194   10.841875
  1  1
          1.
  1  1
                      1.
  1  1
                                  1.
  1  1
                                              1.
  1  1
                                                          1.
  1  1
                                                                      1.
  6                                                            Z8  BVs 43 - 48
  6  8
                                                4.655022    0.021278    
                                                10.165168   0.692324    
                                                0.213752    0.180795    
                                                0.523917    0.249570    
                                                1.135687    1.321152    
                                                0.340820    0.761297    
    2.081796    1.546720    1.433702    0.824711    0.355169    0.212479
    0.008098    4.163901
  1  1
          1.
  1  1
                      1.
  1  1
                                  1.
  1  1
                                              1.
  1  1
                                                          1.
  1  1
                                                                      1.
eob-tni/tp_1s0_tp_1s0
elu-tni/000-0_000-0
eob-tni/tp_1s0_tp_1s0
elu-tni/000-0_000-0
eob-tni/tp_1s0_tp_1s0
elu-tni/000-0_000-0
eob-tni/tp_6s0_tp_1s0
elu-tni/000-0_000-0
eob-tni/tp_6s0_tp_1s0
elu-tni/000-0_000-0
eob-tni/tp_6s0_tp_6s0
elu-tni/000-0_000-0
eob-tni/tp_6s0_tp_1s0
elu-tni/000-0_000-0
eob-tni/tp_6s0_tp_1s0
elu-tni/000-0_000-0
eob-tni/tp_6s0_tp_6s0
elu-tni/000-0_000-0
eob-tni/tp_6s0_tp_6s0
elu-tni/000-0_000-0
eob-tni/hen_1s0_tp_1s0
elu-tni/000-0_000-0
eob-tni/hen_1s0_tp_1s0
elu-tni/000-0_000-0
eob-tni/hen_1s0_tp_6s0
elu-tni/000-0_000-0
eob-tni/hen_1s0_tp_6s0
elu-tni/000-0_000-0
eob-tni/hen_1s0_hen_1s0
elu-tni/000-0_000-0
eob-tni/hen_1s0_tp_1s0
elu-tni/000-0_000-0
eob-tni/hen_1s0_tp_1s0
elu-tni/000-0_000-0
eob-tni/hen_1s0_tp_6s0
elu-tni/000-0_000-0
eob-tni/hen_1s0_tp_6s0
elu-tni/000-0_000-0
eob-tni/hen_1s0_hen_1s0
elu-tni/000-0_000-0
eob-tni/hen_1s0_hen_1s0
elu-tni/000-0_000-0
eob-tni/hen_6s0_tp_1s0
elu-tni/000-0_000-0
eob-tni/hen_6s0_tp_1s0
elu-tni/000-0_000-0
eob-tni/hen_6s0_tp_6s0
elu-tni/000-0_000-0
eob-tni/hen_6s0_tp_6s0
elu-tni/000-0_000-0
eob-tni/hen_6s0_hen_1s0
elu-tni/000-0_000-0
eob-tni/hen_6s0_hen_1s0
elu-tni/000-0_000-0
eob-tni/hen_6s0_hen_6s0
elu-tni/000-0_000-0
eob-tni/hen_6s0_tp_1s0
elu-tni/000-0_000-0
eob-tni/hen_6s0_tp_1s0
elu-tni/000-0_000-0
eob-tni/hen_6s0_tp_6s0
elu-tni/000-0_000-0
eob-tni/hen_6s0_tp_6s0
elu-tni/000-0_000-0
eob-tni/hen_6s0_hen_1s0
elu-tni/000-0_000-0
eob-tni/hen_6s0_hen_1s0
elu-tni/000-0_000-0
eob-tni/hen_6s0_hen_6s0
elu-tni/000-0_000-0
eob-tni/hen_6s0_hen_6s0
elu-tni/000-0_000-0
