 10  8  9  3 00  0  0  0  0
nnn_pot
  7                                                            Z1  BVs 1 - 7
  7  6
                                    24.249231   
                                    19.048822   
                                    8.541112    
                                    3.893833    
                                    1.009471    
                                    0.087472    
                                    0.044225    
   21.904333    7.926095    2.470379    0.686916    0.196951    0.071148
  1  1
          1.

  1  1
                      1.

  1  1
                                  1.

  1  1
                                              1.

  1  1
                                                          1.

  1  1
                                                                      1.

  1  1

          1.
  7                                                            Z2  BVs 8 - 14
  7  6
                                    11.676751   
                                    11.257508   
                                    9.901571    
                                    3.054340    
                                    0.280196    
                                    0.140127    
                                    0.081907    
   14.490074   14.369015    6.872153    0.744879    0.210924    0.051002
  1  1
          1.

  1  1
                      1.

  1  1
                                  1.

  1  1
                                              1.

  1  1
                                                          1.

  1  1
                                                                      1.

  1  1

          1.
eob-tni/123_123
elu-tni/000_000
eob-tni/123_123
elu-tni/000_000
eob-tni/123_123
elu-tni/000_000
