 11  2 12 31  1  1 +2  0  0 -1
  1  1  1  1  0  0  0  0  0  0  0  0  0  0  1  1
   0.0000000   1.0000000   1.0000000   1.0000000   1.0000000   1.0000000   1.0000000
   1.0000000   1.0000000   1.0000000   1.0000000   1.0000000   1.0000000   1.0000000
   1.0000000   1.0000000   1.0000000   1.0000000   1.0000000   1.0000000   1.0000000
   1.0000000   1.0000000   1.0000000   1.0000000   1.0000000   1.0000000   1.0000000
   1.0000000   1.0000000
   0  64   0   0   0   1
  91
0.456150000         
0.004010505         
-0.000000885        
0.847143500         
-0.036992170        
-0.000004922        
0.501564400         
-0.082207900        
0.000782329         
0.121166500         
0.018525500         
-0.000383820        
0.075046970         
-0.028375460        
0.000296297         
0.001290091         
-0.000180434        
-0.000043997        
-0.000136859        
-0.000027916        
0.000000462         
1.512052000         
0.014312630         
1.109519000         
0.053471160         
0.093751790         
0.022862260         
0.595070300         
0.107274400         
0.160537800         
-0.010015820        
-0.036205080        
0.044627530         
0.000129382         
0.000256896         
1.832310256         
2.053391715         
0.935011237         
0.375552288         
0.083226003         
0.001822834         
0.575287062         
0.523913546         
0.210432691         
0.046633911         
0.001021386         
0.119281930         
0.095820456         
0.021234736         
0.000465088         
0.019243401         
0.008529046         
0.000186805         
0.000945059         
0.000041398         
0.000000453         
-0.062364190        
0.005239302         
0.007624740         
-0.091977120        
0.077620500         
0.020433140         
-0.065760360        
0.039974390         
0.012470180         
-0.019931380        
0.013641980         
0.005380274         
-0.011013610        
0.023371270         
0.005135474         
0.000727696         
-0.000309454        
0.003199418         
-0.000061371        
0.000151722         
0.000498789         
-0.115771200        
0.024384460         
-0.170879200        
-0.111351600        
0.007796307         
0.020116790         
-0.069610540        
-0.049472880        
-0.013405080        
-0.012292870        
0.002270376         
-0.023233850        
-0.000001920        
0.000128083         
  1  1  0
  35  22  23  24  25  26  27  28  29  30  31  32  33  34  35  36  37  38  39  40
  41  42  43  44  45  46  47  48  49  50  51  52  53  54  55  56
   1   2   3   4   5   6   7   8   9  10  11  12  13  14  15  16  17  18  19  20
  21  22  23  24  25  26  27  28  29  30  31  32  33  34  35
  1  1  1  1  1  1  1  1  1  1  1  1  1  1  1  1  1  1  1  1  1  1  1
  2  2  0
  21   1   2   3   4   5   6   7   8   9  10  11  12  13  14  15  16  17  18  19
  20  21
  36  37  38  39  40  41  42  43  44  45  46  47  48  49  50  51  52  53  54  55
  56
  1  1  1  1  1  1  1  1  1  1  1  1  1  1  1  1  1  1  1  1  1  1  1
  1  1  0
  35  22  23  24  25  26  27  28  29  30  31  32  33  34  35  36  37  38  39  40
  41  42  43  44  45  46  47  48  49  50  51  52  53  54  55  56
  57  58  59  60  61  62  63  64  65  66  67  68  69  70  71  72  73  74  75  76
  77  78  79  80  81  82  83  84  85  86  87  88  89  90  91
  1  1  1  1  1  1  1  1  1  1  1  1  1  1  1  1  1  1  1  1  1  1  1
  1  1  0 -1
   1  22
22  
  0  1  0  1  0  1  0  1  0  1  0  1  0  0
  1  1  0
   1  23
43  
  0  1  0  1  0  1  0  1  0  1  0  1  0  0
  1  1  0
   1  24
42  
  0  1  0  1  0  1  0  1  0  1  0  1  0  0
  1  1  0
   1  25
47  
  0  1  0  1  0  1  0  1  0  1  0  1  0  0
  1  1  0
   1  26
44  
  0  1  0  1  0  1  0  1  0  1  0  1  0  0
  1  1  0
   1  27
4   
  0  1  0  1  0  1  0  1  0  1  0  1  0  0
  1  1  0
   1  28
30  
  0  1  0  1  0  1  0  1  0  1  0  1  0  0
  1  1  0
   1  29
24  
  0  1  0  1  0  1  0  1  0  1  0  1  0  0
  1  1  0
   1  30
39  
  0  1  0  1  0  1  0  1  0  1  0  1  0  0
  1  1  0
   1  31
80  
  0  1  0  1  0  1  0  1  0  1  0  1  0  0
  1  1  0
   1  32
39  
  0  1  0  1  0  1  0  1  0  1  0  1  0  0
  1  1  0
   1  34
24  
  0  1  0  1  0  1  0  1  0  1  0  1  0  0
  1  1  0
   1  35
7   
  0  1  0  1  0  1  0  1  0  1  0  1  0  0
  1  1  0
   1  36
1   
  0  1  0  1  0  1  0  1  0  1  0  1  0  0
  1  1  0
   1  37
47  
  0  1  0  1  0  1  0  1  0  1  0  1  0  0
  1  1  0
   1  38
43  
  0  1  0  1  0  1  0  1  0  1  0  1  0  0
  1  1  0
   1  39
80  
  0  1  0  1  0  1  0  1  0  1  0  1  0  0
  1  1  0
   1  40
44  
  0  1  0  1  0  1  0  1  0  1  0  1  0  0
  1  1  0
   1  41
44  
  0  1  0  1  0  1  0  1  0  1  0  1  0  0
  1  1  0
   1  43
1   
  0  1  0  1  0  1  0  1  0  1  0  1  0  0
  1  1  0
   1  44
78  
  0  1  0  1  0  1  0  1  0  1  0  1  0  0
  1  1  0
   1  45
24  
  0  1  0  1  0  1  0  1  0  1  0  1  0  0
  1  1  0
   1  46
7   
  0  1  0  1  0  1  0  1  0  1  0  1  0  0
  1  1  0
   1  51
44  
  0  1  0  1  0  1  0  1  0  1  0  1  0  0
  2  2  0
   1   1
78  
  0  1  0  1  0  1  0  1  0  1  0  1  0  0
  2  2  0
   1   2
42  
  0  1  0  1  0  1  0  1  0  1  0  1  0  0
  2  2  0
   1   3
7   
  0  1  0  1  0  1  0  1  0  1  0  1  0  0
  2  2  0
   1   4
7   
  0  1  0  1  0  1  0  1  0  1  0  1  0  0
  2  2  0
   1   5
4   
  0  1  0  1  0  1  0  1  0  1  0  1  0  0
  2  2  0
   1   6
43  
  0  1  0  1  0  1  0  1  0  1  0  1  0  0
  2  2  0
   1   7
29  
  0  1  0  1  0  1  0  1  0  1  0  1  0  0
  2  2  0
   1   8
37  
  0  1  0  1  0  1  0  1  0  1  0  1  0  0
  2  2  0
   1   9
22  
  0  1  0  1  0  1  0  1  0  1  0  1  0  0
  2  2  0
   1  10
42  
  0  1  0  1  0  1  0  1  0  1  0  1  0  0
  2  2  0
   1  11
1   
  0  1  0  1  0  1  0  1  0  1  0  1  0  0
  2  2  0
   1  12
37  
  0  1  0  1  0  1  0  1  0  1  0  1  0  0
  2  2  0
   1  13
7   
  0  1  0  1  0  1  0  1  0  1  0  1  0  0
  2  2  0
   1  14
78  
  0  1  0  1  0  1  0  1  0  1  0  1  0  0
  2  2  0
   1  15
7   
  0  1  0  1  0  1  0  1  0  1  0  1  0  0
  2  2  0
   1  16
39  
  0  1  0  1  0  1  0  1  0  1  0  1  0  0
  2  2  0
   1  17
7   
  0  1  0  1  0  1  0  1  0  1  0  1  0  0
  2  2  0
   1  57
39  
  0  1  0  1  0  1  0  1  0  1  0  1  0  0
  2  2  0
   1  58
64  
  0  1  0  1  0  1  0  1  0  1  0  1  0  0
  2  2  0
   1  59
59  
  0  1  0  1  0  1  0  1  0  1  0  1  0  0
  2  2  0
   1  60
65  
  0  1  0  1  0  1  0  1  0  1  0  1  0  0
  2  2  0
   1  61
73  
  0  1  0  1  0  1  0  1  0  1  0  1  0  0
  2  2  0
   1  62
82  
  0  1  0  1  0  1  0  1  0  1  0  1  0  0
  2  2  0
   1  63
45  
  0  1  0  1  0  1  0  1  0  1  0  1  0  0
  2  2  0
   1  64
64  
  0  1  0  1  0  1  0  1  0  1  0  1  0  0
  2  2  0
   1  65
73  
  0  1  0  1  0  1  0  1  0  1  0  1  0  0
  2  2  0
   1  66
78  
  0  1  0  1  0  1  0  1  0  1  0  1  0  0
  2  2  0
   1  67
39  
  0  1  0  1  0  1  0  1  0  1  0  1  0  0
  2  2  0
   1  68
42  
  0  1  0  1  0  1  0  1  0  1  0  1  0  0
  1  1  0
   1  69
77  
  0  1  0  1  0  1  0  1  0  1  0  1  0  0
  1  1  0
   1  70
45  
  0  1  0  1  0  1  0  1  0  1  0  1  0  0
  1  1  0
   1  71
82  
  0  1  0  1  0  1  0  1  0  1  0  1  0  0
  1  1  0
   1  72
77  
  0  1  0  1  0  1  0  1  0  1  0  1  0  0
  1  1  0
   1  73
78  
  0  1  0  1  0  1  0  1  0  1  0  1  0  0
  1  1  0
   1  74
71  
  0  1  0  1  0  1  0  1  0  1  0  1  0  0
  1  1  0
   1  78
82  
  0  1  0  1  0  1  0  1  0  1  0  1  0  0
  1  1  0
   1  79
74  
  0  1  0  1  0  1  0  1  0  1  0  1  0  0
  1  1  0
   1  80
79  
  0  1  0  1  0  1  0  1  0  1  0  1  0  0
