 10  8  9  3 00  0  0  0
nn_pot
  8
  8 23
                                                10.984825   10.984825   
                                                10.984825   2.275944    
                                                10.984825   0.416386    
                                                10.984825   0.062001    
                                                10.984825   0.008465    
                                                10.984825   0.001263    
                                                2.275944    2.275944    
                                                2.275944    0.416386    
    6.072022    3.758374    2.326305    1.439903    0.891251    0.551654
    0.341455    0.211349    0.130818    0.080972    0.050119    0.031022
    0.019201    0.011885    0.007356    0.004553    0.002818    0.001744
    0.001080    0.000668    0.000414    0.000256    0.000158
  1  1
          1.

  1  1
                      1.

  1  1
                                  1.

  1  1
                                              1.

  1  1
                                                          1.

  1  1
                                                                      1.

  1  1

          1.
  1  1

                      1.
  8
  8 23
                                                2.275944    0.062001    
                                                2.275944    0.008465    
                                                2.275944    0.001263    
                                                0.416386    0.416386    
                                                0.416386    0.062001    
                                                0.416386    0.008465    
                                                0.416386    0.001263    
                                                0.062001    0.062001    
    6.072022    3.758374    2.326305    1.439903    0.891251    0.551654
    0.341455    0.211349    0.130818    0.080972    0.050119    0.031022
    0.019201    0.011885    0.007356    0.004553    0.002818    0.001744
    0.001080    0.000668    0.000414    0.000256    0.000158
  1  1
          1.

  1  1
                      1.

  1  1
                                  1.

  1  1
                                              1.

  1  1
                                                          1.

  1  1
                                                                      1.

  1  1

          1.
  1  1

                      1.
  5
  5 23
                                                0.062001    0.008465    
                                                0.062001    0.001263    
                                                0.008465    0.008465    
                                                0.008465    0.001263    
                                                0.001263    0.001263    
    6.072022    3.758374    2.326305    1.439903    0.891251    0.551654
    0.341455    0.211349    0.130818    0.080972    0.050119    0.031022
    0.019201    0.011885    0.007356    0.004553    0.002818    0.001744
    0.001080    0.000668    0.000414    0.000256    0.000158
  1  1
          1.
  1  1
                      1.
  1  1
                                  1.
  1  1
                                              1.
  1  1
                                                          1.
  8
  8 23
                                                22.928101   0.667930    
                                                22.928101   0.076677    
                                                22.928101   0.008895    
                                                9.645729    0.667930    
                                                9.645729    0.076677    
                                                9.645729    0.008895    
                                                3.093321    0.667930    
                                                3.093321    0.076677    
    6.072022    3.758374    2.326305    1.439903    0.891251    0.551654
    0.341455    0.211349    0.130818    0.080972    0.050119    0.031022
    0.019201    0.011885    0.007356    0.004553    0.002818    0.001744
    0.001080    0.000668    0.000414    0.000256    0.000158
  1  1
          1.

  1  1
                      1.

  1  1
                                  1.

  1  1
                                              1.

  1  1
                                                          1.

  1  1
                                                                      1.

  1  1

          1.
  1  1

                      1.
  8
  8 23
                                                3.093321    0.008895    
                                                1.185780    0.667930    
                                                1.185780    0.076677    
                                                1.185780    0.008895    
                                                0.455705    0.667930    
                                                0.455705    0.076677    
                                                0.455705    0.008895    
                                                0.100952    0.667930    
    6.072022    3.758374    2.326305    1.439903    0.891251    0.551654
    0.341455    0.211349    0.130818    0.080972    0.050119    0.031022
    0.019201    0.011885    0.007356    0.004553    0.002818    0.001744
    0.001080    0.000668    0.000414    0.000256    0.000158
  1  1
          1.

  1  1
                      1.

  1  1
                                  1.

  1  1
                                              1.

  1  1
                                                          1.

  1  1
                                                                      1.

  1  1

          1.
  1  1

                      1.
  8
  8 23
                                                0.100952    0.076677    
                                                0.100952    0.008895    
                                                0.012329    0.667930    
                                                0.012329    0.076677    
                                                0.012329    0.008895    
                                                11.710614   2.656124    
                                                11.710614   0.098616    
                                                9.598584    2.656124    
    6.072022    3.758374    2.326305    1.439903    0.891251    0.551654
    0.341455    0.211349    0.130818    0.080972    0.050119    0.031022
    0.019201    0.011885    0.007356    0.004553    0.002818    0.001744
    0.001080    0.000668    0.000414    0.000256    0.000158
  1  1
          1.

  1  1
                      1.

  1  1
                                  1.

  1  1
                                              1.

  1  1
                                                          1.

  1  1
                                                                      1.

  1  1

          1.
  1  1

                      1.
  8
  8 23
                                                9.598584    0.098616    
                                                5.569395    2.656124    
                                                5.569395    0.098616    
                                                3.055997    2.656124    
                                                3.055997    0.098616    
                                                0.806242    2.656124    
                                                0.806242    0.098616    
                                                0.430449    2.656124    
    6.072022    3.758374    2.326305    1.439903    0.891251    0.551654
    0.341455    0.211349    0.130818    0.080972    0.050119    0.031022
    0.019201    0.011885    0.007356    0.004553    0.002818    0.001744
    0.001080    0.000668    0.000414    0.000256    0.000158
  1  1
          1.

  1  1
                      1.

  1  1
                                  1.

  1  1
                                              1.

  1  1
                                                          1.

  1  1
                                                                      1.

  1  1

          1.
  1  1

                      1.
  3
  3 23
                                                0.430449    0.098616    
                                                0.025134    2.656124    
                                                0.025134    0.098616    
    6.072022    3.758374    2.326305    1.439903    0.891251    0.551654
    0.341455    0.211349    0.130818    0.080972    0.050119    0.031022
    0.019201    0.011885    0.007356    0.004553    0.002818    0.001744
    0.001080    0.000668    0.000414    0.000256    0.000158
  1  1
          1.
  1  1
                      1.
  1  1
                                  1.
  8                                                            Z1  BVs 1 - 8
  8 10
                                                0.075891    1.935051    
                                                0.223528    0.456842    
                                                2.581928    0.122583    
                                                47.190567   3.384002    
                                                1.375096    0.217824    
                                                2.534866    0.611483    
                                                0.834908    0.379668    
                                                2.558085    137.891571  
   11.613727    6.237338    0.904803    0.762919    0.520053    0.133225
    9.360730    0.076044    0.016944    0.007134
  1  1
          1.

  1  1
                      1.

  1  1
                                  1.

  1  1
                                              1.

  1  1
                                                          1.

  1  1
                                                                      1.

  1  1

          1.
  1  1

                      1.
  4                                                            Z2  BVs 9 - 12
  4 10
                                                0.091605    27.912226   
                                                1.262627    11.789857   
                                                7.933858    13.697134   
                                                0.552246    3.856832    
    8.894736    4.674328    0.789758    0.359949    0.436834    0.066494
    0.025997    5.837941    0.021220    0.007179
  1  1
          1.
  1  1
                      1.
  1  1
                                  1.
  1  1
                                              1.
  8                                                            Z3  BVs 13 - 20
  8 10
                                                0.256524    14.642340   
                                                7.698897    1.949536    
                                                2.058704    3.623862    
                                                2.167559    5.355323    
                                                19.885704   1.434668    
                                                8.194977    0.037469    
                                                1.788885    0.326870    
                                                0.803383    0.727895    
    9.871851    4.133033    2.163365    1.191629    0.631688    0.051820
    0.044157    0.041798    0.013229    0.004785
  1  1
          1.

  1  1
                      1.

  1  1
                                  1.

  1  1
                                              1.

  1  1
                                                          1.

  1  1
                                                                      1.

  1  1

          1.
  1  1

                      1.
  4                                                            Z4  BVs 21 - 24
  4 10
                                                0.526779    0.107808    
                                                7.964008    0.486075    
                                                11.978249   0.333675    
                                                12.186015   1.634659    
   21.236130    4.769251    2.403469    1.142556    6.130484    0.052362
    0.057334    0.016016    0.013221    0.007861
  1  1
          1.
  1  1
                      1.
  1  1
                                  1.
  1  1
                                              1.
