 11  2 12 31  1  1 +2  0  0 -1
  1  1  1  1  0  0  0  0  0  0  0  0  0  0  1  1
   0.0000000   1.0000000   1.0000000   1.0000000   1.0000000   1.0000000   1.0000000
   1.0000000   1.0000000   1.0000000   1.0000000   1.0000000   1.0000000   1.6500000
   1.0000000   1.0000000   1.0000000   1.0000000   1.0000000   1.0000000   1.0000000
   1.0000000   1.0000000   1.0000000   1.0000000   1.0000000   1.0000000   1.0000000
   1.0000000   1.0000000
   0  71   0   0   0   1
  45
121.648200000       
3.433427000         
0.323944200         
-311.523600000      
-18.583130000       
-1.294882000        
611.234800000       
63.504460000        
3.521869000         
-408.738600000      
-49.707430000       
-2.577420000        
-0.007016260        
-0.187081400        
-0.012809620        
0.000874450         
0.003532842         
-0.000939442        
2.253344000         
-0.267506400        
0.182490100         
-0.009414338        
0.764775000         
-0.402221100        
-95.440780000       
45.442240000        
94.901680000        
-45.350300000       
-0.004324820        
-0.020498330        
0.919196471         
1.170964978         
0.533006306         
0.219004928         
0.059522828         
0.372923261         
0.339498539         
0.139495259         
0.037913084         
0.077267410         
0.063496223         
0.017257487         
0.013044860         
0.007090863         
0.000963604         
  1  1  0
  30  16  17  18  19  20  21  22  23  24  25  26  27  28  29  30  31  32  33  34
  35  36  37  38  39  40  41  42  43  44  45
   1   2   3   4   5   6   7   8   9  10  11  12  13  14  15  16  17  18  19  20
  21  22  23  24  25  26  27  28  29  30
  1  1  1  1  1  1  1  1  1  1  1  1  1  1  1  1  1  1
  2  2  0
  15   1   2   3   4   5   6   7   8   9  10  11  12  13  14  15
  31  32  33  34  35  36  37  38  39  40  41  42  43  44  45
  1  1  1  1  1  1  1  1  1  1  1  1  1  1  1  1  1  1
  1  1  0 -1
   1  16
23  
  0  1  0  1  0  1  0  1  0  1  0  0
  1  1  0
   1  17
12  
  0  1  0  1  0  1  0  1  0  1  0  0
  1  1  0
   1  18
12  
  0  1  0  1  0  1  0  1  0  1  0  0
  1  1  0
   1  19
37  
  0  1  0  1  0  1  0  1  0  1  0  0
  1  1  0
   1  20
20  
  0  1  0  1  0  1  0  1  0  1  0  0
  1  1  0
   1  21
33  
  0  1  0  1  0  1  0  1  0  1  0  0
  1  1  0
   1  22
2   
  0  1  0  1  0  1  0  1  0  1  0  0
  1  1  0
   1  23
34  
  0  1  0  1  0  1  0  1  0  1  0  0
  1  1  0
   1  24
14  
  0  1  0  1  0  1  0  1  0  1  0  0
  1  1  0
   1  25
11  
  0  1  0  1  0  1  0  1  0  1  0  0
  1  1  0
   1  26
14  
  0  1  0  1  0  1  0  1  0  1  0  0
  1  1  0
   1  27
34  
  0  1  0  1  0  1  0  1  0  1  0  0
  1  1  0
   1  28
11  
  0  1  0  1  0  1  0  1  0  1  0  0
  1  1  0
   1  29
23  
  0  1  0  1  0  1  0  1  0  1  0  0
  1  1  0
   1  30
28  
  0  1  0  1  0  1  0  1  0  1  0  0
  1  1  0
   1  31
27  
  0  1  0  1  0  1  0  1  0  1  0  0
  1  1  0
   1  32
14  
  0  1  0  1  0  1  0  1  0  1  0  0
  1  1  0
   1  33
21  
  0  1  0  1  0  1  0  1  0  1  0  0
  1  1  0
   1  34
8   
  0  1  0  1  0  1  0  1  0  1  0  0
  1  1  0
   1  35
19  
  0  1  0  1  0  1  0  1  0  1  0  0
  1  1  0
   1  36
33  
  0  1  0  1  0  1  0  1  0  1  0  0
  1  1  0
   1  37
3   
  0  1  0  1  0  1  0  1  0  1  0  0
  1  1  0
   1  38
26  
  0  1  0  1  0  1  0  1  0  1  0  0
  1  1  0
   1  39
27  
  0  1  0  1  0  1  0  1  0  1  0  0
  1  1  0
   1  40
34  
  0  1  0  1  0  1  0  1  0  1  0  0
  1  1  0
   1  41
33  
  0  1  0  1  0  1  0  1  0  1  0  0
  2  2  0
   1   1
31  
  0  1  0  1  0  1  0  1  0  1  0  0
  2  2  0
   1   2
36  
  0  1  0  1  0  1  0  1  0  1  0  0
  2  2  0
   1   3
33  
  0  1  0  1  0  1  0  1  0  1  0  0
  2  2  0
   1   4
11  
  0  1  0  1  0  1  0  1  0  1  0  0
  2  2  0
   1   5
24  
  0  1  0  1  0  1  0  1  0  1  0  0
  2  2  0
   1   6
6   
  0  1  0  1  0  1  0  1  0  1  0  0
  2  2  0
   1   7
9   
  0  1  0  1  0  1  0  1  0  1  0  0
  2  2  0
   1   8
23  
  0  1  0  1  0  1  0  1  0  1  0  0
  2  2  0
   1   9
20  
  0  1  0  1  0  1  0  1  0  1  0  0
  2  2  0
   1  10
19  
  0  1  0  1  0  1  0  1  0  1  0  0
  2  2  0
   1  11
21  
  0  1  0  1  0  1  0  1  0  1  0  0
  2  2  0
   1  46
29  
  0  1  0  1  0  1  0  1  0  1  0  0
  2  2  0
   1  47
34  
  0  1  0  1  0  1  0  1  0  1  0  0
  2  2  0
   1  48
8   
  0  1  0  1  0  1  0  1  0  1  0  0
  2  2  0
   1  49
2   
  0  1  0  1  0  1  0  1  0  1  0  0
  2  2  0
   1  50
2   
  0  1  0  1  0  1  0  1  0  1  0  0
  2  2  0
   1  51
17  
  0  1  0  1  0  1  0  1  0  1  0  0
  2  2  0
   1  52
29  
  0  1  0  1  0  1  0  1  0  1  0  0
  2  2  0
   1  53
17  
  0  1  0  1  0  1  0  1  0  1  0  0
  2  2  0
   1  54
42  
  0  1  0  1  0  1  0  1  0  1  0  0
  2  2  0
   1  55
17  
  0  1  0  1  0  1  0  1  0  1  0  0
  2  2  0
   1  56
4   
  0  1  0  1  0  1  0  1  0  1  0  0
  2  2  0
   1  57
17  
  0  1  0  1  0  1  0  1  0  1  0  0
  2  2  0
   1  58
20  
  0  1  0  1  0  1  0  1  0  1  0  0
  2  2  0
   1  59
41  
  0  1  0  1  0  1  0  1  0  1  0  0
  2  2  0
   1  60
6   
  0  1  0  1  0  1  0  1  0  1  0  0
  2  2  0
   1  61
40  
  0  1  0  1  0  1  0  1  0  1  0  0
  2  2  0
   1  62
8   
  0  1  0  1  0  1  0  1  0  1  0  0
  2  2  0
   1  63
42  
  0  1  0  1  0  1  0  1  0  1  0  0
  1  1  0
   1  64
40  
  0  1  0  1  0  1  0  1  0  1  0  0
  1  1  0
   1  65
17  
  0  1  0  1  0  1  0  1  0  1  0  0
  1  1  0
   1  66
34  
  0  1  0  1  0  1  0  1  0  1  0  0
  1  1  0
   1  67
42  
  0  1  0  1  0  1  0  1  0  1  0  0
  1  1  0
   1  68
35  
  0  1  0  1  0  1  0  1  0  1  0  0
  1  1  0
   1  69
2   
  0  1  0  1  0  1  0  1  0  1  0  0
  1  1  0
   1  70
36  
  0  1  0  1  0  1  0  1  0  1  0  0
  1  1  0
   1  71
42  
  0  1  0  1  0  1  0  1  0  1  0  0
  1  1  0
   1  72
43  
  0  1  0  1  0  1  0  1  0  1  0  0
  1  1  0
   1  73
8   
  0  1  0  1  0  1  0  1  0  1  0  0
  1  1  0
   1  74
21  
  0  1  0  1  0  1  0  1  0  1  0  0
  1  1  0
   1  75
21  
  0  1  0  1  0  1  0  1  0  1  0  0
  1  1  0
   1  76
21  
  0  1  0  1  0  1  0  1  0  1  0  0
  1  1  0
   1  77
43  
  0  1  0  1  0  1  0  1  0  1  0  0
  1  1  0
   1  78
4   
  0  1  0  1  0  1  0  1  0  1  0  0
  1  1  0
   1  79
8   
  0  1  0  1  0  1  0  1  0  1  0  0
  1  1  0
   1  80
26  
  0  1  0  1  0  1  0  1  0  1  0  0
  1  1  0
   1  81
2   
  0  1  0  1  0  1  0  1  0  1  0  0
