 10  8  9  3 00  0  0  0  0
nnn_pot
  8
  8 18
                                                6.100137    6.100137    
                                                6.100137    1.409130    
                                                6.100137    0.282884    
                                                6.100137    0.053668    
                                                6.100137    0.009630    
                                                1.409130    1.409130    
                                                1.409130    0.282884    
                                                1.409130    0.053668    
    6.989473    3.880511    3.782490    2.154435    1.196128    0.902725
    0.664083    0.368695    0.215443    0.204697    0.113646    0.063096
    0.051418    0.012271    0.002929    0.000699    0.000167    0.000040
  1  1
          1.

  1  1
                      1.

  1  1
                                  1.

  1  1
                                              1.

  1  1
                                                          1.

  1  1
                                                                      1.

  1  1

          1.
  1  1

                      1.
  7
  7 18
                                                1.409130    0.009630    
                                                0.282884    0.282884    
                                                0.282884    0.053668    
                                                0.282884    0.009630    
                                                0.053668    0.053668    
                                                0.053668    0.009630    
                                                0.009630    0.009630    
    6.989473    3.880511    3.782490    2.154435    1.196128    0.902725
    0.664083    0.368695    0.215443    0.204697    0.113646    0.063096
    0.051418    0.012271    0.002929    0.000699    0.000167    0.000040
  1  1
          1.

  1  1
                      1.

  1  1
                                  1.

  1  1
                                              1.

  1  1
                                                          1.

  1  1
                                                                      1.

  1  1

          1.
  8
  8 18
                                                14.096923   13.366618   
                                                14.096923   1.371084    
                                                14.096923   0.063943    
                                                11.574368   13.366618   
                                                11.574368   1.371084    
                                                11.574368   0.063943    
                                                9.480317    13.366618   
                                                9.480317    1.371084    
    6.989473    3.880511    3.782490    2.154435    1.196128    0.902725
    0.664083    0.368695    0.215443    0.204697    0.113646    0.063096
    0.051418    0.012271    0.002929    0.000699    0.000167    0.000040
  1  1
          1.

  1  1
                      1.

  1  1
                                  1.

  1  1
                                              1.

  1  1
                                                          1.

  1  1
                                                                      1.

  1  1

          1.
  1  1

                      1.
  8
  8 18
                                                9.480317    0.063943    
                                                8.955485    13.366618   
                                                8.955485    1.371084    
                                                8.955485    0.063943    
                                                0.686950    13.366618   
                                                0.686950    1.371084    
                                                0.686950    0.063943    
                                                0.075621    13.366618   
    6.989473    3.880511    3.782490    2.154435    1.196128    0.902725
    0.664083    0.368695    0.215443    0.204697    0.113646    0.063096
    0.051418    0.012271    0.002929    0.000699    0.000167    0.000040
  1  1
          1.

  1  1
                      1.

  1  1
                                  1.

  1  1
                                              1.

  1  1
                                                          1.

  1  1
                                                                      1.

  1  1

          1.
  1  1

                      1.
  8
  8 18
                                                0.075621    1.371084    
                                                0.075621    0.063943    
                                                7.746782    5.716728    
                                                7.746782    0.280923    
                                                5.735309    5.716728    
                                                5.735309    0.280923    
                                                1.924536    5.716728    
                                                1.924536    0.280923    
    6.989473    3.880511    3.782490    2.154435    1.196128    0.902725
    0.664083    0.368695    0.215443    0.204697    0.113646    0.063096
    0.051418    0.012271    0.002929    0.000699    0.000167    0.000040
  1  1
          1.

  1  1
                      1.

  1  1
                                  1.

  1  1
                                              1.

  1  1
                                                          1.

  1  1
                                                                      1.

  1  1

          1.
  1  1

                      1.
  6
  6 18
                                                1.069302    5.716728    
                                                1.069302    0.280923    
                                                1.067129    5.716728    
                                                1.067129    0.280923    
                                                0.122844    5.716728    
                                                0.122844    0.280923    
    6.989473    3.880511    3.782490    2.154435    1.196128    0.902725
    0.664083    0.368695    0.215443    0.204697    0.113646    0.063096
    0.051418    0.012271    0.002929    0.000699    0.000167    0.000040
  1  1
          1.
  1  1
                      1.
  1  1
                                  1.
  1  1
                                              1.
  1  1
                                                          1.
  1  1
                                                                      1.
  8                                                            Z1  BVs 1 - 8
  8 10
                                                4.949601    0.069506    
                                                6.363938    0.880725    
                                                2.291086    1.049628    
                                                0.220954    4.386974    
                                                0.076703    0.104500    
                                                3.720573    1.640214    
                                                142.208344  0.027695    
                                                0.986911    1.002971    
    6.367530   63.748734    1.930204    0.807365    0.354315    0.039414
    0.024323    0.014642    0.071241    0.006067
  1  1
          1.

  1  1
                      1.

  1  1
                                  1.

  1  1
                                              1.

  1  1
                                                          1.

  1  1
                                                                      1.

  1  1

          1.
  1  1

                      1.
  8                                                            Z2  BVs 9 - 16
  8 10
                                                131.748444  0.112630    
                                                0.071198    2.035788    
                                                0.080578    7.130445    
                                                0.429229    31.642683   
                                                0.468660    1.788588    
                                                0.301146    0.059304    
                                                9.244291    0.984449    
                                                0.479567    0.025960    
   19.620321    3.240155    1.935414    0.669120    0.352331    0.138145
    0.028604    0.006331    0.056075    0.001363
  1  1
          1.

  1  1
                      1.

  1  1
                                  1.

  1  1
                                              1.

  1  1
                                                          1.

  1  1
                                                                      1.

  1  1

          1.
  1  1

                      1.
  2                                                            Z3  BVs 17 - 18
  2 10
                                                1.888909    1.700519    
                                                0.013648    3.261861    
    9.389987   12.936695    1.935233    0.545837    0.354284    0.200634
    0.028573    0.014616    0.091017    0.005945
  1  1
          1.
  1  1
                      1.
  8                                                            Z4  BVs 19 - 26
  8 10
                                                0.870539    0.236935    
                                                0.032187    1.488729    
                                                11.119404   21.958670   
                                                0.019075    0.917318    
                                                1.342903    0.079894    
                                                0.937224    29.714764   
                                                0.718264    4.576798    
                                                8.589755    1.479525    
    5.033331    3.355391    7.623391    0.569205    0.116434    0.099553
    0.075453    0.030312    0.007858    0.004172
  1  1
          1.

  1  1
                      1.

  1  1
                                  1.

  1  1
                                              1.

  1  1
                                                          1.

  1  1
                                                                      1.

  1  1

          1.
  1  1

                      1.
  8                                                            Z5  BVs 27 - 34
  8 10
                                                0.054003    0.035687    
                                                0.032708    3.999353    
                                                2.879060    2.482715    
                                                0.109367    8.755520    
                                                0.844446    0.080366    
                                                7.306345    8.318635    
                                                24.819307   0.519812    
                                                0.708905    18.073408   
    6.020196    2.096724    1.167074    0.506195    0.020015    0.104324
    0.069040    0.017435    0.007856    0.006109
  1  1
          1.

  1  1
                      1.

  1  1
                                  1.

  1  1
                                              1.

  1  1
                                                          1.

  1  1
                                                                      1.

  1  1

          1.
  1  1

                      1.
  2                                                            Z6  BVs 35 - 36
  2 10
                                                1.316950    3.103256    
                                                6.776089    8.047270    
   30.402662    2.104918    1.041075    0.858506    0.257735    0.103972
    0.065037    0.030450    0.009672    0.004156
  1  1
          1.
  1  1
                      1.
eob-tni/np3s_np3s_12-34_np3s_np3s_12-34
elu-tni/000-0_000-0
eob-tni/np3s_np3s_12-34_np3s_np3s_12-34
elu-tni/000-0_000-0
eob-tni/np3s_np3s_12-34_np3s_np3s_12-34
elu-tni/000-0_000-0
eob-tni/tp_123-4_np3s_np3s_12-34
elu-tni/000-0_000-0
eob-tni/tp_123-4_np3s_np3s_12-34
elu-tni/000-0_000-0
eob-tni/tp_123-4_tp_123-4
elu-tni/000-0_000-0
eob-tni/tp_123-4_np3s_np3s_12-34
elu-tni/000-0_000-0
eob-tni/tp_123-4_np3s_np3s_12-34
elu-tni/000-0_000-0
eob-tni/tp_123-4_tp_123-4
elu-tni/000-0_000-0
eob-tni/tp_123-4_tp_123-4
elu-tni/000-0_000-0
eob-tni/tp_123-4_np3s_np3s_12-34
elu-tni/000-0_000-0
eob-tni/tp_123-4_np3s_np3s_12-34
elu-tni/000-0_000-0
eob-tni/tp_123-4_tp_123-4
elu-tni/000-0_000-0
eob-tni/tp_123-4_tp_123-4
elu-tni/000-0_000-0
eob-tni/tp_123-4_tp_123-4
elu-tni/000-0_000-0
eob-tni/tp_123-4_np3s_np3s_12-34
elu-tni/000-0_000-0
eob-tni/tp_123-4_np3s_np3s_12-34
elu-tni/000-0_000-0
eob-tni/tp_123-4_tp_123-4
elu-tni/000-0_000-0
eob-tni/tp_123-4_tp_123-4
elu-tni/000-0_000-0
eob-tni/tp_123-4_tp_123-4
elu-tni/000-0_000-0
eob-tni/tp_123-4_tp_123-4
elu-tni/000-0_000-0
eob-tni/np3s_np3s_12-34_np3s_np3s_12-34
elu-tni/000-0_000-0
eob-tni/np3s_np3s_12-34_np3s_np3s_12-34
elu-tni/000-0_000-0
eob-tni/np3s_np3s_12-34_tp_123-4
elu-tni/000-0_000-0
eob-tni/np3s_np3s_12-34_tp_123-4
elu-tni/000-0_000-0
eob-tni/np3s_np3s_12-34_tp_123-4
elu-tni/000-0_000-0
eob-tni/np3s_np3s_12-34_tp_123-4
elu-tni/000-0_000-0
eob-tni/np3s_np3s_12-34_np3s_np3s_12-34
elu-tni/000-0_000-0
eob-tni/np3s_np3s_12-34_np3s_np3s_12-34
elu-tni/000-0_000-0
eob-tni/np3s_np3s_12-34_np3s_np3s_12-34
elu-tni/000-0_000-0
eob-tni/np3s_np3s_12-34_tp_123-4
elu-tni/000-0_000-0
eob-tni/np3s_np3s_12-34_tp_123-4
elu-tni/000-0_000-0
eob-tni/np3s_np3s_12-34_tp_123-4
elu-tni/000-0_000-0
eob-tni/np3s_np3s_12-34_tp_123-4
elu-tni/000-0_000-0
eob-tni/np3s_np3s_12-34_np3s_np3s_12-34
elu-tni/000-0_000-0
eob-tni/np3s_np3s_12-34_np3s_np3s_12-34
elu-tni/000-0_000-0
eob-tni/np3s_np3s_12-34_np3s_np3s_12-34
elu-tni/000-0_000-0
eob-tni/np3s_np3s_12-34_np3s_np3s_12-34
elu-tni/000-0_000-0
eob-tni/np3s_np3s_12-34_tp_123-4
elu-tni/000-0_000-0
eob-tni/np3s_np3s_12-34_tp_123-4
elu-tni/000-0_000-0
eob-tni/np3s_np3s_12-34_tp_123-4
elu-tni/000-0_000-0
eob-tni/np3s_np3s_12-34_tp_123-4
elu-tni/000-0_000-0
eob-tni/np3s_np3s_12-34_np3s_np3s_12-34
elu-tni/000-0_000-0
eob-tni/np3s_np3s_12-34_np3s_np3s_12-34
elu-tni/000-0_000-0
eob-tni/np3s_np3s_12-34_np3s_np3s_12-34
elu-tni/000-0_000-0
eob-tni/tp_123-4_np3s_np3s_12-34
elu-tni/000-0_000-0
eob-tni/tp_123-4_np3s_np3s_12-34
elu-tni/000-0_000-0
eob-tni/tp_123-4_tp_123-4
elu-tni/000-0_000-0
eob-tni/tp_123-4_tp_123-4
elu-tni/000-0_000-0
eob-tni/tp_123-4_tp_123-4
elu-tni/000-0_000-0
eob-tni/tp_123-4_tp_123-4
elu-tni/000-0_000-0
eob-tni/tp_123-4_np3s_np3s_12-34
elu-tni/000-0_000-0
eob-tni/tp_123-4_np3s_np3s_12-34
elu-tni/000-0_000-0
eob-tni/tp_123-4_np3s_np3s_12-34
elu-tni/000-0_000-0
eob-tni/tp_123-4_tp_123-4
elu-tni/000-0_000-0
eob-tni/tp_123-4_np3s_np3s_12-34
elu-tni/000-0_000-0
eob-tni/tp_123-4_np3s_np3s_12-34
elu-tni/000-0_000-0
eob-tni/tp_123-4_tp_123-4
elu-tni/000-0_000-0
eob-tni/tp_123-4_tp_123-4
elu-tni/000-0_000-0
eob-tni/tp_123-4_tp_123-4
elu-tni/000-0_000-0
eob-tni/tp_123-4_tp_123-4
elu-tni/000-0_000-0
eob-tni/tp_123-4_np3s_np3s_12-34
elu-tni/000-0_000-0
eob-tni/tp_123-4_np3s_np3s_12-34
elu-tni/000-0_000-0
eob-tni/tp_123-4_np3s_np3s_12-34
elu-tni/000-0_000-0
eob-tni/tp_123-4_tp_123-4
elu-tni/000-0_000-0
eob-tni/tp_123-4_tp_123-4
elu-tni/000-0_000-0
eob-tni/tp_123-4_np3s_np3s_12-34
elu-tni/000-0_000-0
eob-tni/tp_123-4_np3s_np3s_12-34
elu-tni/000-0_000-0
eob-tni/tp_123-4_tp_123-4
elu-tni/000-0_000-0
eob-tni/tp_123-4_tp_123-4
elu-tni/000-0_000-0
eob-tni/tp_123-4_tp_123-4
elu-tni/000-0_000-0
eob-tni/tp_123-4_tp_123-4
elu-tni/000-0_000-0
eob-tni/tp_123-4_np3s_np3s_12-34
elu-tni/000-0_000-0
eob-tni/tp_123-4_np3s_np3s_12-34
elu-tni/000-0_000-0
eob-tni/tp_123-4_np3s_np3s_12-34
elu-tni/000-0_000-0
eob-tni/tp_123-4_tp_123-4
elu-tni/000-0_000-0
eob-tni/tp_123-4_tp_123-4
elu-tni/000-0_000-0
eob-tni/tp_123-4_tp_123-4
elu-tni/000-0_000-0
