 11  2 12 31  1  1 +2  0  0 -1
  1  1  1  1  0  0  0  0  0  0  0  0  0  0  1  1
   0.0000000   1.0000000   1.0000000   1.0000000   1.0000000   1.0000000   1.0000000
   1.0000000   1.0000000   1.0000000   1.0000000   1.0000000   1.0000000   1.0000000
   1.0000000   1.0000000   1.0000000   1.0000000   1.0000000   1.0000000   1.0000000
   1.0000000   1.0000000   1.0000000   1.0000000   1.0000000   1.0000000   1.0000000
   1.0000000   1.0000000
   0 235   0   0   0   1
 264
2.928056000         
2.482182863         
1.225575177         
0.771306032         
0.355280102         
0.197987066         
0.203689400         
0.054775358         
2.482182863         
2.104205578         
1.038949290         
0.653854508         
0.301179410         
0.167838355         
0.172672360         
0.046434376         
1.225575177         
1.038949290         
0.512980119         
0.322839975         
0.148707017         
0.082870011         
0.085256796         
0.022926924         
0.771306032         
0.653854508         
0.322839975         
0.203176782         
0.093587583         
0.052153585         
0.053655689         
0.014428878         
0.355280102         
0.301179410         
0.148707017         
0.093587583         
0.043108448         
0.024023060         
0.024714961         
0.006646251         
0.197987066         
0.167838355         
0.082870011         
0.052153585         
0.024023060         
0.013387339         
0.013772915         
0.003703759         
0.203689400         
0.172672360         
0.085256796         
0.053655689         
0.024714961         
0.013772915         
0.014169596         
0.003810433         
0.054775358         
0.046434376         
0.022926924         
0.014428878         
0.006646251         
0.003703759         
0.003810433         
0.001024687         
2.928056000         
4.964365727         
2.451150355         
1.542612064         
0.710560203         
0.395974131         
0.407378801         
0.109550716         
2.104205578         
2.077898581         
1.307709016         
0.602358821         
0.335676709         
0.345344720         
0.092868753         
0.512980119         
0.645679951         
0.297414034         
0.165740022         
0.170513592         
0.045853849         
0.203176782         
0.187175167         
0.104307170         
0.107311379         
0.028857757         
0.043108448         
0.048046120         
0.049429923         
0.013292502         
0.013387339         
0.027545830         
0.007407517         
0.014169596         
0.007620865         
0.001024687         
2.928056052         
4.964365816         
2.451150398         
1.542612091         
0.710560216         
0.395974138         
0.407378808         
0.109550718         
2.104205616         
2.077898618         
1.307709039         
0.602358832         
0.335676715         
0.345344726         
0.092868754         
0.512980128         
0.645679962         
0.297414039         
0.165740025         
0.170513595         
0.045853850         
0.203176785         
0.187175170         
0.104307172         
0.107311381         
0.028857757         
0.043108449         
0.048046121         
0.049429924         
0.013292502         
0.013387339         
0.027545831         
0.007407517         
0.014169597         
0.007620865         
0.001024687         
1.433644000         
-0.443019700        
0.133663100         
0.011988450         
-4.927452000        
1.923547000         
0.911455400         
0.264285100         
-17.840010000       
2.655969000         
1.984034000         
0.483251200         
-2.538072000        
-1.230308000        
-1.195763000        
-0.258784600        
-2.323560000        
0.117422600         
1.062203000         
0.229906800         
76.806190000        
108.415100000       
-91.519710000       
-18.907600000       
-75.911060000       
-109.360500000      
91.530530000        
18.939250000        
0.004258001         
-0.004287866        
0.035994630         
0.056928370         
2.037704000         
-1.395782000        
-0.777342300        
-0.160228500        
80.070280000        
-2.933346000        
-0.937467600        
-0.322486100        
-94.535320000       
1.666403000         
0.390923500         
0.202877300         
0.495216300         
-0.396399700        
-0.424288800        
-0.095512250        
-0.355902000        
-2.041235000        
0.096506450         
0.025718970         
0.199102700         
1.128078000         
-0.316081000        
-0.083323960        
-0.003015912        
0.002246478         
-0.063965330        
-0.033676320        
0.000264937         
-0.000286890        
0.000811060         
-0.009086667        
1.433644000         
-0.443019700        
0.133663100         
0.011988450         
-4.927452000        
1.923547000         
0.911455400         
0.264285100         
-17.840010000       
2.655969000         
1.984034000         
0.483251200         
-2.538072000        
-1.230308000        
-1.195763000        
-0.258784600        
-2.323560000        
0.117422600         
1.062203000         
0.229906800         
76.806190000        
108.415100000       
-91.519710000       
-18.907600000       
-75.911060000       
-109.360500000      
91.530530000        
18.939250000        
0.004258001         
-0.004287866        
0.035994630         
0.056928370         
2.037704000         
-1.395782000        
-0.777342300        
-0.160228500        
80.070280000        
-2.933346000        
-0.937467600        
-0.322486100        
-94.535320000       
1.666403000         
0.390923500         
0.202877300         
0.495216300         
-0.396399700        
-0.424288800        
-0.095512250        
-0.355902000        
-2.041235000        
0.096506450         
0.025718970         
0.199102700         
1.128078000         
-0.316081000        
-0.083323960        
-0.003015912        
0.002246478         
-0.063965330        
-0.033676320        
0.000264937         
-0.000286890        
0.000811060         
-0.009086667        
  1  1  0
  64 201 202 203 204 205 206 207 208 209 210 211 212 213 214 215 216 217 218 219
 220 221 222 223 224 225 226 227 228 229 230 231 232 233 234 235 236 237 238 239
 240 241 242 243 244 245 246 247 248 249 250 251 252 253 254 255 256 257 258 259
 260 261 262 263 264
 201 202 203 204 205 206 207 208 209 210 211 212 213 214 215 216 217 218 219 220
 221 222 223 224 225 226 227 228 229 230 231 232 233 234 235 236 237 238 239 240
 241 242 243 244 245 246 247 248 249 250 251 252 253 254 255 256 257 258 259 260
 261 262 263 264
  1  1  1  1  1  1  1  1  1  1  1  1  1  1  1  1  1  1  1  1  1  1  1  1  1  1  1  1  1  1
  1  1  0
  64 137 138 139 140 141 142 143 144 145 146 147 148 149 150 151 152 153 154 155
 156 157 158 159 160 161 162 163 164 165 166 167 168 169 170 171 172 173 174 175
 176 177 178 179 180 181 182 183 184 185 186 187 188 189 190 191 192 193 194 195
 196 197 198 199 200
 137 138 139 140 141 142 143 144 145 146 147 148 149 150 151 152 153 154 155 156
 157 158 159 160 161 162 163 164 165 166 167 168 169 170 171 172 173 174 175 176
 177 178 179 180 181 182 183 184 185 186 187 188 189 190 191 192 193 194 195 196
 197 198 199 200
  1  1  1  1  1  1  1  1  1  1  1  1  1  1  1  1  1  1  1  1  1  1  1  1  1  1  1  1  1  1
  2  2  0
  36 101 102 103 104 105 106 107 108 109 110 111 112 113 114 115 116 117 118 119
 120 121 122 123 124 125 126 127 128 129 130 131 132 133 134 135 136
 101 102 103 104 105 106 107 108 109 110 111 112 113 114 115 116 117 118 119 120
 121 122 123 124 125 126 127 128 129 130 131 132 133 134 135 136
  1  1  1  1  1  1  1  1  1  1  1  1  1  1  1  1  1  1  1  1  1  1  1  1  1  1  1  1  1  1
  0  0  0
  36  65  66  67  68  69  70  71  72  73  74  75  76  77  78  79  80  81  82  83
  84  85  86  87  88  89  90  91  92  93  94  95  96  97  98  99 100
  65  66  67  68  69  70  71  72  73  74  75  76  77  78  79  80  81  82  83  84
  85  86  87  88  89  90  91  92  93  94  95  96  97  98  99 100
  1  1  1  1  1  1  1  1  1  1  1  1  1  1  1  1  1  1  1  1  1  1  1  1  1  1  1  1  1  1
  0  0  0
  64   1   2   3   4   5   6   7   8   9  10  11  12  13  14  15  16  17  18  19
  20  21  22  23  24  25  26  27  28  29  30  31  32  33  34  35  36  37  38  39
  40  41  42  43  44  45  46  47  48  49  50  51  52  53  54  55  56  57  58  59
  60  61  62  63  64
   1   2   3   4   5   6   7   8   9  10  11  12  13  14  15  16  17  18  19  20
  21  22  23  24  25  26  27  28  29  30  31  32  33  34  35  36  37  38  39  40
  41  42  43  44  45  46  47  48  49  50  51  52  53  54  55  56  57  58  59  60
  61  62  63  64
  1  1  1  1  1  1  1  1  1  1  1  1  1  1  1  1  1  1  1  1  1  1  1  1  1  1  1  1  1  1
  0  0  0 -1
   1   1
120 
  1  0  1  0  1  0  1  0  1  1  1  1  1  0  1  0  1  0  1  0  1
  0  0  0
   1   2
156 
  1  0  1  0  1  0  1  0  1  1  1  1  1  0  1  0  1  0  1  0  1
  0  0  0
   1   3
111 
  1  0  1  0  1  0  1  0  1  1  1  1  1  0  1  0  1  0  1  0  1
  0  0  0
   1   4
67  
  1  0  1  0  1  0  1  0  1  1  1  1  1  0  1  0  1  0  1  0  1
  0  0  0
   1   5
181 
  1  0  1  0  1  0  1  0  1  1  1  1  1  0  1  0  1  0  1  0  1
  0  0  0
   1   6
17  
  1  0  1  0  1  0  1  0  1  1  1  1  1  0  1  0  1  0  1  0  1
  0  0  0
   1   7
103 
  1  0  1  0  1  0  1  0  1  1  1  1  1  0  1  0  1  0  1  0  1
  0  0  0
   1   8
227 
  1  0  1  0  1  0  1  0  1  1  1  1  1  0  1  0  1  0  1  0  1
  0  0  0
   1   9
81  
  1  0  1  0  1  0  1  0  1  1  1  1  1  0  1  0  1  0  1  0  1
  0  0  0
   1  10
180 
  1  0  1  0  1  0  1  0  1  1  1  1  1  0  1  0  1  0  1  0  1
  0  0  0
   1  11
112 
  1  0  1  0  1  0  1  0  1  1  1  1  1  0  1  0  1  0  1  0  1
  0  0  0
   1  12
208 
  1  0  1  0  1  0  1  0  1  1  1  1  1  0  1  0  1  0  1  0  1
  0  0  0
   1  13
124 
  1  0  1  0  1  0  1  0  1  1  1  1  1  0  1  0  1  0  1  0  1
  0  0  0
   1  14
191 
  1  0  1  0  1  0  1  0  1  1  1  1  1  0  1  0  1  0  1  0  1
  0  0  0
   1  15
246 
  1  0  1  0  1  0  1  0  1  1  1  1  1  0  1  0  1  0  1  0  1
  0  0  0
   1  16
9   
  1  0  1  0  1  0  1  0  1  1  1  1  1  0  1  0  1  0  1  0  1
  0  0  0
   1  17
246 
  1  0  1  0  1  0  1  0  1  1  1  1  1  0  1  0  1  0  1  0  1
  0  0  0
   1  18
159 
  1  0  1  0  1  0  1  0  1  1  1  1  1  0  1  0  1  0  1  0  1
  0  0  0
   1  19
104 
  1  0  1  0  1  0  1  0  1  1  1  1  1  0  1  0  1  0  1  0  1
  0  0  0
   1  20
218 
  1  0  1  0  1  0  1  0  1  1  1  1  1  0  1  0  1  0  1  0  1
  0  0  0
   1  21
68  
  1  0  1  0  1  0  1  0  1  1  1  1  1  0  1  0  1  0  1  0  1
  0  0  0
   1  22
250 
  1  0  1  0  1  0  1  0  1  1  1  1  1  0  1  0  1  0  1  0  1
  0  0  0
   1  23
225 
  1  0  1  0  1  0  1  0  1  1  1  1  1  0  1  0  1  0  1  0  1
  0  0  0
   1  24
4   
  1  0  1  0  1  0  1  0  1  1  1  1  1  0  1  0  1  0  1  0  1
  0  0  0
   1  25
245 
  1  0  1  0  1  0  1  0  1  1  1  1  1  0  1  0  1  0  1  0  1
  0  0  0
   1  26
139 
  1  0  1  0  1  0  1  0  1  1  1  1  1  0  1  0  1  0  1  0  1
  0  0  0
   1  27
114 
  1  0  1  0  1  0  1  0  1  1  1  1  1  0  1  0  1  0  1  0  1
  0  0  0
   1  28
103 
  1  0  1  0  1  0  1  0  1  1  1  1  1  0  1  0  1  0  1  0  1
  0  0  0
   1  29
21  
  1  0  1  0  1  0  1  0  1  1  1  1  1  0  1  0  1  0  1  0  1
  0  0  0
   1  30
76  
  1  0  1  0  1  0  1  0  1  1  1  1  1  0  1  0  1  0  1  0  1
  0  0  0
   1  31
223 
  1  0  1  0  1  0  1  0  1  1  1  1  1  0  1  0  1  0  1  0  1
  0  0  0
   1  32
76  
  1  0  1  0  1  0  1  0  1  1  1  1  1  0  1  0  1  0  1  0  1
  0  0  0
   1  33
181 
  1  0  1  0  1  0  1  0  1  1  1  1  1  0  1  0  1  0  1  0  1
  0  0  0
   1  34
177 
  1  0  1  0  1  0  1  0  1  1  1  1  1  0  1  0  1  0  1  0  1
  0  0  0
   1  35
154 
  1  0  1  0  1  0  1  0  1  1  1  1  1  0  1  0  1  0  1  0  1
  0  0  0
   1  36
20  
  1  0  1  0  1  0  1  0  1  1  1  1  1  0  1  0  1  0  1  0  1
  0  0  0
   1  37
76  
  1  0  1  0  1  0  1  0  1  1  1  1  1  0  1  0  1  0  1  0  1
  0  0  0
   1  38
33  
  1  0  1  0  1  0  1  0  1  1  1  1  1  0  1  0  1  0  1  0  1
  0  0  0
   1  39
245 
  1  0  1  0  1  0  1  0  1  1  1  1  1  0  1  0  1  0  1  0  1
  0  0  0
   1  40
228 
  1  0  1  0  1  0  1  0  1  1  1  1  1  0  1  0  1  0  1  0  1
  0  0  0
   1  41
174 
  1  0  1  0  1  0  1  0  1  1  1  1  1  0  1  0  1  0  1  0  1
  0  0  0
   1  42
213 
  1  0  1  0  1  0  1  0  1  1  1  1  1  0  1  0  1  0  1  0  1
  0  0  0
   1  43
111 
  1  0  1  0  1  0  1  0  1  1  1  1  1  0  1  0  1  0  1  0  1
  0  0  0
   1  44
15  
  1  0  1  0  1  0  1  0  1  1  1  1  1  0  1  0  1  0  1  0  1
  0  0  0
   1  45
83  
  1  0  1  0  1  0  1  0  1  1  1  1  1  0  1  0  1  0  1  0  1
  0  0  0
   1  46
5   
  1  0  1  0  1  0  1  0  1  1  1  1  1  0  1  0  1  0  1  0  1
  0  0  0
   1  47
13  
  1  0  1  0  1  0  1  0  1  1  1  1  1  0  1  0  1  0  1  0  1
  0  0  0
   1  48
7   
  1  0  1  0  1  0  1  0  1  1  1  1  1  0  1  0  1  0  1  0  1
  0  0  0
   1  49
14  
  1  0  1  0  1  0  1  0  1  1  1  1  1  0  1  0  1  0  1  0  1
  0  0  0
   1  50
82  
  1  0  1  0  1  0  1  0  1  1  1  1  1  0  1  0  1  0  1  0  1
  0  0  0
   1  51
209 
  1  0  1  0  1  0  1  0  1  1  1  1  1  0  1  0  1  0  1  0  1
  0  0  0
   1  52
142 
  1  0  1  0  1  0  1  0  1  1  1  1  1  0  1  0  1  0  1  0  1
  0  0  0
   1  53
203 
  1  0  1  0  1  0  1  0  1  1  1  1  1  0  1  0  1  0  1  0  1
  0  0  0
   1  54
86  
  1  0  1  0  1  0  1  0  1  1  1  1  1  0  1  0  1  0  1  0  1
  0  0  0
   1  55
218 
  1  0  1  0  1  0  1  0  1  1  1  1  1  0  1  0  1  0  1  0  1
  0  0  0
   1  56
160 
  1  0  1  0  1  0  1  0  1  1  1  1  1  0  1  0  1  0  1  0  1
  0  0  0
   1  57
35  
  1  0  1  0  1  0  1  0  1  1  1  1  1  0  1  0  1  0  1  0  1
  0  0  0
   1  58
221 
  1  0  1  0  1  0  1  0  1  1  1  1  1  0  1  0  1  0  1  0  1
  0  0  0
   1  59
66  
  1  0  1  0  1  0  1  0  1  1  1  1  1  0  1  0  1  0  1  0  1
  0  0  0
   1  65
17  
  1  0  1  0  1  0  1  0  1  1  1  1  1  0  1  0  1  0  1  0  1
  0  0  0
   1  66
74  
  1  0  1  0  1  0  1  0  1  1  1  1  1  0  1  0  1  0  1  0  1
  0  0  0
   1  67
111 
  1  0  1  0  1  0  1  0  1  1  1  1  1  0  1  0  1  0  1  0  1
  0  0  0
   1  68
139 
  1  0  1  0  1  0  1  0  1  1  1  1  1  0  1  0  1  0  1  0  1
  0  0  0
   1  69
234 
  1  0  1  0  1  0  1  0  1  1  1  1  1  0  1  0  1  0  1  0  1
  0  0  0
   1  70
88  
  1  0  1  0  1  0  1  0  1  1  1  1  1  0  1  0  1  0  1  0  1
  0  0  0
   1  71
124 
  1  0  1  0  1  0  1  0  1  1  1  1  1  0  1  0  1  0  1  0  1
  0  0  0
   1  72
153 
  1  0  1  0  1  0  1  0  1  1  1  1  1  0  1  0  1  0  1  0  1
  0  0  0
   1  73
21  
  1  0  1  0  1  0  1  0  1  1  1  1  1  0  1  0  1  0  1  0  1
  0  0  0
   1  74
228 
  1  0  1  0  1  0  1  0  1  1  1  1  1  0  1  0  1  0  1  0  1
  0  0  0
   1  75
155 
  1  0  1  0  1  0  1  0  1  1  1  1  1  0  1  0  1  0  1  0  1
  0  0  0
   1  76
1   
  1  0  1  0  1  0  1  0  1  1  1  1  1  0  1  0  1  0  1  0  1
  0  0  0
   1  77
141 
  1  0  1  0  1  0  1  0  1  1  1  1  1  0  1  0  1  0  1  0  1
  0  0  0
   1  78
178 
  1  0  1  0  1  0  1  0  1  1  1  1  1  0  1  0  1  0  1  0  1
  0  0  0
   1  79
202 
  1  0  1  0  1  0  1  0  1  1  1  1  1  0  1  0  1  0  1  0  1
  0  0  0
   1  80
89  
  1  0  1  0  1  0  1  0  1  1  1  1  1  0  1  0  1  0  1  0  1
  0  0  0
   1  81
170 
  1  0  1  0  1  0  1  0  1  1  1  1  1  0  1  0  1  0  1  0  1
  0  0  0
   1  82
186 
  1  0  1  0  1  0  1  0  1  1  1  1  1  0  1  0  1  0  1  0  1
  0  0  0
   1  83
173 
  1  0  1  0  1  0  1  0  1  1  1  1  1  0  1  0  1  0  1  0  1
  0  0  0
   1  84
77  
  1  0  1  0  1  0  1  0  1  1  1  1  1  0  1  0  1  0  1  0  1
  0  0  0
   1  85
141 
  1  0  1  0  1  0  1  0  1  1  1  1  1  0  1  0  1  0  1  0  1
  0  0  0
   1  86
244 
  1  0  1  0  1  0  1  0  1  1  1  1  1  0  1  0  1  0  1  0  1
  0  0  0
   1  87
216 
  1  0  1  0  1  0  1  0  1  1  1  1  1  0  1  0  1  0  1  0  1
  0  0  0
   1  88
105 
  1  0  1  0  1  0  1  0  1  1  1  1  1  0  1  0  1  0  1  0  1
  0  0  0
   1  89
237 
  1  0  1  0  1  0  1  0  1  1  1  1  1  0  1  0  1  0  1  0  1
  0  0  0
   1  90
102 
  1  0  1  0  1  0  1  0  1  1  1  1  1  0  1  0  1  0  1  0  1
  0  0  0
   1  91
17  
  1  0  1  0  1  0  1  0  1  1  1  1  1  0  1  0  1  0  1  0  1
  0  0  0
   1  92
4   
  1  0  1  0  1  0  1  0  1  1  1  1  1  0  1  0  1  0  1  0  1
  0  0  0
   1  93
73  
  1  0  1  0  1  0  1  0  1  1  1  1  1  0  1  0  1  0  1  0  1
  0  0  0
   1  94
255 
  1  0  1  0  1  0  1  0  1  1  1  1  1  0  1  0  1  0  1  0  1
  0  0  0
   1  95
253 
  1  0  1  0  1  0  1  0  1  1  1  1  1  0  1  0  1  0  1  0  1
  2  2  0
   1 101
255 
  1  0  1  0  1  0  1  0  1  1  1  1  1  0  1  0  1  0  1  0  1
  2  2  0
   1 102
236 
  1  0  1  0  1  0  1  0  1  1  1  1  1  0  1  0  1  0  1  0  1
  2  2  0
   1 103
205 
  1  0  1  0  1  0  1  0  1  1  1  1  1  0  1  0  1  0  1  0  1
  2  2  0
   1 104
27  
  1  0  1  0  1  0  1  0  1  1  1  1  1  0  1  0  1  0  1  0  1
  2  2  0
   1 105
122 
  1  0  1  0  1  0  1  0  1  1  1  1  1  0  1  0  1  0  1  0  1
  2  2  0
   1 106
107 
  1  0  1  0  1  0  1  0  1  1  1  1  1  0  1  0  1  0  1  0  1
  2  2  0
   1 107
225 
  1  0  1  0  1  0  1  0  1  1  1  1  1  0  1  0  1  0  1  0  1
  2  2  0
   1 108
14  
  1  0  1  0  1  0  1  0  1  1  1  1  1  0  1  0  1  0  1  0  1
  2  2  0
   1 109
249 
  1  0  1  0  1  0  1  0  1  1  1  1  1  0  1  0  1  0  1  0  1
  2  2  0
   1 110
178 
  1  0  1  0  1  0  1  0  1  1  1  1  1  0  1  0  1  0  1  0  1
  2  2  0
   1 111
250 
  1  0  1  0  1  0  1  0  1  1  1  1  1  0  1  0  1  0  1  0  1
  2  2  0
   1 112
209 
  1  0  1  0  1  0  1  0  1  1  1  1  1  0  1  0  1  0  1  0  1
  2  2  0
   1 113
144 
  1  0  1  0  1  0  1  0  1  1  1  1  1  0  1  0  1  0  1  0  1
  2  2  0
   1 114
155 
  1  0  1  0  1  0  1  0  1  1  1  1  1  0  1  0  1  0  1  0  1
  2  2  0
   1 115
180 
  1  0  1  0  1  0  1  0  1  1  1  1  1  0  1  0  1  0  1  0  1
  2  2  0
   1 116
239 
  1  0  1  0  1  0  1  0  1  1  1  1  1  0  1  0  1  0  1  0  1
  2  2  0
   1 117
27  
  1  0  1  0  1  0  1  0  1  1  1  1  1  0  1  0  1  0  1  0  1
  2  2  0
   1 118
68  
  1  0  1  0  1  0  1  0  1  1  1  1  1  0  1  0  1  0  1  0  1
  2  2  0
   1 119
120 
  1  0  1  0  1  0  1  0  1  1  1  1  1  0  1  0  1  0  1  0  1
  2  2  0
   1 120
218 
  1  0  1  0  1  0  1  0  1  1  1  1  1  0  1  0  1  0  1  0  1
  2  2  0
   1 121
189 
  1  0  1  0  1  0  1  0  1  1  1  1  1  0  1  0  1  0  1  0  1
  2  2  0
   1 122
141 
  1  0  1  0  1  0  1  0  1  1  1  1  1  0  1  0  1  0  1  0  1
  2  2  0
   1 123
147 
  1  0  1  0  1  0  1  0  1  1  1  1  1  0  1  0  1  0  1  0  1
  2  2  0
   1 124
18  
  1  0  1  0  1  0  1  0  1  1  1  1  1  0  1  0  1  0  1  0  1
  2  2  0
   1 125
163 
  1  0  1  0  1  0  1  0  1  1  1  1  1  0  1  0  1  0  1  0  1
  2  2  0
   1 126
88  
  1  0  1  0  1  0  1  0  1  1  1  1  1  0  1  0  1  0  1  0  1
  2  2  0
   1 127
28  
  1  0  1  0  1  0  1  0  1  1  1  1  1  0  1  0  1  0  1  0  1
  2  2  0
   1 128
190 
  1  0  1  0  1  0  1  0  1  1  1  1  1  0  1  0  1  0  1  0  1
  2  2  0
   1 129
1   
  1  0  1  0  1  0  1  0  1  1  1  1  1  0  1  0  1  0  1  0  1
  2  2  0
   1 130
4   
  1  0  1  0  1  0  1  0  1  1  1  1  1  0  1  0  1  0  1  0  1
  2  2  0
   1 131
146 
  1  0  1  0  1  0  1  0  1  1  1  1  1  0  1  0  1  0  1  0  1
  1  1  0
   1 137
118 
  1  0  1  0  1  0  1  0  1  1  1  1  1  0  1  0  1  0  1  0  1
  1  1  0
   1 138
68  
  1  0  1  0  1  0  1  0  1  1  1  1  1  0  1  0  1  0  1  0  1
  1  1  0
   1 139
4   
  1  0  1  0  1  0  1  0  1  1  1  1  1  0  1  0  1  0  1  0  1
  1  1  0
   1 140
15  
  1  0  1  0  1  0  1  0  1  1  1  1  1  0  1  0  1  0  1  0  1
  1  1  0
   1 141
148 
  1  0  1  0  1  0  1  0  1  1  1  1  1  0  1  0  1  0  1  0  1
  1  1  0
   1 142
18  
  1  0  1  0  1  0  1  0  1  1  1  1  1  0  1  0  1  0  1  0  1
  1  1  0
   1 143
255 
  1  0  1  0  1  0  1  0  1  1  1  1  1  0  1  0  1  0  1  0  1
  1  1  0
   1 144
203 
  1  0  1  0  1  0  1  0  1  1  1  1  1  0  1  0  1  0  1  0  1
  1  1  0
   1 145
18  
  1  0  1  0  1  0  1  0  1  1  1  1  1  0  1  0  1  0  1  0  1
  1  1  0
   1 146
5   
  1  0  1  0  1  0  1  0  1  1  1  1  1  0  1  0  1  0  1  0  1
  1  1  0
   1 147
225 
  1  0  1  0  1  0  1  0  1  1  1  1  1  0  1  0  1  0  1  0  1
  1  1  0
   1 148
253 
  1  0  1  0  1  0  1  0  1  1  1  1  1  0  1  0  1  0  1  0  1
  1  1  0
   1 149
156 
  1  0  1  0  1  0  1  0  1  1  1  1  1  0  1  0  1  0  1  0  1
  1  1  0
   1 150
137 
  1  0  1  0  1  0  1  0  1  1  1  1  1  0  1  0  1  0  1  0  1
  1  1  0
   1 151
113 
  1  0  1  0  1  0  1  0  1  1  1  1  1  0  1  0  1  0  1  0  1
  1  1  0
   1 152
42  
  1  0  1  0  1  0  1  0  1  1  1  1  1  0  1  0  1  0  1  0  1
  1  1  0
   1 153
33  
  1  0  1  0  1  0  1  0  1  1  1  1  1  0  1  0  1  0  1  0  1
  1  1  0
   1 154
219 
  1  0  1  0  1  0  1  0  1  1  1  1  1  0  1  0  1  0  1  0  1
  1  1  0
   1 155
154 
  1  0  1  0  1  0  1  0  1  1  1  1  1  0  1  0  1  0  1  0  1
  1  1  0
   1 156
110 
  1  0  1  0  1  0  1  0  1  1  1  1  1  0  1  0  1  0  1  0  1
  1  1  0
   1 157
186 
  1  0  1  0  1  0  1  0  1  1  1  1  1  0  1  0  1  0  1  0  1
  1  1  0
   1 158
175 
  1  0  1  0  1  0  1  0  1  1  1  1  1  0  1  0  1  0  1  0  1
  1  1  0
   1 159
86  
  1  0  1  0  1  0  1  0  1  1  1  1  1  0  1  0  1  0  1  0  1
  1  1  0
   1 160
174 
  1  0  1  0  1  0  1  0  1  1  1  1  1  0  1  0  1  0  1  0  1
  1  1  0
   1 161
15  
  1  0  1  0  1  0  1  0  1  1  1  1  1  0  1  0  1  0  1  0  1
  1  1  0
   1 162
220 
  1  0  1  0  1  0  1  0  1  1  1  1  1  0  1  0  1  0  1  0  1
  1  1  0
   1 163
237 
  1  0  1  0  1  0  1  0  1  1  1  1  1  0  1  0  1  0  1  0  1
  1  1  0
   1 164
211 
  1  0  1  0  1  0  1  0  1  1  1  1  1  0  1  0  1  0  1  0  1
  1  1  0
   1 165
15  
  1  0  1  0  1  0  1  0  1  1  1  1  1  0  1  0  1  0  1  0  1
  1  1  0
   1 166
27  
  1  0  1  0  1  0  1  0  1  1  1  1  1  0  1  0  1  0  1  0  1
  1  1  0
   1 167
161 
  1  0  1  0  1  0  1  0  1  1  1  1  1  0  1  0  1  0  1  0  1
  1  1  0
   1 168
216 
  1  0  1  0  1  0  1  0  1  1  1  1  1  0  1  0  1  0  1  0  1
  1  1  0
   1 169
210 
  1  0  1  0  1  0  1  0  1  1  1  1  1  0  1  0  1  0  1  0  1
  1  1  0
   1 170
237 
  1  0  1  0  1  0  1  0  1  1  1  1  1  0  1  0  1  0  1  0  1
  1  1  0
   1 171
169 
  1  0  1  0  1  0  1  0  1  1  1  1  1  0  1  0  1  0  1  0  1
  1  1  0
   1 172
7   
  1  0  1  0  1  0  1  0  1  1  1  1  1  0  1  0  1  0  1  0  1
  1  1  0
   1 173
247 
  1  0  1  0  1  0  1  0  1  1  1  1  1  0  1  0  1  0  1  0  1
  1  1  0
   1 174
73  
  1  0  1  0  1  0  1  0  1  1  1  1  1  0  1  0  1  0  1  0  1
  1  1  0
   1 175
76  
  1  0  1  0  1  0  1  0  1  1  1  1  1  0  1  0  1  0  1  0  1
  1  1  0
   1 176
217 
  1  0  1  0  1  0  1  0  1  1  1  1  1  0  1  0  1  0  1  0  1
  1  1  0
   1 177
81  
  1  0  1  0  1  0  1  0  1  1  1  1  1  0  1  0  1  0  1  0  1
  1  1  0
   1 178
210 
  1  0  1  0  1  0  1  0  1  1  1  1  1  0  1  0  1  0  1  0  1
  1  1  0
   1 179
190 
  1  0  1  0  1  0  1  0  1  1  1  1  1  0  1  0  1  0  1  0  1
  1  1  0
   1 180
246 
  1  0  1  0  1  0  1  0  1  1  1  1  1  0  1  0  1  0  1  0  1
  1  1  0
   1 181
27  
  1  0  1  0  1  0  1  0  1  1  1  1  1  0  1  0  1  0  1  0  1
  1  1  0
   1 182
186 
  1  0  1  0  1  0  1  0  1  1  1  1  1  0  1  0  1  0  1  0  1
  1  1  0
   1 183
172 
  1  0  1  0  1  0  1  0  1  1  1  1  1  0  1  0  1  0  1  0  1
  1  1  0
   1 184
103 
  1  0  1  0  1  0  1  0  1  1  1  1  1  0  1  0  1  0  1  0  1
  1  1  0
   1 185
10  
  1  0  1  0  1  0  1  0  1  1  1  1  1  0  1  0  1  0  1  0  1
  1  1  0
   1 186
225 
  1  0  1  0  1  0  1  0  1  1  1  1  1  0  1  0  1  0  1  0  1
  1  1  0
   1 187
243 
  1  0  1  0  1  0  1  0  1  1  1  1  1  0  1  0  1  0  1  0  1
  1  1  0
   1 188
180 
  1  0  1  0  1  0  1  0  1  1  1  1  1  0  1  0  1  0  1  0  1
  1  1  0
   1 189
116 
  1  0  1  0  1  0  1  0  1  1  1  1  1  0  1  0  1  0  1  0  1
  1  1  0
   1 190
160 
  1  0  1  0  1  0  1  0  1  1  1  1  1  0  1  0  1  0  1  0  1
  1  1  0
   1 191
123 
  1  0  1  0  1  0  1  0  1  1  1  1  1  0  1  0  1  0  1  0  1
  1  1  0
   1 192
75  
  1  0  1  0  1  0  1  0  1  1  1  1  1  0  1  0  1  0  1  0  1
  1  1  0
   1 193
68  
  1  0  1  0  1  0  1  0  1  1  1  1  1  0  1  0  1  0  1  0  1
  1  1  0
   1 194
190 
  1  0  1  0  1  0  1  0  1  1  1  1  1  0  1  0  1  0  1  0  1
  1  1  0
   1 195
236 
  1  0  1  0  1  0  1  0  1  1  1  1  1  0  1  0  1  0  1  0  1
  1  1  0
   1 201
7   
  1  0  1  0  1  0  1  0  1  1  1  1  1  0  1  0  1  0  1  0  1
  1  1  0
   1 202
104 
  1  0  1  0  1  0  1  0  1  1  1  1  1  0  1  0  1  0  1  0  1
  1  1  0
   1 203
109 
  1  0  1  0  1  0  1  0  1  1  1  1  1  0  1  0  1  0  1  0  1
  1  1  0
   1 204
147 
  1  0  1  0  1  0  1  0  1  1  1  1  1  0  1  0  1  0  1  0  1
  1  1  0
   1 205
10  
  1  0  1  0  1  0  1  0  1  1  1  1  1  0  1  0  1  0  1  0  1
  1  1  0
   1 206
209 
  1  0  1  0  1  0  1  0  1  1  1  1  1  0  1  0  1  0  1  0  1
  1  1  0
   1 207
249 
  1  0  1  0  1  0  1  0  1  1  1  1  1  0  1  0  1  0  1  0  1
  1  1  0
   1 208
116 
  1  0  1  0  1  0  1  0  1  1  1  1  1  0  1  0  1  0  1  0  1
  1  1  0
   1 209
67  
  1  0  1  0  1  0  1  0  1  1  1  1  1  0  1  0  1  0  1  0  1
  1  1  0
   1 210
146 
  1  0  1  0  1  0  1  0  1  1  1  1  1  0  1  0  1  0  1  0  1
  1  1  0
   1 211
4   
  1  0  1  0  1  0  1  0  1  1  1  1  1  0  1  0  1  0  1  0  1
  1  1  0
   1 212
237 
  1  0  1  0  1  0  1  0  1  1  1  1  1  0  1  0  1  0  1  0  1
  1  1  0
   1 213
250 
  1  0  1  0  1  0  1  0  1  1  1  1  1  0  1  0  1  0  1  0  1
  1  1  0
   1 214
1   
  1  0  1  0  1  0  1  0  1  1  1  1  1  0  1  0  1  0  1  0  1
  1  1  0
   1 215
224 
  1  0  1  0  1  0  1  0  1  1  1  1  1  0  1  0  1  0  1  0  1
  1  1  0
   1 216
145 
  1  0  1  0  1  0  1  0  1  1  1  1  1  0  1  0  1  0  1  0  1
  1  1  0
   1 217
74  
  1  0  1  0  1  0  1  0  1  1  1  1  1  0  1  0  1  0  1  0  1
  1  1  0
   1 218
254 
  1  0  1  0  1  0  1  0  1  1  1  1  1  0  1  0  1  0  1  0  1
  1  1  0
   1 219
243 
  1  0  1  0  1  0  1  0  1  1  1  1  1  0  1  0  1  0  1  0  1
  1  1  0
   1 220
17  
  1  0  1  0  1  0  1  0  1  1  1  1  1  0  1  0  1  0  1  0  1
  1  1  0
   1 221
74  
  1  0  1  0  1  0  1  0  1  1  1  1  1  0  1  0  1  0  1  0  1
  1  1  0
   1 222
6   
  1  0  1  0  1  0  1  0  1  1  1  1  1  0  1  0  1  0  1  0  1
  1  1  0
   1 223
74  
  1  0  1  0  1  0  1  0  1  1  1  1  1  0  1  0  1  0  1  0  1
  1  1  0
   1 224
201 
  1  0  1  0  1  0  1  0  1  1  1  1  1  0  1  0  1  0  1  0  1
  1  1  0
   1 225
25  
  1  0  1  0  1  0  1  0  1  1  1  1  1  0  1  0  1  0  1  0  1
  1  1  0
   1 226
215 
  1  0  1  0  1  0  1  0  1  1  1  1  1  0  1  0  1  0  1  0  1
  1  1  0
   1 227
74  
  1  0  1  0  1  0  1  0  1  1  1  1  1  0  1  0  1  0  1  0  1
  1  1  0
   1 228
172 
  1  0  1  0  1  0  1  0  1  1  1  1  1  0  1  0  1  0  1  0  1
  1  1  0
   1 229
11  
  1  0  1  0  1  0  1  0  1  1  1  1  1  0  1  0  1  0  1  0  1
  1  1  0
   1 230
119 
  1  0  1  0  1  0  1  0  1  1  1  1  1  0  1  0  1  0  1  0  1
  1  1  0
   1 231
250 
  1  0  1  0  1  0  1  0  1  1  1  1  1  0  1  0  1  0  1  0  1
  1  1  0
   1 232
106 
  1  0  1  0  1  0  1  0  1  1  1  1  1  0  1  0  1  0  1  0  1
  1  1  0
   1 233
145 
  1  0  1  0  1  0  1  0  1  1  1  1  1  0  1  0  1  0  1  0  1
  1  1  0
   1 234
234 
  1  0  1  0  1  0  1  0  1  1  1  1  1  0  1  0  1  0  1  0  1
  1  1  0
   1 235
123 
  1  0  1  0  1  0  1  0  1  1  1  1  1  0  1  0  1  0  1  0  1
  1  1  0
   1 236
210 
  1  0  1  0  1  0  1  0  1  1  1  1  1  0  1  0  1  0  1  0  1
  1  1  0
   1 237
21  
  1  0  1  0  1  0  1  0  1  1  1  1  1  0  1  0  1  0  1  0  1
  1  1  0
   1 238
10  
  1  0  1  0  1  0  1  0  1  1  1  1  1  0  1  0  1  0  1  0  1
  1  1  0
   1 239
50  
  1  0  1  0  1  0  1  0  1  1  1  1  1  0  1  0  1  0  1  0  1
  1  1  0
   1 240
143 
  1  0  1  0  1  0  1  0  1  1  1  1  1  0  1  0  1  0  1  0  1
  1  1  0
   1 241
14  
  1  0  1  0  1  0  1  0  1  1  1  1  1  0  1  0  1  0  1  0  1
  1  1  0
   1 242
253 
  1  0  1  0  1  0  1  0  1  1  1  1  1  0  1  0  1  0  1  0  1
  1  1  0
   1 243
254 
  1  0  1  0  1  0  1  0  1  1  1  1  1  0  1  0  1  0  1  0  1
  1  1  0
   1 244
170 
  1  0  1  0  1  0  1  0  1  1  1  1  1  0  1  0  1  0  1  0  1
  1  1  0
   1 245
253 
  1  0  1  0  1  0  1  0  1  1  1  1  1  0  1  0  1  0  1  0  1
  1  1  0
   1 246
11  
  1  0  1  0  1  0  1  0  1  1  1  1  1  0  1  0  1  0  1  0  1
  1  1  0
   1 247
156 
  1  0  1  0  1  0  1  0  1  1  1  1  1  0  1  0  1  0  1  0  1
  1  1  0
   1 248
242 
  1  0  1  0  1  0  1  0  1  1  1  1  1  0  1  0  1  0  1  0  1
  1  1  0
   1 249
178 
  1  0  1  0  1  0  1  0  1  1  1  1  1  0  1  0  1  0  1  0  1
  1  1  0
   1 250
203 
  1  0  1  0  1  0  1  0  1  1  1  1  1  0  1  0  1  0  1  0  1
  1  1  0
   1 251
119 
  1  0  1  0  1  0  1  0  1  1  1  1  1  0  1  0  1  0  1  0  1
  1  1  0
   1 252
150 
  1  0  1  0  1  0  1  0  1  1  1  1  1  0  1  0  1  0  1  0  1
  1  1  0
   1 253
185 
  1  0  1  0  1  0  1  0  1  1  1  1  1  0  1  0  1  0  1  0  1
  1  1  0
   1 254
205 
  1  0  1  0  1  0  1  0  1  1  1  1  1  0  1  0  1  0  1  0  1
  1  1  0
   1 255
203 
  1  0  1  0  1  0  1  0  1  1  1  1  1  0  1  0  1  0  1  0  1
  1  1  0
   1 256
164 
  1  0  1  0  1  0  1  0  1  1  1  1  1  0  1  0  1  0  1  0  1
  1  1  0
   1 257
141 
  1  0  1  0  1  0  1  0  1  1  1  1  1  0  1  0  1  0  1  0  1
  1  1  0
   1 258
124 
  1  0  1  0  1  0  1  0  1  1  1  1  1  0  1  0  1  0  1  0  1
  1  1  0
   1 259
25  
  1  0  1  0  1  0  1  0  1  1  1  1  1  0  1  0  1  0  1  0  1
