 10  8  9  3 00  0  0  0
nn_pot
  8
  8 30
                                                30.681599   30.681599   
                                                30.681599   9.822571    
                                                30.681599   3.340466    
                                                30.681599   1.114454    
                                                30.681599   0.413688    
                                                30.681599   0.192304    
                                                30.681599   0.069265    
                                                30.681599   0.013603    
   31.622777   19.638280   12.195705    7.573739    4.703420    2.920904
    1.813931    1.126482    0.699564    0.434441    0.269795    0.167547
    0.104050    0.064617    0.040128    0.024920    0.015476    0.009611
    0.005968    0.003707    0.002302    0.001429    0.000888    0.000551
    0.000342    0.000213    0.000132    0.000082    0.000051    0.000032
  1  1
          1.

  1  1
                      1.

  1  1
                                  1.

  1  1
                                              1.

  1  1
                                                          1.

  1  1
                                                                      1.

  1  1

          1.
  1  1

                      1.
  8
  8 30
                                                9.822571    30.681599   
                                                9.822571    9.822571    
                                                9.822571    3.340466    
                                                9.822571    1.114454    
                                                9.822571    0.413688    
                                                9.822571    0.192304    
                                                9.822571    0.069265    
                                                9.822571    0.013603    
   31.622777   19.638280   12.195705    7.573739    4.703420    2.920904
    1.813931    1.126482    0.699564    0.434441    0.269795    0.167547
    0.104050    0.064617    0.040128    0.024920    0.015476    0.009611
    0.005968    0.003707    0.002302    0.001429    0.000888    0.000551
    0.000342    0.000213    0.000132    0.000082    0.000051    0.000032
  1  1
          1.

  1  1
                      1.

  1  1
                                  1.

  1  1
                                              1.

  1  1
                                                          1.

  1  1
                                                                      1.

  1  1

          1.
  1  1

                      1.
  8
  8 30
                                                3.340466    30.681599   
                                                3.340466    9.822571    
                                                3.340466    3.340466    
                                                3.340466    1.114454    
                                                3.340466    0.413688    
                                                3.340466    0.192304    
                                                3.340466    0.069265    
                                                3.340466    0.013603    
   31.622777   19.638280   12.195705    7.573739    4.703420    2.920904
    1.813931    1.126482    0.699564    0.434441    0.269795    0.167547
    0.104050    0.064617    0.040128    0.024920    0.015476    0.009611
    0.005968    0.003707    0.002302    0.001429    0.000888    0.000551
    0.000342    0.000213    0.000132    0.000082    0.000051    0.000032
  1  1
          1.

  1  1
                      1.

  1  1
                                  1.

  1  1
                                              1.

  1  1
                                                          1.

  1  1
                                                                      1.

  1  1

          1.
  1  1

                      1.
  8
  8 30
                                                1.114454    30.681599   
                                                1.114454    9.822571    
                                                1.114454    3.340466    
                                                1.114454    1.114454    
                                                1.114454    0.413688    
                                                1.114454    0.192304    
                                                1.114454    0.069265    
                                                1.114454    0.013603    
   31.622777   19.638280   12.195705    7.573739    4.703420    2.920904
    1.813931    1.126482    0.699564    0.434441    0.269795    0.167547
    0.104050    0.064617    0.040128    0.024920    0.015476    0.009611
    0.005968    0.003707    0.002302    0.001429    0.000888    0.000551
    0.000342    0.000213    0.000132    0.000082    0.000051    0.000032
  1  1
          1.

  1  1
                      1.

  1  1
                                  1.

  1  1
                                              1.

  1  1
                                                          1.

  1  1
                                                                      1.

  1  1

          1.
  1  1

                      1.
  8
  8 30
                                                0.413688    30.681599   
                                                0.413688    9.822571    
                                                0.413688    3.340466    
                                                0.413688    1.114454    
                                                0.413688    0.413688    
                                                0.413688    0.192304    
                                                0.413688    0.069265    
                                                0.413688    0.013603    
   31.622777   19.638280   12.195705    7.573739    4.703420    2.920904
    1.813931    1.126482    0.699564    0.434441    0.269795    0.167547
    0.104050    0.064617    0.040128    0.024920    0.015476    0.009611
    0.005968    0.003707    0.002302    0.001429    0.000888    0.000551
    0.000342    0.000213    0.000132    0.000082    0.000051    0.000032
  1  1
          1.

  1  1
                      1.

  1  1
                                  1.

  1  1
                                              1.

  1  1
                                                          1.

  1  1
                                                                      1.

  1  1

          1.
  1  1

                      1.
  8
  8 30
                                                0.192304    30.681599   
                                                0.192304    9.822571    
                                                0.192304    3.340466    
                                                0.192304    1.114454    
                                                0.192304    0.413688    
                                                0.192304    0.192304    
                                                0.192304    0.069265    
                                                0.192304    0.013603    
   31.622777   19.638280   12.195705    7.573739    4.703420    2.920904
    1.813931    1.126482    0.699564    0.434441    0.269795    0.167547
    0.104050    0.064617    0.040128    0.024920    0.015476    0.009611
    0.005968    0.003707    0.002302    0.001429    0.000888    0.000551
    0.000342    0.000213    0.000132    0.000082    0.000051    0.000032
  1  1
          1.

  1  1
                      1.

  1  1
                                  1.

  1  1
                                              1.

  1  1
                                                          1.

  1  1
                                                                      1.

  1  1

          1.
  1  1

                      1.
  8
  8 30
                                                0.069265    30.681599   
                                                0.069265    9.822571    
                                                0.069265    3.340466    
                                                0.069265    1.114454    
                                                0.069265    0.413688    
                                                0.069265    0.192304    
                                                0.069265    0.069265    
                                                0.069265    0.013603    
   31.622777   19.638280   12.195705    7.573739    4.703420    2.920904
    1.813931    1.126482    0.699564    0.434441    0.269795    0.167547
    0.104050    0.064617    0.040128    0.024920    0.015476    0.009611
    0.005968    0.003707    0.002302    0.001429    0.000888    0.000551
    0.000342    0.000213    0.000132    0.000082    0.000051    0.000032
  1  1
          1.

  1  1
                      1.

  1  1
                                  1.

  1  1
                                              1.

  1  1
                                                          1.

  1  1
                                                                      1.

  1  1

          1.
  1  1

                      1.
  8
  8 30
                                                0.013603    30.681599   
                                                0.013603    9.822571    
                                                0.013603    3.340466    
                                                0.013603    1.114454    
                                                0.013603    0.413688    
                                                0.013603    0.192304    
                                                0.013603    0.069265    
                                                0.013603    0.013603    
   31.622777   19.638280   12.195705    7.573739    4.703420    2.920904
    1.813931    1.126482    0.699564    0.434441    0.269795    0.167547
    0.104050    0.064617    0.040128    0.024920    0.015476    0.009611
    0.005968    0.003707    0.002302    0.001429    0.000888    0.000551
    0.000342    0.000213    0.000132    0.000082    0.000051    0.000032
  1  1
          1.

  1  1
                      1.

  1  1
                                  1.

  1  1
                                              1.

  1  1
                                                          1.

  1  1
                                                                      1.

  1  1

          1.
  1  1

                      1.
  8
  8 30
                                                30.681599   30.681599   
                                                30.681599   9.822571    
                                                30.681599   3.340466    
                                                30.681599   1.114454    
                                                30.681599   0.413688    
                                                30.681599   0.192304    
                                                30.681599   0.069265    
                                                30.681599   0.013603    
   31.622777   19.638280   12.195705    7.573739    4.703420    2.920904
    1.813931    1.126482    0.699564    0.434441    0.269795    0.167547
    0.104050    0.064617    0.040128    0.024920    0.015476    0.009611
    0.005968    0.003707    0.002302    0.001429    0.000888    0.000551
    0.000342    0.000213    0.000132    0.000082    0.000051    0.000032
  1  1
          1.

  1  1
                      1.

  1  1
                                  1.

  1  1
                                              1.

  1  1
                                                          1.

  1  1
                                                                      1.

  1  1

          1.
  1  1

                      1.
  8
  8 30
                                                9.822571    9.822571    
                                                9.822571    3.340466    
                                                9.822571    1.114454    
                                                9.822571    0.413688    
                                                9.822571    0.192304    
                                                9.822571    0.069265    
                                                9.822571    0.013603    
                                                3.340466    3.340466    
   31.622777   19.638280   12.195705    7.573739    4.703420    2.920904
    1.813931    1.126482    0.699564    0.434441    0.269795    0.167547
    0.104050    0.064617    0.040128    0.024920    0.015476    0.009611
    0.005968    0.003707    0.002302    0.001429    0.000888    0.000551
    0.000342    0.000213    0.000132    0.000082    0.000051    0.000032
  1  1
          1.

  1  1
                      1.

  1  1
                                  1.

  1  1
                                              1.

  1  1
                                                          1.

  1  1
                                                                      1.

  1  1

          1.
  1  1

                      1.
  8
  8 30
                                                3.340466    1.114454    
                                                3.340466    0.413688    
                                                3.340466    0.192304    
                                                3.340466    0.069265    
                                                3.340466    0.013603    
                                                1.114454    1.114454    
                                                1.114454    0.413688    
                                                1.114454    0.192304    
   31.622777   19.638280   12.195705    7.573739    4.703420    2.920904
    1.813931    1.126482    0.699564    0.434441    0.269795    0.167547
    0.104050    0.064617    0.040128    0.024920    0.015476    0.009611
    0.005968    0.003707    0.002302    0.001429    0.000888    0.000551
    0.000342    0.000213    0.000132    0.000082    0.000051    0.000032
  1  1
          1.

  1  1
                      1.

  1  1
                                  1.

  1  1
                                              1.

  1  1
                                                          1.

  1  1
                                                                      1.

  1  1

          1.
  1  1

                      1.
  8
  8 30
                                                1.114454    0.069265    
                                                1.114454    0.013603    
                                                0.413688    0.413688    
                                                0.413688    0.192304    
                                                0.413688    0.069265    
                                                0.413688    0.013603    
                                                0.192304    0.192304    
                                                0.192304    0.069265    
   31.622777   19.638280   12.195705    7.573739    4.703420    2.920904
    1.813931    1.126482    0.699564    0.434441    0.269795    0.167547
    0.104050    0.064617    0.040128    0.024920    0.015476    0.009611
    0.005968    0.003707    0.002302    0.001429    0.000888    0.000551
    0.000342    0.000213    0.000132    0.000082    0.000051    0.000032
  1  1
          1.

  1  1
                      1.

  1  1
                                  1.

  1  1
                                              1.

  1  1
                                                          1.

  1  1
                                                                      1.

  1  1

          1.
  1  1

                      1.
  4
  4 30
                                                0.192304    0.013603    
                                                0.069265    0.069265    
                                                0.069265    0.013603    
                                                0.013603    0.013603    
   31.622777   19.638280   12.195705    7.573739    4.703420    2.920904
    1.813931    1.126482    0.699564    0.434441    0.269795    0.167547
    0.104050    0.064617    0.040128    0.024920    0.015476    0.009611
    0.005968    0.003707    0.002302    0.001429    0.000888    0.000551
    0.000342    0.000213    0.000132    0.000082    0.000051    0.000032
  1  1
          1.
  1  1
                      1.
  1  1
                                  1.
  1  1
                                              1.
  8
  8 30
                                                30.681599   30.681599   
                                                30.681599   9.822571    
                                                30.681599   3.340466    
                                                30.681599   1.114454    
                                                30.681599   0.413688    
                                                30.681599   0.192304    
                                                30.681599   0.069265    
                                                30.681599   0.013603    
   31.622777   19.638280   12.195705    7.573739    4.703420    2.920904
    1.813931    1.126482    0.699564    0.434441    0.269795    0.167547
    0.104050    0.064617    0.040128    0.024920    0.015476    0.009611
    0.005968    0.003707    0.002302    0.001429    0.000888    0.000551
    0.000342    0.000213    0.000132    0.000082    0.000051    0.000032
  1  1
          1.

  1  1
                      1.

  1  1
                                  1.

  1  1
                                              1.

  1  1
                                                          1.

  1  1
                                                                      1.

  1  1

          1.
  1  1

                      1.
  8
  8 30
                                                9.822571    9.822571    
                                                9.822571    3.340466    
                                                9.822571    1.114454    
                                                9.822571    0.413688    
                                                9.822571    0.192304    
                                                9.822571    0.069265    
                                                9.822571    0.013603    
                                                3.340466    3.340466    
   31.622777   19.638280   12.195705    7.573739    4.703420    2.920904
    1.813931    1.126482    0.699564    0.434441    0.269795    0.167547
    0.104050    0.064617    0.040128    0.024920    0.015476    0.009611
    0.005968    0.003707    0.002302    0.001429    0.000888    0.000551
    0.000342    0.000213    0.000132    0.000082    0.000051    0.000032
  1  1
          1.

  1  1
                      1.

  1  1
                                  1.

  1  1
                                              1.

  1  1
                                                          1.

  1  1
                                                                      1.

  1  1

          1.
  1  1

                      1.
  8
  8 30
                                                3.340466    1.114454    
                                                3.340466    0.413688    
                                                3.340466    0.192304    
                                                3.340466    0.069265    
                                                3.340466    0.013603    
                                                1.114454    1.114454    
                                                1.114454    0.413688    
                                                1.114454    0.192304    
   31.622777   19.638280   12.195705    7.573739    4.703420    2.920904
    1.813931    1.126482    0.699564    0.434441    0.269795    0.167547
    0.104050    0.064617    0.040128    0.024920    0.015476    0.009611
    0.005968    0.003707    0.002302    0.001429    0.000888    0.000551
    0.000342    0.000213    0.000132    0.000082    0.000051    0.000032
  1  1
          1.

  1  1
                      1.

  1  1
                                  1.

  1  1
                                              1.

  1  1
                                                          1.

  1  1
                                                                      1.

  1  1

          1.
  1  1

                      1.
  8
  8 30
                                                1.114454    0.069265    
                                                1.114454    0.013603    
                                                0.413688    0.413688    
                                                0.413688    0.192304    
                                                0.413688    0.069265    
                                                0.413688    0.013603    
                                                0.192304    0.192304    
                                                0.192304    0.069265    
   31.622777   19.638280   12.195705    7.573739    4.703420    2.920904
    1.813931    1.126482    0.699564    0.434441    0.269795    0.167547
    0.104050    0.064617    0.040128    0.024920    0.015476    0.009611
    0.005968    0.003707    0.002302    0.001429    0.000888    0.000551
    0.000342    0.000213    0.000132    0.000082    0.000051    0.000032
  1  1
          1.

  1  1
                      1.

  1  1
                                  1.

  1  1
                                              1.

  1  1
                                                          1.

  1  1
                                                                      1.

  1  1

          1.
  1  1

                      1.
  4
  4 30
                                                0.192304    0.013603    
                                                0.069265    0.069265    
                                                0.069265    0.013603    
                                                0.013603    0.013603    
   31.622777   19.638280   12.195705    7.573739    4.703420    2.920904
    1.813931    1.126482    0.699564    0.434441    0.269795    0.167547
    0.104050    0.064617    0.040128    0.024920    0.015476    0.009611
    0.005968    0.003707    0.002302    0.001429    0.000888    0.000551
    0.000342    0.000213    0.000132    0.000082    0.000051    0.000032
  1  1
          1.
  1  1
                      1.
  1  1
                                  1.
  1  1
                                              1.
  8
  8 30
                                                54.871212   7.709987    
                                                54.871212   2.339985    
                                                54.871212   0.496808    
                                                54.871212   0.104416    
                                                30.901272   7.709987    
                                                30.901272   2.339985    
                                                30.901272   0.496808    
                                                30.901272   0.104416    
   31.622777   19.638280   12.195705    7.573739    4.703420    2.920904
    1.813931    1.126482    0.699564    0.434441    0.269795    0.167547
    0.104050    0.064617    0.040128    0.024920    0.015476    0.009611
    0.005968    0.003707    0.002302    0.001429    0.000888    0.000551
    0.000342    0.000213    0.000132    0.000082    0.000051    0.000032
  1  1
          1.

  1  1
                      1.

  1  1
                                  1.

  1  1
                                              1.

  1  1
                                                          1.

  1  1
                                                                      1.

  1  1

          1.
  1  1

                      1.
  8
  8 30
                                                10.349883   7.709987    
                                                10.349883   2.339985    
                                                10.349883   0.496808    
                                                10.349883   0.104416    
                                                8.489220    7.709987    
                                                8.489220    2.339985    
                                                8.489220    0.496808    
                                                8.489220    0.104416    
   31.622777   19.638280   12.195705    7.573739    4.703420    2.920904
    1.813931    1.126482    0.699564    0.434441    0.269795    0.167547
    0.104050    0.064617    0.040128    0.024920    0.015476    0.009611
    0.005968    0.003707    0.002302    0.001429    0.000888    0.000551
    0.000342    0.000213    0.000132    0.000082    0.000051    0.000032
  1  1
          1.

  1  1
                      1.

  1  1
                                  1.

  1  1
                                              1.

  1  1
                                                          1.

  1  1
                                                                      1.

  1  1

          1.
  1  1

                      1.
  8
  8 30
                                                3.874662    7.709987    
                                                3.874662    2.339985    
                                                3.874662    0.496808    
                                                3.874662    0.104416    
                                                1.963977    7.709987    
                                                1.963977    2.339985    
                                                1.963977    0.496808    
                                                1.963977    0.104416    
   31.622777   19.638280   12.195705    7.573739    4.703420    2.920904
    1.813931    1.126482    0.699564    0.434441    0.269795    0.167547
    0.104050    0.064617    0.040128    0.024920    0.015476    0.009611
    0.005968    0.003707    0.002302    0.001429    0.000888    0.000551
    0.000342    0.000213    0.000132    0.000082    0.000051    0.000032
  1  1
          1.

  1  1
                      1.

  1  1
                                  1.

  1  1
                                              1.

  1  1
                                                          1.

  1  1
                                                                      1.

  1  1

          1.
  1  1

                      1.
  8
  8 30
                                                1.958573    7.709987    
                                                1.958573    2.339985    
                                                1.958573    0.496808    
                                                1.958573    0.104416    
                                                0.400543    7.709987    
                                                0.400543    2.339985    
                                                0.400543    0.496808    
                                                0.400543    0.104416    
   31.622777   19.638280   12.195705    7.573739    4.703420    2.920904
    1.813931    1.126482    0.699564    0.434441    0.269795    0.167547
    0.104050    0.064617    0.040128    0.024920    0.015476    0.009611
    0.005968    0.003707    0.002302    0.001429    0.000888    0.000551
    0.000342    0.000213    0.000132    0.000082    0.000051    0.000032
  1  1
          1.

  1  1
                      1.

  1  1
                                  1.

  1  1
                                              1.

  1  1
                                                          1.

  1  1
                                                                      1.

  1  1

          1.
  1  1

                      1.
  8
  8 30
                                                29.874723   9.312430    
                                                29.874723   1.327086    
                                                29.874723   0.307397    
                                                29.874723   0.078323    
                                                10.692310   9.312430    
                                                10.692310   1.327086    
                                                10.692310   0.307397    
                                                10.692310   0.078323    
   31.622777   19.638280   12.195705    7.573739    4.703420    2.920904
    1.813931    1.126482    0.699564    0.434441    0.269795    0.167547
    0.104050    0.064617    0.040128    0.024920    0.015476    0.009611
    0.005968    0.003707    0.002302    0.001429    0.000888    0.000551
    0.000342    0.000213    0.000132    0.000082    0.000051    0.000032
  1  1
          1.

  1  1
                      1.

  1  1
                                  1.

  1  1
                                              1.

  1  1
                                                          1.

  1  1
                                                                      1.

  1  1

          1.
  1  1

                      1.
  8
  8 30
                                                9.885478    9.312430    
                                                9.885478    1.327086    
                                                9.885478    0.307397    
                                                9.885478    0.078323    
                                                4.367152    9.312430    
                                                4.367152    1.327086    
                                                4.367152    0.307397    
                                                4.367152    0.078323    
   31.622777   19.638280   12.195705    7.573739    4.703420    2.920904
    1.813931    1.126482    0.699564    0.434441    0.269795    0.167547
    0.104050    0.064617    0.040128    0.024920    0.015476    0.009611
    0.005968    0.003707    0.002302    0.001429    0.000888    0.000551
    0.000342    0.000213    0.000132    0.000082    0.000051    0.000032
  1  1
          1.

  1  1
                      1.

  1  1
                                  1.

  1  1
                                              1.

  1  1
                                                          1.

  1  1
                                                                      1.

  1  1

          1.
  1  1

                      1.
  8
  8 30
                                                1.742183    9.312430    
                                                1.742183    1.327086    
                                                1.742183    0.307397    
                                                1.742183    0.078323    
                                                1.374987    9.312430    
                                                1.374987    1.327086    
                                                1.374987    0.307397    
                                                1.374987    0.078323    
   31.622777   19.638280   12.195705    7.573739    4.703420    2.920904
    1.813931    1.126482    0.699564    0.434441    0.269795    0.167547
    0.104050    0.064617    0.040128    0.024920    0.015476    0.009611
    0.005968    0.003707    0.002302    0.001429    0.000888    0.000551
    0.000342    0.000213    0.000132    0.000082    0.000051    0.000032
  1  1
          1.

  1  1
                      1.

  1  1
                                  1.

  1  1
                                              1.

  1  1
                                                          1.

  1  1
                                                                      1.

  1  1

          1.
  1  1

                      1.
  8
  8 30
                                                0.302924    9.312430    
                                                0.302924    1.327086    
                                                0.302924    0.307397    
                                                0.302924    0.078323    
                                                0.061836    9.312430    
                                                0.061836    1.327086    
                                                0.061836    0.307397    
                                                0.061836    0.078323    
   31.622777   19.638280   12.195705    7.573739    4.703420    2.920904
    1.813931    1.126482    0.699564    0.434441    0.269795    0.167547
    0.104050    0.064617    0.040128    0.024920    0.015476    0.009611
    0.005968    0.003707    0.002302    0.001429    0.000888    0.000551
    0.000342    0.000213    0.000132    0.000082    0.000051    0.000032
  1  1
          1.

  1  1
                      1.

  1  1
                                  1.

  1  1
                                              1.

  1  1
                                                          1.

  1  1
                                                                      1.

  1  1

          1.
  1  1

                      1.
  8
  8 30
                                                54.871212   7.709987    
                                                54.871212   2.339985    
                                                54.871212   0.496808    
                                                54.871212   0.104416    
                                                30.901272   7.709987    
                                                30.901272   2.339985    
                                                30.901272   0.496808    
                                                30.901272   0.104416    
   31.622777   19.638280   12.195705    7.573739    4.703420    2.920904
    1.813931    1.126482    0.699564    0.434441    0.269795    0.167547
    0.104050    0.064617    0.040128    0.024920    0.015476    0.009611
    0.005968    0.003707    0.002302    0.001429    0.000888    0.000551
    0.000342    0.000213    0.000132    0.000082    0.000051    0.000032
  1  1
          1.

  1  1
                      1.

  1  1
                                  1.

  1  1
                                              1.

  1  1
                                                          1.

  1  1
                                                                      1.

  1  1

          1.
  1  1

                      1.
  8
  8 30
                                                10.349883   7.709987    
                                                10.349883   2.339985    
                                                10.349883   0.496808    
                                                10.349883   0.104416    
                                                8.489220    7.709987    
                                                8.489220    2.339985    
                                                8.489220    0.496808    
                                                8.489220    0.104416    
   31.622777   19.638280   12.195705    7.573739    4.703420    2.920904
    1.813931    1.126482    0.699564    0.434441    0.269795    0.167547
    0.104050    0.064617    0.040128    0.024920    0.015476    0.009611
    0.005968    0.003707    0.002302    0.001429    0.000888    0.000551
    0.000342    0.000213    0.000132    0.000082    0.000051    0.000032
  1  1
          1.

  1  1
                      1.

  1  1
                                  1.

  1  1
                                              1.

  1  1
                                                          1.

  1  1
                                                                      1.

  1  1

          1.
  1  1

                      1.
  8
  8 30
                                                3.874662    7.709987    
                                                3.874662    2.339985    
                                                3.874662    0.496808    
                                                3.874662    0.104416    
                                                1.963977    7.709987    
                                                1.963977    2.339985    
                                                1.963977    0.496808    
                                                1.963977    0.104416    
   31.622777   19.638280   12.195705    7.573739    4.703420    2.920904
    1.813931    1.126482    0.699564    0.434441    0.269795    0.167547
    0.104050    0.064617    0.040128    0.024920    0.015476    0.009611
    0.005968    0.003707    0.002302    0.001429    0.000888    0.000551
    0.000342    0.000213    0.000132    0.000082    0.000051    0.000032
  1  1
          1.

  1  1
                      1.

  1  1
                                  1.

  1  1
                                              1.

  1  1
                                                          1.

  1  1
                                                                      1.

  1  1

          1.
  1  1

                      1.
  8
  8 30
                                                1.958573    7.709987    
                                                1.958573    2.339985    
                                                1.958573    0.496808    
                                                1.958573    0.104416    
                                                0.400543    7.709987    
                                                0.400543    2.339985    
                                                0.400543    0.496808    
                                                0.400543    0.104416    
   31.622777   19.638280   12.195705    7.573739    4.703420    2.920904
    1.813931    1.126482    0.699564    0.434441    0.269795    0.167547
    0.104050    0.064617    0.040128    0.024920    0.015476    0.009611
    0.005968    0.003707    0.002302    0.001429    0.000888    0.000551
    0.000342    0.000213    0.000132    0.000082    0.000051    0.000032
  1  1
          1.

  1  1
                      1.

  1  1
                                  1.

  1  1
                                              1.

  1  1
                                                          1.

  1  1
                                                                      1.

  1  1

          1.
  1  1

                      1.
  8
  8 30
                                                29.874723   9.312430    
                                                29.874723   1.327086    
                                                29.874723   0.307397    
                                                29.874723   0.078323    
                                                10.692310   9.312430    
                                                10.692310   1.327086    
                                                10.692310   0.307397    
                                                10.692310   0.078323    
   31.622777   19.638280   12.195705    7.573739    4.703420    2.920904
    1.813931    1.126482    0.699564    0.434441    0.269795    0.167547
    0.104050    0.064617    0.040128    0.024920    0.015476    0.009611
    0.005968    0.003707    0.002302    0.001429    0.000888    0.000551
    0.000342    0.000213    0.000132    0.000082    0.000051    0.000032
  1  1
          1.

  1  1
                      1.

  1  1
                                  1.

  1  1
                                              1.

  1  1
                                                          1.

  1  1
                                                                      1.

  1  1

          1.
  1  1

                      1.
  8
  8 30
                                                9.885478    9.312430    
                                                9.885478    1.327086    
                                                9.885478    0.307397    
                                                9.885478    0.078323    
                                                4.367152    9.312430    
                                                4.367152    1.327086    
                                                4.367152    0.307397    
                                                4.367152    0.078323    
   31.622777   19.638280   12.195705    7.573739    4.703420    2.920904
    1.813931    1.126482    0.699564    0.434441    0.269795    0.167547
    0.104050    0.064617    0.040128    0.024920    0.015476    0.009611
    0.005968    0.003707    0.002302    0.001429    0.000888    0.000551
    0.000342    0.000213    0.000132    0.000082    0.000051    0.000032
  1  1
          1.

  1  1
                      1.

  1  1
                                  1.

  1  1
                                              1.

  1  1
                                                          1.

  1  1
                                                                      1.

  1  1

          1.
  1  1

                      1.
  8
  8 30
                                                1.742183    9.312430    
                                                1.742183    1.327086    
                                                1.742183    0.307397    
                                                1.742183    0.078323    
                                                1.374987    9.312430    
                                                1.374987    1.327086    
                                                1.374987    0.307397    
                                                1.374987    0.078323    
   31.622777   19.638280   12.195705    7.573739    4.703420    2.920904
    1.813931    1.126482    0.699564    0.434441    0.269795    0.167547
    0.104050    0.064617    0.040128    0.024920    0.015476    0.009611
    0.005968    0.003707    0.002302    0.001429    0.000888    0.000551
    0.000342    0.000213    0.000132    0.000082    0.000051    0.000032
  1  1
          1.

  1  1
                      1.

  1  1
                                  1.

  1  1
                                              1.

  1  1
                                                          1.

  1  1
                                                                      1.

  1  1

          1.
  1  1

                      1.
  8
  8 30
                                                0.302924    9.312430    
                                                0.302924    1.327086    
                                                0.302924    0.307397    
                                                0.302924    0.078323    
                                                0.061836    9.312430    
                                                0.061836    1.327086    
                                                0.061836    0.307397    
                                                0.061836    0.078323    
   31.622777   19.638280   12.195705    7.573739    4.703420    2.920904
    1.813931    1.126482    0.699564    0.434441    0.269795    0.167547
    0.104050    0.064617    0.040128    0.024920    0.015476    0.009611
    0.005968    0.003707    0.002302    0.001429    0.000888    0.000551
    0.000342    0.000213    0.000132    0.000082    0.000051    0.000032
  1  1
          1.

  1  1
                      1.

  1  1
                                  1.

  1  1
                                              1.

  1  1
                                                          1.

  1  1
                                                                      1.

  1  1

          1.
  1  1

                      1.
