 10  8  9  3 00  0  0  0  0
nnn_pot
  8                                                            Z1  BVs 1 - 8
  8  8
                                    25.418715   
                                    14.706948   
                                    6.868523    
                                    2.869288    
                                    2.619384    
                                    0.468626    
                                    0.437439    
                                    0.424003    
    6.432488    1.806760    0.952021    0.298152    0.282446    0.071776
    0.070799    0.053952
  1  1
          1.

  1  1
                      1.

  1  1
                                  1.

  1  1
                                              1.

  1  1
                                                          1.

  1  1
                                                                      1.

  1  1

          1.
  1  1

                      1.
  8                                                            Z2  BVs 9 - 16
  8  8
                                    29.982178   
                                    14.101346   
                                    7.122957    
                                    5.210248    
                                    1.593015    
                                    0.493026    
                                    0.121786    
                                    0.053696    
   25.726072    5.198848    3.889125    1.028969    0.312313    0.270747
    0.135371    0.068816
  1  1
          1.

  1  1
                      1.

  1  1
                                  1.

  1  1
                                              1.

  1  1
                                                          1.

  1  1
                                                                      1.

  1  1

          1.
  1  1

                      1.
eob-tni/t_no1_t_no1
elu-tni/000_000
eob-tni/t_no6_t_no1
elu-tni/000_000
eob-tni/t_no6_t_no6
elu-tni/000_000
