 11  2 12 31  1  1 +2  0  0 -1
  1  1  1  1  0  0  0  0  0  0  0  0  0  0  1  1
   1.0000000   1.0000000   0.0000000   0.0000000   0.0000000   0.0000000   0.0000000
   0.0000000   0.0000000   0.0000000   0.0000000   0.0000000   0.0000000   1.0000000
   0.0000000   0.0000000   0.0000000   0.0000000   0.0000000   0.0000000   0.0000000
   0.0000000   0.0000000   0.0000000   0.0000000   0.0000000   0.0000000   0.0000000
   0.0000000   0.0000000
   0  22   0   0   0   1
 148
0.56892582814
1.28449478764
0.57949169789
0.40631995434
0.22268344399
0.024446988690
0.72501843731
0.65417496324
0.45868533089
0.25138226193
0.027597648052
0.14756344822
0.20693298544
0.11340951726
0.012450503725
0.07254720085
0.07951891294
0.008729872012
0.02179014986
0.004784401909
0.000262624417
-2.4751198675
-5.4443683556
-0.060699139200
0.48110413089
3.4259717195  
8.8310546100  
0.13151560869 
-0.71985536524
-1.1312738076 
-4.1775714736  
-0.39089433813   
0.20263978015
1.0720927374 
-0.61936501761
-0.61677269416 
-0.29850135655
0.62767143001  
-0.97373177271 
-0.95867933431  
0.045599470257
-0.55551892889  
0.75109556319
0.49707194628 
-0.19299505608
-0.016037301445 
-0.22616076226  
0.28142304351  
0.021961706768
-0.84847031935  
2.1332729533 
-1.1724046180  
0.25528209626
-3.0697333818  
-2.3885381054 
2.1604650637 
-0.024421537249
0.89002780082
1.0397674280 
-0.62247449706
0.16324194583
0.0012201182464 
-1.1039176962
1.0101978072
0.078174850709
-0.00093468193077
-0.018878900500
0.029288572773  
0.045088050544
-0.26252343727
0.051362997044
-0.14648187254
-0.047808511274
3.5088128848
-0.023330016908 
-0.034014577480
-0.053556885795
-0.89410290064
-0.39793698991
-0.39118193455
-0.22225303224
-0.049253386102
-0.28030437490
-0.13399434764
-0.18834792864
-0.013233306612 
-0.26687586884
0.046302563370
-0.042630700766
-0.046482241511
0.20396184935
-1.6958796193
-0.11914162934
0.048782395612
-0.22443904664
1.2121508210  
0.048023058168
-0.0032715793957
0.013419314149
-0.022108115750
-0.016948322613
1.0823888360
1.3766439081
-0.026152495619
0.090185397816
0.58921249585
-2.3341168827
0.47396591764
-0.10200299890
-2.6288015132
3.3518139973
-0.86035902006
0.12497737470
0.92705484939
-2.3318704182
0.90434646135
-0.037985818199
-0.51782262532
2.4553954352
-0.73638507441
0.042263060790
0.11593028943
-1.8649800980
0.73762928750
0.0044494529527
0.023085475259
-0.46565133930
0.17807908238
0.021373179526
0.00075106106943
-0.0075445345080
0.0097849727380
0.0065823237938
1.3193572281
1.2300208065
0.76300234849
0.63948719041
0.210188376037
0.2866833849
0.35566893640
0.29809309146
0.097978042002
0.11031367612
0.18491209875
0.060777407787
0.07748922315
0.050938734098
0.008371340316
  1  1  0
  48  22  23  24  25  26  27  28  29  30  31  32  33  34  35  36  37  38  39  40
  41  42  43  44  45  46  47  48  49  50  51  52  53  54  55  56  57  58  59  60
  61  62  63  64  65  66  67  68  69
  22  23  24  25  26  27  28  29  30  31  32  33  34  35  36  37  38  39  40  41
  42  43  44  45  46  47  48  49  50  51  52  53  54  55  56  57  58  59  60  61
  62  63  64  65  66  67  68  69
  1  1  1  1  1  1  1  1  1  1  1  1  1  1  1  1  1  1  1  1
  1  1  0
  64  70  71  72  73  74  75  76  77  78  79  80  81  82  83  84  85  86  87  88
  89  90  91  92  93  94  95  96  97  98  99 100 101 102 103 104 105 106 107 108
 109 110 111 112 113 114 115 116 117 118 119 120 121 122 123 124 125 126 127 128 
 129 130 131 132 133
  70  71  72  73  74  75  76  77  78  79  80  81  82  83  84  85  86  87  88  89
  90  91  92  93  94  95  96  97  98  99 100 101 102 103 104 105 106 107 108 109
 110 111 112 113 114 115 116 117 118 119 120 121 122 123 124 125 126 127 128 129
 130 131 132 133
  1  1  1  1  1  1  1  1  1  1  1  1  1  1  1  1  1  1  1  1
  0  0  0
  15 134 135 136 137 138 139 140 141 142 143 144 145 146 147 148
 134 135 136 137 138 139 140 141 142 143 144 145 146 147 148 
  1  1  1  1  1  1  1  1  1  1  1  1  1  1  1  1  1  1  1  1
  2  2  0
  21   1   2   3   4   5   6   7   8   9  10  11  12  13  14  15  16  17  18  19
  20  21
   1   2   3   4   5   6   7   8   9  10  11  12  13  14  15  16  17  18  19  20
  21
  1  1  1  1  1  1  1  1  1  1  1  1  1  1  1  1  1  1  1  1
  2  2  0 -1
   1   2
16
  0  1  0  1  0  0  0  0
  2  2  0
   1   3
52
  0  1  0  1  0  0  0  0
  2  2  0
   1   4
26
  0  1  0  1  0  0  0  0
  2  2  0
   1   5
98
  0  1  0  1  0  0  0  0
  2  2  0
   1   6
121
  0  1  0  1  0  0  0  0
  2  2  0
   1   7
100
  0  1  0  1  0  0  0  0
  2  2  0
   1   8
63
  0  1  0  1  0  0  0  0
  2  2  0
   1   9
90
  0  1  0  1  0  0  0  0
  2  2  0
   1  10
32
  0  1  0  1  0  0  0  0
  2  2  0
   1  11
88
  0  1  0  1  0  0  0  0
  2  2  0
   1  12
62
  0  1  0  1  0  0  0  0
  2  2  0
   1  13
31
  0  1  0  1  0  0  0  0
  2  2  0
   1  14
120
  0  1  0  1  0  0  0  0
  2  2  0
   1  15
142
  0  1  0  1  0  0  0  0
  2  2  0
   1  16
37
  0  1  0  1  0  0  0  0
  2  2  0
   1  17
42
  0  1  0  1  0  0  0  0
  2  2  0
   1  18
36
  0  1  0  1  0  0  0  0
  2  2  0
   1  19
39
  0  1  0  1  0  0  0  0
  1  1  0 -1
   1  23
98
  0  1  0  1  0  0  0  0
  1  1  0
   1  24
147
  0  1  0  1  0  0  0  0
  1  1  0
   1  25
93
  0  1  0  1  0  0  0  0
  1  1  0
   1  26
17
  0  1  0  1  0  0  0  0
  1  1  0
   1  27
6
  0  1  0  1  0  0  0  0
  1  1  0
   1  28
76
  0  1  0  1  0  0  0  0
  1  1  0
   1  29
13
  0  1  0  1  0  0  0  0
  1  1  0
   1  30
90
  0  1  0  1  0  0  0  0
  1  1  0
   1  31
36
  0  1  0  1  0  0  0  0
  1  1  0
   1  32
12
  0  1  0  1  0  0  0  0
  1  1  0
   1  33
30
  0  1  0  1  0  0  0  0
  1  1  0
   1  34
12
  0  1  0  1  0  0  0  0
  1  1  0
   1  35
30
  0  1  0  1  0  0  0  0
  1  1  0
   1  36
23
  0  1  0  1  0  0  0  0
  1  1  0
   1  37
10
  0  1  0  1  0  0  0  0
  1  1  0
   1  38
7
  0  1  0  1  0  0  0  0
  1  1  0
   1  39
31
  0  1  0  1  0  0  0  0
  1  1  0
   1  40
6
  0  1  0  1  0  0  0  0
  1  1  0
   1  41
82
  0  1  0  1  0  0  0  0
  1  1  0
   1  42
38
  0  1  0  1  0  0  0  0
  1  1  0
   1  43
4
  0  1  0  1  0  0  0  0
  1  1  0
   1  44
17
  0  1  0  1  0  0  0  0
  1  1  0
   1  45
90
  0  1  0  1  0  0  0  0
  1  1  0
   1  46
101
  0  1  0  1  0  0  0  0
  1  1  0
   1  47
26
  0  1  0  1  0  0  0  0
  1  1  0
   1  48
80
  0  1  0  1  0  0  0  0
  1  1  0
   1  49
109
  0  1  0  1  0  0  0  0
  1  1  0
   1  50
18
  0  1  0  1  0  0  0  0
  1  1  0
   1  51
2
  0  1  0  1  0  0  0  0
  1  1  0
   1  52
56
  0  1  0  1  0  0  0  0
  1  1  0
   1  53
4
  0  1  0  1  0  0  0  0
  1  1  0
   1  54
82
  0  1  0  1  0  0  0  0
  1  1  0
   1  55
55
  0  1  0  1  0  0  0  0
  1  1  0
   1  56
44
  0  1  0  1  0  0  0  0
  1  1  0
   1  57
37
  0  1  0  1  0  0  0  0
  1  1  0
   1  58
103
  0  1  0  1  0  0  0  0
  1  1  0
   1  59
17
  0  1  0  1  0  0  0  0
  1  1  0
   1  60
11
  0  1  0  1  0  0  0  0
  1  1  0
   1  61
47
  0  1  0  1  0  0  0  0
  1  1  0
   1  62
10
  0  1  0  1  0  0  0  0
  1  1  0
   1  63
18
  0  1  0  1  0  0  0  0
  1  1  0
   1  64
41
  0  1  0  1  0  0  0  0
  1  1  0
   1  65
72
  0  1  0  1  0  0  0  0
  1  1  0
   1  66
28
  0  1  0  1  0  0  0  0
  1  1  0 -1
   1  71
81
  0  1  0  1  0  0  0  0
  1  1  0
   1  72
81
  0  1  0  1  0  0  0  0
  1  1  0
   1  73
87
  0  1  0  1  0  0  0  0
  1  1  0
   1  74
48
  0  1  0  1  0  0  0  0
  1  1  0
   1  75
17
  0  1  0  1  0  0  0  0
  1  1  0
   1  76
73
  0  1  0  1  0  0  0  0
  1  1  0
   1  77
6
  0  1  0  1  0  0  0  0
  1  1  0
   1  78
1
  0  1  0  1  0  0  0  0
  1  1  0
   1  79
93
  0  1  0  1  0  0  0  0
  1  1  0
   1  80
73
  0  1  0  1  0  0  0  0
  1  1  0
   1  81
18
  0  1  0  1  0  0  0  0
  1  1  0
   1  82
77
  0  1  0  1  0  0  0  0
  1  1  0
   1  83
38
  0  1  0  1  0  0  0  0
  1  1  0
   1  84
34
  0  1  0  1  0  0  0  0
  1  1  0
   1  85
5
  0  1  0  1  0  0  0  0
  1  1  0
   1  86
98
  0  1  0  1  0  0  0  0
  1  1  0
   1  87
41
  0  1  0  1  0  0  0  0
  1  1  0
   1  88
98
  0  1  0  1  0  0  0  0
  1  1  0
   1  89
26
  0  1  0  1  0  0  0  0
  1  1  0
   1  90
112
  0  1  0  1  0  0  0  0
  1  1  0
   1  91
56
  0  1  0  1  0  0  0  0
  1  1  0
   1  92
76
  0  1  0  1  0  0  0  0
  1  1  0
   1  93
104
  0  1  0  1  0  0  0  0
  1  1  0
   1  94
12
  0  1  0  1  0  0  0  0
  1  1  0
   1  95
78
  0  1  0  1  0  0  0  0
  1  1  0
   1  96
74
  0  1  0  1  0  0  0  0
  1  1  0
   1  97
33
  0  1  0  1  0  0  0  0
  1  1  0
   1  98
35
  0  1  0  1  0  0  0  0
  1  1  0
   1  99
72
  0  1  0  1  0  0  0  0
  1  1  0
   1 100
47
  0  1  0  1  0  0  0  0
  1  1  0
   1 101
60
  0  1  0  1  0  0  0  0
  1  1  0
   1 102
2
  0  1  0  1  0  0  0  0
  1  1  0
   1 103
39
  0  1  0  1  0  0  0  0
  1  1  0
   1 104
43
  0  1  0  1  0  0  0  0
  1  1  0
   1 105
24
  0  1  0  1  0  0  0  0
  1  1  0
   1 106
36
  0  1  0  1  0  0  0  0
  1  1  0
   1 107
22
  0  1  0  1  0  0  0  0
  1  1  0
   1 108
98
  0  1  0  1  0  0  0  0
  1  1  0
   1 109
27
  0  1  0  1  0  0  0  0
  1  1  0
   1 110
106
  0  1  0  1  0  0  0  0
  1  1  0
   1 111
74
  0  1  0  1  0  0  0  0
  1  1  0
   1 112
9
  0  1  0  1  0  0  0  0
  1  1  0
   1 113
3
  0  1  0  1  0  0  0  0
  1  1  0
   1 114
52
  0  1  0  1  0  0  0  0
  1  1  0
   1 115
20
  0  1  0  1  0  0  0  0
  1  1  0
   1 116
53
  0  1  0  1  0  0  0  0
  1  1  0
   1 117
19
  0  1  0  1  0  0  0  0
  1  1  0
   1 118
30
  0  1  0  1  0  0  0  0
  1  1  0
   1 119
22
  0  1  0  1  0  0  0  0
  1  1  0
   1 120
20
  0  1  0  1  0  0  0  0
  1  1  0
   1 121
58
  0  1  0  1  0  0  0  0
  1  1  0
   1 122
26
  0  1  0  1  0  0  0  0
  1  1  0
   1 123
55
  0  1  0  1  0  0  0  0
  1  1  0
   1 124
60
  0  1  0  1  0  0  0  0
  1  1  0
   1 125
42
  0  1  0  1  0  0  0  0
  1  1  0
   1 126
20
  0  1  0  1  0  0  0  0
  1  1  0
   1 127
58
  0  1  0  1  0  0  0  0
  1  1  0
   1 128
88
  0  1  0  1  0  0  0  0
  1  1  0
   1 129
75
  0  1  0  1  0  0  0  0
  0  0  0 -1
   1 135
100
  0  1  0  1  0  0  0  0
  0  0  0
   1 136
50
  0  1  0  1  0  0  0  0
  0  0  0
   1 137
5
  0  1  0  1  0  0  0  0
  0  0  0
   1 138
10
  0  1  0  1  0  0  0  0
  0  0  0
   1 139
98
  0  1  0  1  0  0  0  0
  0  0  0
   1 140
11
  0  1  0  1  0  0  0  0
  0  0  0
   1 141
23
  0  1  0  1  0  0  0  0
  0  0  0
   1 142
71
  0  1  0  1  0  0  0  0
  0  0  0
   1 143
38
  0  1  0  1  0  0  0  0
  0  0  0
   1 144
120
  0  1  0  1  0  0  0  0
  0  0  0
   1 145
130
  0  1  0  1  0  0  0  0
  
  




