 10  8  9  3 00  0  0  0
nn_pot
  8
  8 20                                                               BVs 1-8 dd
                                                8.908777    8.908777
                                                8.908777    2.841628
                                                8.908777    0.905884
                                                8.908777    0.288818
                                                8.908777    0.061394
                                                8.908777    0.006914
                                                2.841628    2.841628
                                                2.841628    0.905884
  129.566500   51.346700   29.472870   13.423390    8.214456    4.447413
    2.939000    1.690174    1.185236    0.843000    0.500110    0.257369
    0.138520    0.071429    0.038519    0.018573    0.009726    0.005619
    0.002765    0.001010
  1  1
          1.

  1  1
                      1.

  1  1
                                  1.

  1  1
                                              1.

  1  1
                                                          1.

  1  1
                                                                      1.

  1  1

          1.
  1  1

                      1.
  8
  8 20                                                               BVs  9- 16 dd
                                                2.841628    0.288818
                                                2.841628    0.061394
                                                2.841628    0.006914
                                                0.905884    0.905884
                                                0.905884    0.288818
                                                0.905884    0.061394 
                                                0.905884    0.006914
                                                0.288818    0.288818
  129.566500   51.346700   29.472870   13.423390    8.214456    4.447413
    2.939000    1.690174    1.185236    0.843000    0.500110    0.257369
    0.138520    0.071429    0.038519    0.018573    0.009726    0.005619
    0.002765    0.001010
  1  1
          1.

  1  1
                      1.

  1  1
                                  1.

  1  1
                                              1.

  1  1
                                                          1.

  1  1
                                                                      1.

  1  1

          1.
  1  1

                      1.
  5
  5 20                                                               BVs 17-21 dd
                                                0.288818    0.061394
                                                0.288818    0.006914
                                                0.061394    0.061394
                                                0.061394    0.006914
                                                0.006914    0.006914
  129.566500   51.346700   29.472870   13.423390    8.214456    4.447413
    2.939000    1.690174    1.185236    0.843000    0.500110    0.257369
    0.138520    0.071429    0.038519    0.018573    0.009726    0.005619
    0.002765    0.001010
  1  1
          1.
  1  1
                      1.
  1  1
                                  1.
  1  1
                                              1.
  1  1
                                                          1.
  8
  8 20                                                                BVs 22-29  3H
                                                17.777067   8.717343
                                                17.777067   3.160318
                                                17.777067   0.499874
                                                17.777067   0.124649
                                                15.709517   8.717343
                                                15.709517   3.160318
                                                15.709517   0.499874
                                                15.709517   0.124649
  129.566500   51.346700   29.472870   13.423390    8.214456    4.447413
    2.939000    1.690174    1.185236    0.843000    0.500110    0.257369
    0.138520    0.071429    0.038519    0.018573    0.009726    0.005619
    0.002765    0.001010
  1  1
          1.

  1  1
                      1.

  1  1
                                  1.

  1  1
                                              1.

  1  1
                                                          1.

  1  1
                                                                      1.

  1  1

          1.
  1  1

                      1.
  8
  8 20                                                                BVs 30-37  3H
                                                11.255206   8.717343
                                                11.255206   3.160318
                                                11.255206   0.499874
                                                11.255206   0.124649
                                                4.477866    8.717343
                                                4.477866    3.160318
                                                4.477866    0.499874
                                                4.477866    0.124649
  129.566500   51.346700   29.472870   13.423390    8.214456    4.447413
    2.939000    1.690174    1.185236    0.843000    0.500110    0.257369
    0.138520    0.071429    0.038519    0.018573    0.009726    0.005619
    0.002765    0.001010
  1  1
          1.

  1  1
                      1.

  1  1
                                  1.

  1  1
                                              1.

  1  1
                                                          1.

  1  1
                                                                      1.

  1  1

          1.
  1  1

                      1.
  8 
  8 20                                                                BVs 38-45 3H
                                                0.999675    8.717343
                                                0.999675    3.160318
                                                0.999675    0.499874
                                                0.999675    0.124649
                                                0.921369    8.717343
                                                0.921369    3.160318
                                                0.921369    0.499874
                                                0.921369    0.124649
  129.566500   51.346700   29.472870   13.423390    8.214456    4.447413
    2.939000    1.690174    1.185236    0.843000    0.500110    0.257369
    0.138520    0.071429    0.038519    0.018573    0.009726    0.005619
    0.002765    0.001010
  1  1
          1.

  1  1
                      1.

  1  1
                                  1.

  1  1
                                              1.

  1  1
                                                          1.

  1  1
                                                                      1.

  1  1

          1.
  1  1

                      1.
  8
  8 20                                                                BVs 46-53  3H
                                                19.744968   6.326587
                                                19.744968   0.581839
                                                19.744968   0.496081
                                                19.744968   0.123044
                                                6.197729    6.326587
                                                6.197729    0.581839
                                                6.197729    0.496081
                                                6.197729    0.123044
  129.566500   51.346700   29.472870   13.423390    8.214456    4.447413
    2.939000    1.690174    1.185236    0.843000    0.500110    0.257369
    0.138520    0.071429    0.038519    0.018573    0.009726    0.005619
    0.002765    0.001010
  1  1
          1.

  1  1
                      1.

  1  1
                                  1.

  1  1
                                              1.

  1  1
                                                          1.

  1  1
                                                                      1.

  1  1

          1.
  1  1

                      1.
  8 
  8 20                                                                BVs 54-61  3H
                                                3.086121    6.326587
                                                3.086121    0.581839
                                                3.086121    0.496081
                                                3.086121    0.123044
                                                1.909544    6.326587
                                                1.909544    0.581839
                                                1.909544    0.496081
                                                1.909544    0.123044
  129.566500   51.346700   29.472870   13.423390    8.214456    4.447413
    2.939000    1.690174    1.185236    0.843000    0.500110    0.257369
    0.138520    0.071429    0.038519    0.018573    0.009726    0.005619
    0.002765    0.001010
  1  1
          1.

  1  1
                      1.

  1  1
                                  1.

  1  1
                                              1.

  1  1
                                                          1.

  1  1
                                                                      1.

  1  1

          1.
  1  1

                      1.
  8
  8 20                                                                 BVs  62-69 3H
                                                0.596493    6.326587
                                                0.596493    0.581839
                                                0.596493    0.496081
                                                0.596493    0.123044
                                                0.118589    6.326587
                                                0.118589    0.581839
                                                0.118589    0.496081
                                                0.118589    0.123044
  129.566500   51.346700   29.472870   13.423390    8.214456    4.447413
    2.939000    1.690174    1.185236    0.843000    0.500110    0.257369
    0.138520    0.071429    0.038519    0.018573    0.009726    0.005619
    0.002765    0.001010
  1  1
          1.

  1  1
                      1.

  1  1
                                  1.

  1  1
                                              1.

  1  1
                                                          1.

  1  1
                                                                      1.

  1  1

          1.
  1  1

                      1.
  8
  8 20                                                                 BVs 70-77  3He
                                                14.622340   9.725638
                                                14.622340   0.964599
                                                14.622340   0.482895 
                                                14.622340   0.141843
                                                6.590049    9.725638
                                                6.590049    0.964599
                                                6.590049    0.482895
                                                6.590049    0.141843
  129.566500   51.346700   29.472870   13.423390    8.214456    4.447413
    2.939000    1.690174    1.185236    0.843000    0.500110    0.257369
    0.138520    0.071429    0.038519    0.018573    0.009726    0.005619
    0.002765    0.001010
  1  1
          1.

  1  1
                      1.

  1  1
                                  1.

  1  1
                                              1.

  1  1
                                                          1.

  1  1
                                                                      1.

  1  1

          1.
  1  1

                      1.
  8
  8 20                                                                BVs 78-85  3He
                                                5.434771    9.725638
                                                5.434771    0.964599 
                                                5.434771    0.482895 
                                                5.434771    0.141843
                                                1.785582    9.725638
                                                1.785582    0.964599
                                                1.785582    0.482895
                                                1.785582    0.141843
  129.566500   51.346700   29.472870   13.423390    8.214456    4.447413
    2.939000    1.690174    1.185236    0.843000    0.500110    0.257369
    0.138520    0.071429    0.038519    0.018573    0.009726    0.005619
    0.002765    0.001010
  1  1
          1.

  1  1
                      1.

  1  1
                                  1.

  1  1
                                              1.

  1  1
                                                          1.

  1  1
                                                                      1.

  1  1

          1.
  1  1

                      1.
  8
  8 20                                                                BVs 86-93 3He
                                                0.608327    9.725638
                                                0.608327    0.964599
                                                0.608327    0.482895
                                                0.608327    0.141843
                                                0.405969    9.725638
                                                0.405969    0.964599
                                                0.405969    0.482895
                                                0.405969    0.141843
  129.566500   51.346700   29.472870   13.423390    8.214456    4.447413
    2.939000    1.690174    1.185236    0.843000    0.500110    0.257369
    0.138520    0.071429    0.038519    0.018573    0.009726    0.005619
    0.002765    0.001010
  1  1
          1.

  1  1
                      1.

  1  1
                                  1.

  1  1
                                              1.

  1  1
                                                          1.

  1  1
                                                                      1.

  1  1

          1.
  1  1

                      1.
  8
  8 20                                                                  BVs 94-101  3He
                                                0.351283    9.725638
                                                0.351283    0.964599
                                                0.351283    0.482895
                                                0.351283    0.141843
                                                0.141018    9.725638
                                                0.141018    0.964599
                                                0.141018    0.482895
                                                0.141018    0.141843
  129.566500   51.346700   29.472870   13.423390    8.214456    4.447413
    2.939000    1.690174    1.185236    0.843000    0.500110    0.257369
    0.138520    0.071429    0.038519    0.018573    0.009726    0.005619
    0.002765    0.001010
  1  1
          1.

  1  1
                      1.

  1  1
                                  1.

  1  1
                                              1.

  1  1
                                                          1.

  1  1
                                                                      1.

  1  1

          1.
  1  1

                      1.
  8
  8 20                                                               BVs 102-109; 3He 
                                                8.983489    4.308232
                                                8.983489    0.453845
                                                8.983489    0.229606
                                                8.983489    0.057515
                                                7.606925    4.308232  
                                                7.606925    0.453545
                                                7.606925    0.229606
                                                7.606925    0.057515
  129.566500   51.346700   29.472870   13.423390    8.214456    4.447413
    2.939000    1.690174    1.185236    0.843000    0.500110    0.257369
    0.138520    0.071429    0.038519    0.018573    0.009726    0.005619
    0.002765    0.001010
  1  1
          1.

  1  1
                      1.

  1  1
                                  1.

  1  1
                                              1.

  1  1
                                                          1.

  1  1
                                                                      1.

  1  1

          1.
  1  1

                      1.
  8
  8 20                                                               BVs 110-117; 3He
                                                5.152233    4.308232 
                                                5.152233    0.453845
                                                5.152233    0.229606
                                                5.152233    0.057518
                                                3.759019    4.308232
                                                3.759019    0.453845
                                                3.759019    0.229606
                                                3.759019    0.057518
  129.566500   51.346700   29.472870   13.423390    8.214456    4.447413
    2.939000    1.690174    1.185236    0.843000    0.500110    0.257369
    0.138520    0.071429    0.038519    0.018573    0.009726    0.005619
    0.002765    0.001010
  1  1
          1.

  1  1
                      1.

  1  1
                                  1.

  1  1
                                              1.

  1  1
                                                          1.

  1  1
                                                                      1.

  1  1

          1.
  1  1

                      1.
  8
  8 20                                                              BVs 118-125; 3He
                                                1.996088    4.308232
                                                1.996088    0.453845
                                                1.996088    0.229606
                                                1.996088    0.057518
                                                1.556154    4.308232
                                                1.556154    0.453845
                                                1.556154    0.229606
                                                1.556154    0.057518
  129.566500   51.346700   29.472870   13.423390    8.214456    4.447413
    2.939000    1.690174    1.185236    0.843000    0.500110    0.257369
    0.138520    0.071429    0.038519    0.018573    0.009726    0.005619
    0.002765    0.001010
  1  1
          1.

  1  1
                      1.

  1  1
                                  1.

  1  1
                                              1.

  1  1
                                                          1.

  1  1
                                                                      1.

  1  1

          1.
  1  1

                      1.
  8 
  8 20                                                                  BVs 126-133 ;3He
                                                0.432573    4.308232
                                                0.432573    0.453845
                                                0.432573    0.229606
                                                0.432573    0.057518
                                                0.068354    4.308232 
                                                0.068354    0.453845
                                                0.068354    0.229606
                                                0.068354    0.057518
  129.566500   51.346700   29.472870   13.423390    8.214456    4.447413
    2.939000    1.690174    1.185236    0.843000    0.500110    0.257369
    0.138520    0.071429    0.038519    0.018573    0.009726    0.005619
    0.002765    0.001010
  1  1
          1.

  1  1
                      1.

  1  1
                                  1.

  1  1
                                              1.

  1  1
                                                          1.

  1  1
                                                                      1.

  1  1

          1.
  1  1

                      1.
  8
  8 20                                                                 BVs 134-141; dq
                                                6.090694    6.090694
                                                6.090694    1.714406
                                                6.090694    0.780216
                                                6.090694    0.187921
                                                6.090694    0.028805
                                                1.714406    1.714406
                                                1.714406    0.780216
                                                1.714406    0.187921
  129.566500   51.346700   29.472870   13.423390    8.214456    4.447413
    2.939000    1.690174    1.185236    0.843000    0.500110    0.257369
    0.138520    0.071429    0.038519    0.018573    0.009726    0.005619
    0.002765    0.001010
  1  1
          1.

  1  1
                      1.

  1  1
                                  1.

  1  1
                                              1.

  1  1
                                                          1.

  1  1
                                                                      1.

  1  1

          1.
  1  1

                      1.
  7 
  7 20                                                                 BVs 142-148;dq
                                                1.714406    0.028805
                                                0.780216    0.780216
                                                0.780216    0.187921
                                                0.780216    0.028805
                                                0.187921    0.187921 
                                                0.187921    0.028805
                                                0.028805    0.028805
  129.566500   51.346700   29.472870   13.423390    8.214456    4.447413
    2.939000    1.690174    1.185236    0.843000    0.500110    0.257369
    0.138520    0.071429    0.038519    0.018573    0.009726    0.005619
    0.002765    0.001010
  1  1
          1.

  1  1
                      1.

  1  1
                                  1.

  1  1
                                              1.

  1  1
                                                          1.

  1  1
                                                                      1.

  1  1

          1.
                                                


 


                                                





                                    
