 11  2 12 31  1  1 +2  0  0 -1
  1  1  1  1  0  0  0  0  0  0  0  0  0  0  1  1
   0.0000000   1.0000000   1.0000000   1.0000000   1.0000000   1.0000000   1.0000000
   1.0000000   1.0000000   1.0000000   1.0000000   1.0000000   1.0000000   1.0000000
   1.0000000   1.0000000   1.0000000   1.0000000   1.0000000   1.0000000   1.0000000
   1.0000000   1.0000000   1.0000000   1.0000000   1.0000000   1.0000000   1.0000000
   1.0000000   1.0000000
   0   2   0   0   0   1
  58
1.587541930         
1.920914924         
0.640968415         
0.151862353         
0.581073494         
0.387783709         
0.091876206         
0.064697584         
0.030657134         
0.003631743         
0.424411300         
0.252495400         
0.054858120         
-0.080149560        
-0.514515900        
0.049846690         
-0.827830100        
-0.041674240        
0.075690280         
0.217059200         
0.279785500         
0.056884910         
-0.157347200        
-0.863488800        
-0.020871430        
0.033020790         
0.011650680         
0.035236750         
-0.000630048        
0.005157838         
0.004764208         
0.000000148         
-0.000847222        
-0.000148285        
-0.464201600        
0.039237380         
0.012503830         
0.692896700         
0.232421400         
0.015216420         
-0.300206800        
0.115460400         
0.017034340         
-0.016226220        
0.443136400         
0.021029110         
0.134567300         
0.125148400         
-0.012896340        
0.010520760         
-0.051838380        
0.013425570         
-0.003196666        
-0.002891961        
0.004458207         
0.000510693         
0.000466818         
0.000412178         
  1  1  0
  48  11  12  13  14  15  16  17  18  19  20  21  22  23  24  25  26  27  28  29
  30  31  32  33  34  35  36  37  38  39  40  41  42  43  44  45  46  47  48  49
  50  51  52  53  54  55  56  57  58
  11  12  13  14  15  16  17  18  19  20  21  22  23  24  25  26  27  28  29  30
  31  32  33  34  35  36  37  38  39  40  41  42  43  44  45  46  47  48  49  50
  51  52  53  54  55  56  57  58
  1  1  1  1  1  1  1  1  1  1
  2  2  0
  10   1   2   3   4   5   6   7   8   9  10
   1   2   3   4   5   6   7   8   9  10
  1  1  1  1  1  1  1  1  1  1
  2  2  0 -1
   1   1
23  
  1  0  1  0  1  0  0
  2  2  0
   1   2
47  
  1  0  1  0  1  0  0
  2  2  0
   1   3
39  
  1  0  1  0  1  0  0
  2  2  0
   1   4
17  
  1  0  1  0  1  0  0
  2  2  0
   1   5
17  
  1  0  1  0  1  0  0
  1  1  0
   1  11
35  
  1  0  1  0  1  0  0
  1  1  0
   1  12
2   
  1  0  1  0  1  0  0
  1  1  0
   1  13
45  
  1  0  1  0  1  0  0
  1  1  0
   1  14
47  
  1  0  1  0  1  0  0
  1  1  0
   1  15
41  
  1  0  1  0  1  0  0
  1  1  0
   1  16
45  
  1  0  1  0  1  0  0
  1  1  0
   1  17
24  
  1  0  1  0  1  0  0
  1  1  0
   1  18
6   
  1  0  1  0  1  0  0
  1  1  0
   1  19
20  
  1  0  1  0  1  0  0
  1  1  0
   1  20
17  
  1  0  1  0  1  0  0
  1  1  0
   1  21
48  
  1  0  1  0  1  0  0
  1  1  0
   1  22
38  
  1  0  1  0  1  0  0
  1  1  0
   1  23
35  
  1  0  1  0  1  0  0
  1  1  0
   1  24
5   
  1  0  1  0  1  0  0
  1  1  0
   1  25
23  
  1  0  1  0  1  0  0
  1  1  0
   1  26
15  
  1  0  1  0  1  0  0
  1  1  0
   1  27
15  
  1  0  1  0  1  0  0
  1  1  0
   1  28
5   
  1  0  1  0  1  0  0
  1  1  0
   1  29
2   
  1  0  1  0  1  0  0
  1  1  0
   1  30
47  
  1  0  1  0  1  0  0
  1  1  0
   1  31
41  
  1  0  1  0  1  0  0
  1  1  0
   1  32
2   
  1  0  1  0  1  0  0
  1  1  0
   1  33
12  
  1  0  1  0  1  0  0
  1  1  0
   1  34
42  
  1  0  1  0  1  0  0
  1  1  0
   1  35
6   
  1  0  1  0  1  0  0
  1  1  0
   1  36
15  
  1  0  1  0  1  0  0
  1  1  0
   1  37
38  
  1  0  1  0  1  0  0
  1  1  0
   1  38
39  
  1  0  1  0  1  0  0
  1  1  0
   1  39
5   
  1  0  1  0  1  0  0
  1  1  0
   1  40
20  
  1  0  1  0  1  0  0
  1  1  0
   1  41
17  
  1  0  1  0  1  0  0
  1  1  0
   1  42
17  
  1  0  1  0  1  0  0
  1  1  0
   1  43
11  
  1  0  1  0  1  0  0
  1  1  0
   1  44
6   
  1  0  1  0  1  0  0
  1  1  0
   1  45
23  
  1  0  1  0  1  0  0
  1  1  0
   1  46
2   
  1  0  1  0  1  0  0
  1  1  0
   1  47
21  
  1  0  1  0  1  0  0
  1  1  0
   1  48
17  
  1  0  1  0  1  0  0
  1  1  0
   1  49
11  
  1  0  1  0  1  0  0
  1  1  0
   1  50
1   
  1  0  1  0  1  0  0
  1  1  0
   1  51
24  
  1  0  1  0  1  0  0
  1  1  0
   1  52
48  
  1  0  1  0  1  0  0
  1  1  0
   1  53
23  
  1  0  1  0  1  0  0
