 10  8  9  3 00  0  0  0
nn_pot
  8
  8 10
                                                6.315511    6.315511    
                                                6.315511    0.989385    
                                                6.315511    0.136441    
                                                6.315511    0.018842    
                                                0.989385    0.989385    
                                                0.989385    0.136441    
                                                0.989385    0.018842    
                                                0.136441    0.136441    
   31.622777    6.812921    1.467799    0.316228    0.068129    0.014678
    0.003162    0.000681    0.000147    0.000032
  1  1
          1.

  1  1
                      1.

  1  1
                                  1.

  1  1
                                              1.

  1  1
                                                          1.

  1  1
                                                                      1.

  1  1

          1.
  1  1

                      1.
  2
  2 10
                                                0.136441    0.018842    
                                                0.018842    0.018842    
   31.622777    6.812921    1.467799    0.316228    0.068129    0.014678
    0.003162    0.000681    0.000147    0.000032
  1  1
          1.
  1  1
                      1.
  8
  8 10
                                                9.898659    7.417881    
                                                9.898659    1.031050    
                                                9.898659    0.133408    
                                                5.631204    7.417881    
                                                5.631204    1.031050    
                                                5.631204    0.133408    
                                                2.955036    7.417881    
                                                2.955036    1.031050    
   31.622777    6.812921    1.467799    0.316228    0.068129    0.014678
    0.003162    0.000681    0.000147    0.000032
  1  1
          1.

  1  1
                      1.

  1  1
                                  1.

  1  1
                                              1.

  1  1
                                                          1.

  1  1
                                                                      1.

  1  1

          1.
  1  1

                      1.
  8
  8 10
                                                2.955036    0.133408    
                                                0.999292    7.417881    
                                                0.999292    1.031050    
                                                0.999292    0.133408    
                                                0.686656    7.417881    
                                                0.686656    1.031050    
                                                0.686656    0.133408    
                                                0.429641    7.417881    
   31.622777    6.812921    1.467799    0.316228    0.068129    0.014678
    0.003162    0.000681    0.000147    0.000032
  1  1
          1.

  1  1
                      1.

  1  1
                                  1.

  1  1
                                              1.

  1  1
                                                          1.

  1  1
                                                                      1.

  1  1

          1.
  1  1

                      1.
  8
  8 10
                                                0.429641    1.031050    
                                                0.429641    0.133408    
                                                0.109344    7.417881    
                                                0.109344    1.031050    
                                                0.109344    0.133408    
                                                0.019771    7.417881    
                                                0.019771    1.031050    
                                                0.019771    0.133408    
   31.622777    6.812921    1.467799    0.316228    0.068129    0.014678
    0.003162    0.000681    0.000147    0.000032
  1  1
          1.

  1  1
                      1.

  1  1
                                  1.

  1  1
                                              1.

  1  1
                                                          1.

  1  1
                                                                      1.

  1  1

          1.
  1  1

                      1.
  8
  8 10
                                                9.898659    1.493498    
                                                9.898659    0.593738    
                                                9.898659    0.034204    
                                                5.631204    1.493498    
                                                5.631204    0.593738    
                                                5.631204    0.034204    
                                                2.955036    1.493498    
                                                2.955036    0.593738    
   31.622777    6.812921    1.467799    0.316228    0.068129    0.014678
    0.003162    0.000681    0.000147    0.000032
  1  1
          1.

  1  1
                      1.

  1  1
                                  1.

  1  1
                                              1.

  1  1
                                                          1.

  1  1
                                                                      1.

  1  1

          1.
  1  1

                      1.
  8
  8 10
                                                2.955036    0.034204    
                                                0.999292    1.493498    
                                                0.999292    0.593738    
                                                0.999292    0.034204    
                                                0.686656    1.493498    
                                                0.686656    0.593738    
                                                0.686656    0.034204    
                                                0.429641    1.493498    
   31.622777    6.812921    1.467799    0.316228    0.068129    0.014678
    0.003162    0.000681    0.000147    0.000032
  1  1
          1.

  1  1
                      1.

  1  1
                                  1.

  1  1
                                              1.

  1  1
                                                          1.

  1  1
                                                                      1.

  1  1

          1.
  1  1

                      1.
  8
  8 10
                                                0.429641    0.593738    
                                                0.429641    0.034204    
                                                0.109344    1.493498    
                                                0.109344    0.593738    
                                                0.109344    0.034204    
                                                0.019771    1.493498    
                                                0.019771    0.593738    
                                                0.019771    0.034204    
   31.622777    6.812921    1.467799    0.316228    0.068129    0.014678
    0.003162    0.000681    0.000147    0.000032
  1  1
          1.

  1  1
                      1.

  1  1
                                  1.

  1  1
                                              1.

  1  1
                                                          1.

  1  1
                                                                      1.

  1  1

          1.
  1  1

                      1.
