 10  8  9  3 00  0  0  0  0
nnn_pot
  8                                                            Z1  BVs 1 - 8
  8  6
                                    1.882517    
                                    1.021807    
                                    0.539028    
                                    0.340576    
                                    0.304409    
                                    0.029224    
                                    0.021410    
                                    0.003103    
    0.997404    0.638273    0.565346    0.467443    0.077578    0.077168
  1  1
          1.

  1  1
                      1.

  1  1
                                  1.

  1  1
                                              1.

  1  1
                                                          1.

  1  1
                                                                      1.

  1  1

          1.
  1  1

                      1.
  8                                                            Z2  BVs 9 - 16
  8  6
                                    10.366875   
                                    2.705288    
                                    0.740162    
                                    0.739727    
                                    0.243758    
                                    0.030906    
                                    0.025909    
                                    0.005583    
   28.776976    0.472458    0.472447    0.090948    0.029785    0.027333
  1  1
          1.

  1  1
                      1.

  1  1
                                  1.

  1  1
                                              1.

  1  1
                                                          1.

  1  1
                                                                      1.

  1  1

          1.
  1  1

                      1.
eob-tni/he_no1_he_no1
elu-tni/000_000
eob-tni/he_no6_he_no1
elu-tni/000_000
eob-tni/he_no6_he_no6
elu-tni/000_000
