 10  8  9  3 00  0  0  0  0
nnn_pot
  7                                                            Z1  BVs 1 - 7
  7  5
                                    22.928101   
                                    9.645729    
                                    3.093321    
                                    1.185780    
                                    0.455705    
                                    0.100952    
                                    0.012329    
    0.667930    0.318096    0.076677    0.039302    0.008895
  1  1
          1.

  1  1
                      1.

  1  1
                                  1.

  1  1
                                              1.

  1  1
                                                          1.

  1  1
                                                                      1.

  1  1

          1.
  7                                                            Z2  BVs 8 - 14
  7  5
                                    11.710614   
                                    9.598584    
                                    5.569395    
                                    3.055997    
                                    0.806242    
                                    0.430449    
                                    0.025134    
   11.930829    2.656124    1.423950    0.098616    0.096069
  1  1
          1.

  1  1
                      1.

  1  1
                                  1.

  1  1
                                              1.

  1  1
                                                          1.

  1  1
                                                                      1.

  1  1

          1.
eob-tni/123_123
elu-tni/000_000
eob-tni/123_123
elu-tni/000_000
eob-tni/123_123
elu-tni/000_000
