 10  8  9  3 00  0  0  0  0
nnn_pot
  6                                                            Z1  BVs 1 - 6
  6 12
                                    17.005346   
                                    8.508268    
                                    5.183376    
                                    4.571379    
                                    2.509515    
                                    0.736587    
  338.290833   28.449093    5.820209    3.479882    3.403736    2.118635
    1.281026    1.153556    0.729908    0.620282    0.293629    0.096815
  1  1
          1.
  1  1
                      1.
  1  1
                                  1.
  1  1
                                              1.
  1  1
                                                          1.
  1  1
                                                                      1.
  6                                                            Z2  BVs 7 - 12
  6 12
                                    5.051130    
                                    1.012782    
                                    0.535716    
                                    0.280994    
                                    0.155413    
                                    0.070787    
   15.692392   13.306449   10.001736    7.113253    7.081751    2.552016
    2.227999    1.552584    0.543888    0.320821    0.246364    0.161700
  1  1
          1.
  1  1
                      1.
  1  1
                                  1.
  1  1
                                              1.
  1  1
                                                          1.
  1  1
                                                                      1.
  6                                                            Z3  BVs 13 - 18
  6 12
                                    15.751265   
                                    10.993510   
                                    7.454250    
                                    4.148370    
                                    2.499052    
                                    1.800308    
   43.747742   11.554003   11.462245    5.901367    3.677211    2.774086
    1.456725    0.734713    0.608244    0.429857    0.182067    0.071226
  1  1
          1.
  1  1
                      1.
  1  1
                                  1.
  1  1
                                              1.
  1  1
                                                          1.
  1  1
                                                                      1.
  6                                                            Z4  BVs 19 - 24
  6 12
                                    7.698810    
                                    1.888093    
                                    0.936745    
                                    0.337515    
                                    0.292589    
                                    0.015517    
  851.225586   51.791515   38.279751    8.426345    5.897766    5.780037
    4.159526    1.693053    0.354605    0.353679    0.269433    0.103465
  1  1
          1.
  1  1
                      1.
  1  1
                                  1.
  1  1
                                              1.
  1  1
                                                          1.
  1  1
                                                                      1.
eob-tni/t_no1_t_no1
elu-tni/000_000
eob-tni/t_no1_t_no1
elu-tni/000_000
eob-tni/t_no1_t_no1
elu-tni/000_000
eob-tni/t_no6_t_no1
elu-tni/000_000
eob-tni/t_no6_t_no1
elu-tni/000_000
eob-tni/t_no6_t_no6
elu-tni/000_000
eob-tni/t_no6_t_no1
elu-tni/000_000
eob-tni/t_no6_t_no1
elu-tni/000_000
eob-tni/t_no6_t_no6
elu-tni/000_000
eob-tni/t_no6_t_no6
elu-tni/000_000
