 11  2 12 31  1  1 +2  0  0 -1
  1  1  1  1  0  0  0  0  0  0  0  0  0  0  1  1
   1.0000000   1.0000000   0.0000000   0.0000000   0.0000000   0.0000000   0.0000000
   0.0000000   0.0000000   0.0000000   0.0000000   0.0000000   0.0000000   1.0000000
   0.0000000   0.0000000   0.0000000   0.0000000   0.0000000   0.0000000   0.0000000
   0.0000000   0.0000000   0.0000000   0.0000000   0.0000000   0.0000000   0.0000000
   0.0000000   0.0000000
   1  49   0   0   0   1
  52
3.612152000         
-4.599651000        
1.306704000         
1.280704000         
-1.591078000        
-0.395230900        
0.419878300         
-0.089571540        
-0.088727940        
0.102393200         
-0.979882900        
0.598439100         
-0.816272000        
0.074195030         
0.136755000         
-0.199408300        
0.318420900         
-0.208300900        
6.102617000         
-6.676140000        
1.454744000         
-4.764183000        
4.032051000         
1.479626000         
-5.984315000        
4.691000000         
-0.221312200        
0.298504200         
-0.230039800        
-0.021870710        
0.011548340         
0.036280280         
-0.038349360        
-0.258030200        
0.189794900         
1.079869000         
-1.099512000        
-0.007672788        
-0.243793800        
-0.865117300        
0.991855200         
0.005116274         
-0.045024150        
-0.055459020        
-2.095916000        
4.185143000         
-1.852169000        
1.168030000         
-1.259641000        
0.255324900         
-0.242207300        
0.075209240         
  0  1  1
  52   1   2   3   4   5   6   7   8   9  10  11  12  13  14  15  16  17  18  19
  20  21  22  23  24  25  26  27  28  29  30  31  32  33  34  35  36  37  38  39
  40  41  42  43  44  45  46  47  48  49  50  51  52
   1   2   3   4   5   6   7   8   9  10  11  12  13  14  15  16  17  18  19  20
  21  22  23  24  25  26  27  28  29  30  31  32  33  34  35  36  37  38  39  40
  41  42  43  44  45  46  47  48  49  50  51  52
  1  1  1  1  1  1  1  1  1  1  1  1  1  1  1  1  1  1  1  1
  0  1  1 -1
   1   1
13  
  0  1  0  1  0  1
  0  1  1
   1   2
46  
  0  1  0  1  0  1
  0  1  1
   1   3
27  
  0  1  0  1  0  1
  0  1  1
   1   4
19  
  0  1  0  1  0  1
  0  1  1
   1   5
41  
  0  1  0  1  0  1
  0  1  1
   1   6
26  
  0  1  0  1  0  1
  0  1  1
   1   7
37  
  0  1  0  1  0  1
  0  1  1
   1   8
15  
  0  1  0  1  0  1
  0  1  1
   1   9
11  
  0  1  0  1  0  1
  0  1  1
   1  10
19  
  0  1  0  1  0  1
  0  1  1
   1  11
34  
  0  1  0  1  0  1
  0  1  1
   1  12
47  
  0  1  0  1  0  1
  0  1  1
   1  13
20  
  0  1  0  1  0  1
  0  1  1
   1  14
20  
  0  1  0  1  0  1
  0  1  1
   1  15
23  
  0  1  0  1  0  1
  0  1  1
   1  16
27  
  0  1  0  1  0  1
  0  1  1
   1  17
39  
  0  1  0  1  0  1
  0  1  1
   1  18
15  
  0  1  0  1  0  1
  0  1  1
   1  19
15  
  0  1  0  1  0  1
  0  1  1
   1  20
24  
  0  1  0  1  0  1
  0  1  1
   1  21
11  
  0  1  0  1  0  1
  0  1  1
   1  22
46  
  0  1  0  1  0  1
  0  1  1
   1  23
36  
  0  1  0  1  0  1
  0  1  1
   1  24
25  
  0  1  0  1  0  1
  0  1  1
   1  25
13  
  0  1  0  1  0  1
  0  1  1
   1  26
41  
  0  1  0  1  0  1
  0  1  1
   1  27
11  
  0  1  0  1  0  1
  0  1  1
   1  28
49  
  0  1  0  1  0  1
  0  1  1
   1  29
5   
  0  1  0  1  0  1
  0  1  1
   1  30
15  
  0  1  0  1  0  1
  0  1  1
   1  31
3   
  0  1  0  1  0  1
  0  1  1
   1  32
18  
  0  1  0  1  0  1
  0  1  1
   1  33
29  
  0  1  0  1  0  1
  0  1  1
   1  34
39  
  0  1  0  1  0  1
  0  1  1
   1  35
49  
  0  1  0  1  0  1
  0  1  1
   1  36
10  
  0  1  0  1  0  1
  0  1  1
   1  37
4   
  0  1  0  1  0  1
  0  1  1
   1  38
50  
  0  1  0  1  0  1
  0  1  1
   1  39
46  
  0  1  0  1  0  1
  0  1  1
   1  40
20  
  0  1  0  1  0  1
  0  1  1
   1  41
16  
  0  1  0  1  0  1
  0  1  1
   1  43
48  
  0  1  0  1  0  1
  0  1  1
   1  44
1   
  0  1  0  1  0  1
  0  1  1
   1  45
19  
  0  1  0  1  0  1
  0  1  1
   1  46
45  
  0  1  0  1  0  1
  0  1  1
   1  47
22  
  0  1  0  1  0  1
  0  1  1
   1  42
37  
  0  1  0  1  0  1
  0  1  1
   1  47
17  
  0  1  0  1  0  1
