 10  8  9  3 00  0  0  0  0
nnn_pot
  8
  8 20
                                                            1.411972    
2.636055    0.440458    
                                                            1.411972    
2.636055    0.632078    
                                                            1.411972    
2.636055    1.993982    
                                                            1.411972    
2.636055    11.814556   
                                                            1.411972    
2.636055    8.449473    
                                                            0.828100    
0.067172    0.453736    
                                                            0.828100    
0.067172    0.632078    
                                                            0.828100    
0.067172    1.993982    
  129.566500   51.346700   29.472870   13.423390    8.214456    4.447413
    2.939000    1.690174    1.185236    0.843000    0.500110    0.257369
    0.138520    0.071429    0.038519    0.018573    0.009726    0.005619
    0.002765    0.001010
  1  1
          1.

  1  1
                      1.

  1  1
                                  1.

  1  1
                                              1.

  1  1
                                                          1.

  1  1
                                                                      1.

  1  1

          1.
  1  1

                      1.
  2
  2 20
                                                            0.828100    
0.067172    11.814556   
                                                            0.828100    
0.067172    8.449473    
  129.566500   51.346700   29.472870   13.423390    8.214456    4.447413
    2.939000    1.690174    1.185236    0.843000    0.500110    0.257369
    0.138520    0.071429    0.038519    0.018573    0.009726    0.005619
    0.002765    0.001010
  1  1
          1.
  1  1
                      1.
  8
  8 20
                                                            1.005545    
1.003527    1.331648    
                                                            1.005545    
1.003527    2.959227    
                                                            1.005545    
1.003527    4.091329    
                                                            0.584687    
1.892219    4.091329    
                                                            0.599126    
0.070819    0.505492    
                                                            0.599126    
0.070819    1.331648    
                                                            0.599126    
0.070819    2.959227    
                                                            0.599126    
0.070819    4.091329    
  129.566500   51.346700   29.472870   13.423390    8.214456    4.447413
    2.939000    1.690174    1.185236    0.843000    0.500110    0.257369
    0.138520    0.071429    0.038519    0.018573    0.009726    0.005619
    0.002765    0.001010
  1  1
          1.

  1  1
                      1.

  1  1
                                  1.

  1  1
                                              1.

  1  1
                                                          1.

  1  1
                                                                      1.

  1  1

          1.
  1  1

                      1.
  8
  8 20
                                                            1.691594    
0.151115    0.459651    
                                                            1.691594    
0.151115    0.505492    
                                                            1.691594    
0.151115    1.331648    
                                                            1.691594    
0.151115    2.960692    
                                                            1.691594    
0.151115    3.287852    
                                                            0.092157    
0.231682    0.364486    
                                                            0.092157    
0.231682    0.459651    
                                                            0.092157    
0.231682    0.505492    
  129.566500   51.346700   29.472870   13.423390    8.214456    4.447413
    2.939000    1.690174    1.185236    0.843000    0.500110    0.257369
    0.138520    0.071429    0.038519    0.018573    0.009726    0.005619
    0.002765    0.001010
  1  1
          1.

  1  1
                      1.

  1  1
                                  1.

  1  1
                                              1.

  1  1
                                                          1.

  1  1
                                                                      1.

  1  1

          1.
  1  1

                      1.
  3
  3 20
                                                            0.092157    
0.231682    1.331648    
                                                            0.092157    
0.231682    2.960692    
                                                            0.092157    
0.231682    3.287852    
  129.566500   51.346700   29.472870   13.423390    8.214456    4.447413
    2.939000    1.690174    1.185236    0.843000    0.500110    0.257369
    0.138520    0.071429    0.038519    0.018573    0.009726    0.005619
    0.002765    0.001010
  1  1
          1.
  1  1
                      1.
  1  1
                                  1.
  8
  8 20
                                                            0.086389    
0.056546    0.336499    
                                                            0.086389    
0.056546    0.667172    
                                                            0.086389    
0.056546    4.758720    
                                                            0.086389    
0.056546    4.328535    
                                                            1.902999    
0.067680    0.170704    
                                                            1.902999    
0.067680    0.233492    
                                                            1.902999    
0.067680    1.800910    
                                                            1.902999    
0.067680    1.780831    
  129.566500   51.346700   29.472870   13.423390    8.214456    4.447413
    2.939000    1.690174    1.185236    0.843000    0.500110    0.257369
    0.138520    0.071429    0.038519    0.018573    0.009726    0.005619
    0.002765    0.001010
  1  1
          1.

  1  1
                      1.

  1  1
                                  1.

  1  1
                                              1.

  1  1
                                                          1.

  1  1
                                                                      1.

  1  1

          1.
  1  1

                      1.
  7
  7 20
                                                            1.902999    
0.067680    4.328527    
                                                            0.896600    
0.190250    0.346648    
                                                            0.896600    
0.190250    1.800910    
                                                            0.896600    
0.190250    1.780831    
                                                            0.896600    
0.190250    4.328527    
                                                            0.354175    
2.312924    1.780831    
                                                            0.354175    
2.312924    4.328527    
  129.566500   51.346700   29.472870   13.423390    8.214456    4.447413
    2.939000    1.690174    1.185236    0.843000    0.500110    0.257369
    0.138520    0.071429    0.038519    0.018573    0.009726    0.005619
    0.002765    0.001010
  1  1
          1.

  1  1
                      1.

  1  1
                                  1.

  1  1
                                              1.

  1  1
                                                          1.

  1  1
                                                                      1.

  1  1

          1.
  8
  8 20
                                                            2.612654    
5.852325    0.819117    
                                                            2.612654    
5.852325    1.506801    
                                                            2.612654    
5.852325    5.001935    
                                                            2.060351    
0.157495    1.506812    
                                                            2.060351    
0.157495    1.968135    
                                                            0.843800    
0.062963    0.303156    
                                                            0.843800    
0.062963    0.508582    
                                                            0.843800    
0.062963    1.968135    
  129.566500   51.346700   29.472870   13.423390    8.214456    4.447413
    2.939000    1.690174    1.185236    0.843000    0.500110    0.257369
    0.138520    0.071429    0.038519    0.018573    0.009726    0.005619
    0.002765    0.001010
  1  1
          1.

  1  1
                      1.

  1  1
                                  1.

  1  1
                                              1.

  1  1
                                                          1.

  1  1
                                                                      1.

  1  1

          1.
  1  1

                      1.
eob-tni/tpn_1s0h_tpn_1s0h
elu-tni/000-0-0_000-0-0
eob-tni/tpn_1s0h_tpn_1s0h
elu-tni/000-0-0_000-0-0
eob-tni/tpn_1s0h_tpn_1s0h
elu-tni/000-0-0_000-0-0
eob-tni/tpn_6s0h_tpn_1s0h
elu-tni/000-0-0_000-0-0
eob-tni/tpn_6s0h_tpn_1s0h
elu-tni/000-0-0_000-0-0
eob-tni/tpn_6s0h_tpn_6s0h
elu-tni/000-0-0_000-0-0
eob-tni/tpn_6s0h_tpn_1s0h
elu-tni/000-0-0_000-0-0
eob-tni/tpn_6s0h_tpn_1s0h
elu-tni/000-0-0_000-0-0
eob-tni/tpn_6s0h_tpn_6s0h
elu-tni/000-0-0_000-0-0
eob-tni/tpn_6s0h_tpn_6s0h
elu-tni/000-0-0_000-0-0
eob-tni/tpn_6s0h_tpn_1s0h
elu-tni/000-0-0_000-0-0
eob-tni/tpn_6s0h_tpn_1s0h
elu-tni/000-0-0_000-0-0
eob-tni/tpn_6s0h_tpn_6s0h
elu-tni/000-0-0_000-0-0
eob-tni/tpn_6s0h_tpn_6s0h
elu-tni/000-0-0_000-0-0
eob-tni/tpn_6s0h_tpn_6s0h
elu-tni/000-0-0_000-0-0
eob-tni/henn_1s0h_tpn_1s0h
elu-tni/000-0-0_000-0-0
eob-tni/henn_1s0h_tpn_1s0h
elu-tni/000-0-0_000-0-0
eob-tni/henn_1s0h_tpn_6s0h
elu-tni/000-0-0_000-0-0
eob-tni/henn_1s0h_tpn_6s0h
elu-tni/000-0-0_000-0-0
eob-tni/henn_1s0h_tpn_6s0h
elu-tni/000-0-0_000-0-0
eob-tni/henn_1s0h_henn_1s0h
elu-tni/000-0-0_000-0-0
eob-tni/henn_1s0h_tpn_1s0h
elu-tni/000-0-0_000-0-0
eob-tni/henn_1s0h_tpn_1s0h
elu-tni/000-0-0_000-0-0
eob-tni/henn_1s0h_tpn_6s0h
elu-tni/000-0-0_000-0-0
eob-tni/henn_1s0h_tpn_6s0h
elu-tni/000-0-0_000-0-0
eob-tni/henn_1s0h_tpn_6s0h
elu-tni/000-0-0_000-0-0
eob-tni/henn_1s0h_henn_1s0h
elu-tni/000-0-0_000-0-0
eob-tni/henn_1s0h_henn_1s0h
elu-tni/000-0-0_000-0-0
eob-tni/henn_6s0h_tpn_1s0h
elu-tni/000-0-0_000-0-0
eob-tni/henn_6s0h_tpn_1s0h
elu-tni/000-0-0_000-0-0
eob-tni/henn_6s0h_tpn_6s0h
elu-tni/000-0-0_000-0-0
eob-tni/henn_6s0h_tpn_6s0h
elu-tni/000-0-0_000-0-0
eob-tni/henn_6s0h_tpn_6s0h
elu-tni/000-0-0_000-0-0
eob-tni/henn_6s0h_henn_1s0h
elu-tni/000-0-0_000-0-0
eob-tni/henn_6s0h_henn_1s0h
elu-tni/000-0-0_000-0-0
eob-tni/henn_6s0h_henn_6s0h
elu-tni/000-0-0_000-0-0
