 10  8  9  3 00  0  0  0  0
nn_pot
  8                                                            Z1  BVs 1 - 8
  8  8
                                    10.950808   
                                    7.678743    
                                    4.936150    
                                    1.482664    
                                    1.449627    
                                    1.234373    
                                    0.264158    
                                    0.017151    
    8.249944    4.404449    0.749752    0.467642    0.244134    0.187008
    0.068207    0.046133
  1  1
          1.

  1  1
                      1.

  1  1
                                  1.

  1  1
                                              1.

  1  1
                                                          1.

  1  1
                                                                      1.

  1  1

          1.
  1  1

                      1.
  8                                                            Z2  BVs 9 - 16
  8  8
                                    15.624307   
                                    5.968504    
                                    1.617168    
                                    1.530863    
                                    0.950614    
                                    0.124939    
                                    0.107846    
                                    0.076599    
   29.459547    7.674018    0.869850    0.710433    0.434383    0.234351
    0.088805    0.068533
  1  1
          1.

  1  1
                      1.

  1  1
                                  1.

  1  1
                                              1.

  1  1
                                                          1.

  1  1
                                                                      1.

  1  1

          1.
  1  1

                      1.
eob/t_no1_t_no1
elu/000_000
eob/t_no6_t_no1
elu/000_000
eob/t_no6_t_no6
elu/000_000
