 11  2 12 31  1  1 +2  0  0 -1
  1  1  1  1  0  0  0  0  0  0  0  0  0  0  1  1
   0.0000000   1.0000000   1.0000000   1.0000000   1.0000000   1.0000000   1.0000000
   1.0000000   1.0000000   1.0000000   1.0000000   1.0000000   1.0000000   1.0000000
   1.0000000   1.0000000   1.0000000   1.0000000   1.0000000   1.0000000   1.0000000
   1.0000000   1.0000000   1.0000000   1.0000000   1.0000000   1.0000000   1.0000000
   1.0000000   1.0000000
   0 114   0   0   0   1
 164
-1.727844000        
4.009851000         
0.046861620         
0.000224523         
3.369736000         
7.771604000         
-0.122324000        
-0.000295040        
-1.187066000        
0.684759000         
-0.017300240        
0.000059297         
0.190544200         
0.423267700         
-0.101568200        
-0.000248231        
0.011112850         
-0.014632250        
0.015155320         
0.000069276         
-0.003480784        
-0.000697386        
0.000555116         
-0.000010819        
0.000132480         
0.000005053         
0.000053636         
0.000001029         
-0.000037730        
-0.000001001        
-0.000009519        
-0.000000031        
-16.366510000       
2.565127000         
-0.022011070        
-0.016512600        
52.406550000        
-5.994519000        
-0.187330800        
0.040091980         
-46.358120000       
5.093089000         
0.383488200         
-0.022427680        
5.473973000         
4.865076000         
0.831443600         
-0.049525690        
-4.533852000        
-4.702209000        
-0.871965300        
0.055401940         
-0.553421300        
0.426107500         
0.226598400         
-0.003574772        
0.005361290         
0.000672498         
-0.009490568        
-0.000381235        
0.002966684         
-0.000711516        
-0.000349354        
0.000004294         
0.382041086         
1.075193896         
0.664723284         
0.445509901         
0.250293875         
0.145538951         
0.058550721         
0.011262763         
0.756490568         
0.935378999         
0.626908393         
0.352206159         
0.204798119         
0.082390847         
0.015848628         
0.289142360         
0.387577168         
0.217746432         
0.126613515         
0.050936966         
0.009798188         
0.129880711         
0.145937706         
0.084858731         
0.034138901         
0.006566928         
0.040994952         
0.047674857         
0.019179726         
0.003689394         
0.013860804         
0.011152479         
0.002145281         
0.002243337         
0.000863052         
0.000083008         
-0.142410800        
0.394481300         
-0.009557356        
-0.007826879        
0.346324300         
0.761253000         
-0.045359570        
-0.012245400        
-0.114673000        
0.070623810         
-0.009879018        
-0.008846608        
0.014927070         
0.028927230         
-0.032219430        
-0.005671325        
0.001627280         
0.000348236         
0.000261386         
-0.003182200        
-0.000340729        
-0.000120651        
0.000272290         
-0.001426787        
0.000017490         
-0.000036234        
0.000086809         
-0.000024268        
-0.000003477        
0.000006318         
-0.000009202        
-0.000108624        
-1.687254000        
0.302434600         
0.044585670         
-0.039408480        
5.222276000         
-0.740681400        
-0.111601800        
0.097894280         
-4.590591000        
0.622041800         
0.130601100         
-0.083848860        
0.447996200         
0.763089100         
0.202517100         
-0.130821800        
-0.356564800        
-0.758999400        
-0.215883400        
0.134238000         
-0.048869920        
0.075633990         
0.063364580         
-0.017361970        
-0.000788267        
-0.000956434        
0.002242653         
-0.002753695        
0.000417068         
0.000043918         
-0.000499796        
-0.000092241        
  1  1  0
  64  37  38  39  40  41  42  43  44  45  46  47  48  49  50  51  52  53  54  55
  56  57  58  59  60  61  62  63  64  65  66  67  68  69  70  71  72  73  74  75
  76  77  78  79  80  81  82  83  84  85  86  87  88  89  90  91  92  93  94  95
  96  97  98  99 100
   1   2   3   4   5   6   7   8   9  10  11  12  13  14  15  16  17  18  19  20
  21  22  23  24  25  26  27  28  29  30  31  32  33  34  35  36  37  38  39  40
  41  42  43  44  45  46  47  48  49  50  51  52  53  54  55  56  57  58  59  60
  61  62  63  64
  1  1  1  1  1  1  1  1  1  1  1  1  1  1  1  1  1  1  1  1
  2  2  0
  36   1   2   3   4   5   6   7   8   9  10  11  12  13  14  15  16  17  18  19
  20  21  22  23  24  25  26  27  28  29  30  31  32  33  34  35  36
  65  66  67  68  69  70  71  72  73  74  75  76  77  78  79  80  81  82  83  84
  85  86  87  88  89  90  91  92  93  94  95  96  97  98  99 100
  1  1  1  1  1  1  1  1  1  1  1  1  1  1  1  1  1  1  1  1
  1  1  0
  64  37  38  39  40  41  42  43  44  45  46  47  48  49  50  51  52  53  54  55
  56  57  58  59  60  61  62  63  64  65  66  67  68  69  70  71  72  73  74  75
  76  77  78  79  80  81  82  83  84  85  86  87  88  89  90  91  92  93  94  95
  96  97  98  99 100
 101 102 103 104 105 106 107 108 109 110 111 112 113 114 115 116 117 118 119 120
 121 122 123 124 125 126 127 128 129 130 131 132 133 134 135 136 137 138 139 140
 141 142 143 144 145 146 147 148 149 150 151 152 153 154 155 156 157 158 159 160
 161 162 163 164
  1  1  1  1  1  1  1  1  1  1  1  1  1  1  1  1  1  1  1  1
  1  1  0 -1
   1  37
137 
  1  0  1  0  1  0  1  0  1  0  0
  1  1  0
   1  38
86  
  1  0  1  0  1  0  1  0  1  0  0
  1  1  0
   1  39
106 
  1  0  1  0  1  0  1  0  1  0  0
  1  1  0
   1  40
7   
  1  0  1  0  1  0  1  0  1  0  0
  1  1  0
   1  41
39  
  1  0  1  0  1  0  1  0  1  0  0
  1  1  0
   1  42
42  
  1  0  1  0  1  0  1  0  1  0  0
  1  1  0
   1  43
83  
  1  0  1  0  1  0  1  0  1  0  0
  1  1  0
   1  44
39  
  1  0  1  0  1  0  1  0  1  0  0
  1  1  0
   1  45
38  
  1  0  1  0  1  0  1  0  1  0  0
  1  1  0
   1  46
5   
  1  0  1  0  1  0  1  0  1  0  0
  1  1  0
   1  47
13  
  1  0  1  0  1  0  1  0  1  0  0
  1  1  0
   1  48
86  
  1  0  1  0  1  0  1  0  1  0  0
  1  1  0
   1  49
138 
  1  0  1  0  1  0  1  0  1  0  0
  1  1  0
   1  50
134 
  1  0  1  0  1  0  1  0  1  0  0
  1  1  0
   1  51
55  
  1  0  1  0  1  0  1  0  1  0  0
  1  1  0
   1  52
81  
  1  0  1  0  1  0  1  0  1  0  0
  1  1  0
   1  53
43  
  1  0  1  0  1  0  1  0  1  0  0
  1  1  0
   1  54
134 
  1  0  1  0  1  0  1  0  1  0  0
  1  1  0
   1  55
101 
  1  0  1  0  1  0  1  0  1  0  0
  1  1  0
   1  56
139 
  1  0  1  0  1  0  1  0  1  0  0
  1  1  0
   1  57
70  
  1  0  1  0  1  0  1  0  1  0  0
  1  1  0
   1  58
67  
  1  0  1  0  1  0  1  0  1  0  0
  1  1  0
   1  59
101 
  1  0  1  0  1  0  1  0  1  0  0
  1  1  0
   1  60
149 
  1  0  1  0  1  0  1  0  1  0  0
  1  1  0
   1  61
147 
  1  0  1  0  1  0  1  0  1  0  0
  1  1  0
   1  62
33  
  1  0  1  0  1  0  1  0  1  0  0
  1  1  0
   1  63
142 
  1  0  1  0  1  0  1  0  1  0  0
  1  1  0
   1  64
14  
  1  0  1  0  1  0  1  0  1  0  0
  1  1  0
   1  65
101 
  1  0  1  0  1  0  1  0  1  0  0
  1  1  0
   1  66
133 
  1  0  1  0  1  0  1  0  1  0  0
  1  1  0
   1  67
67  
  1  0  1  0  1  0  1  0  1  0  0
  1  1  0
   1  68
33  
  1  0  1  0  1  0  1  0  1  0  0
  1  1  0
   1  69
86  
  1  0  1  0  1  0  1  0  1  0  0
  1  1  0
   1  70
148 
  1  0  1  0  1  0  1  0  1  0  0
  1  1  0
   1  71
137 
  1  0  1  0  1  0  1  0  1  0  0
  1  1  0
   1  72
34  
  1  0  1  0  1  0  1  0  1  0  0
  1  1  0
   1  73
151 
  1  0  1  0  1  0  1  0  1  0  0
  1  1  0
   1  74
109 
  1  0  1  0  1  0  1  0  1  0  0
  1  1  0
   1  75
138 
  1  0  1  0  1  0  1  0  1  0  0
  1  1  0
   1  76
39  
  1  0  1  0  1  0  1  0  1  0  0
  1  1  0
   1  77
152 
  1  0  1  0  1  0  1  0  1  0  0
  1  1  0
   1  78
73  
  1  0  1  0  1  0  1  0  1  0  0
  1  1  0
   1  79
101 
  1  0  1  0  1  0  1  0  1  0  0
  1  1  0
   1  80
66  
  1  0  1  0  1  0  1  0  1  0  0
  1  1  0
   1  81
66  
  1  0  1  0  1  0  1  0  1  0  0
  1  1  0
   1  82
148 
  1  0  1  0  1  0  1  0  1  0  0
  1  1  0
   1  83
10  
  1  0  1  0  1  0  1  0  1  0  0
  1  1  0
   1  84
43  
  1  0  1  0  1  0  1  0  1  0  0
  1  1  0
   1  85
38  
  1  0  1  0  1  0  1  0  1  0  0
  1  1  0
   1  86
147 
  1  0  1  0  1  0  1  0  1  0  0
  1  1  0
   1  87
53  
  1  0  1  0  1  0  1  0  1  0  0
  1  1  0
   1  88
76  
  1  0  1  0  1  0  1  0  1  0  0
  1  1  0
   1  89
75  
  1  0  1  0  1  0  1  0  1  0  0
  1  1  0
   1  90
45  
  1  0  1  0  1  0  1  0  1  0  0
  1  1  0
   1  91
49  
  1  0  1  0  1  0  1  0  1  0  0
  1  1  0
   1  92
65  
  1  0  1  0  1  0  1  0  1  0  0
  1  1  0
   1  93
14  
  1  0  1  0  1  0  1  0  1  0  0
  1  1  0
   1  94
83  
  1  0  1  0  1  0  1  0  1  0  0
  1  1  0
   1  95
15  
  1  0  1  0  1  0  1  0  1  0  0
  1  1  0
   1  96
74  
  1  0  1  0  1  0  1  0  1  0  0
  2  2  0
   1   1
106 
  1  0  1  0  1  0  1  0  1  0  0
  2  2  0
   1   2
10  
  1  0  1  0  1  0  1  0  1  0  0
  2  2  0
   1   3
105 
  1  0  1  0  1  0  1  0  1  0  0
  2  2  0
   1   4
10  
  1  0  1  0  1  0  1  0  1  0  0
  2  2  0
   1   5
134 
  1  0  1  0  1  0  1  0  1  0  0
  2  2  0
   1   6
53  
  1  0  1  0  1  0  1  0  1  0  0
  2  2  0
   1   7
55  
  1  0  1  0  1  0  1  0  1  0  0
  2  2  0
   1   8
41  
  1  0  1  0  1  0  1  0  1  0  0
  2  2  0
   1   9
37  
  1  0  1  0  1  0  1  0  1  0  0
  2  2  0
   1  10
83  
  1  0  1  0  1  0  1  0  1  0  0
  2  2  0
   1  11
139 
  1  0  1  0  1  0  1  0  1  0  0
  2  2  0
   1  12
74  
  1  0  1  0  1  0  1  0  1  0  0
  2  2  0
   1  13
37  
  1  0  1  0  1  0  1  0  1  0  0
  2  2  0
   1  14
33  
  1  0  1  0  1  0  1  0  1  0  0
  2  2  0
   1  15
73  
  1  0  1  0  1  0  1  0  1  0  0
  2  2  0
   1  16
145 
  1  0  1  0  1  0  1  0  1  0  0
  2  2  0
   1  17
47  
  1  0  1  0  1  0  1  0  1  0  0
  2  2  0
   1  18
76  
  1  0  1  0  1  0  1  0  1  0  0
  2  2  0
   1  19
42  
  1  0  1  0  1  0  1  0  1  0  0
  2  2  0
   1  20
1   
  1  0  1  0  1  0  1  0  1  0  0
  2  2  0
   1  21
70  
  1  0  1  0  1  0  1  0  1  0  0
  2  2  0
   1  22
102 
  1  0  1  0  1  0  1  0  1  0  0
  2  2  0
   1  23
73  
  1  0  1  0  1  0  1  0  1  0  0
  2  2  0
   1  24
152 
  1  0  1  0  1  0  1  0  1  0  0
  2  2  0
   1  25
37  
  1  0  1  0  1  0  1  0  1  0  0
  2  2  0
   1  26
137 
  1  0  1  0  1  0  1  0  1  0  0
  2  2  0
   1  27
80  
  1  0  1  0  1  0  1  0  1  0  0
  2  2  0
   1  28
148 
  1  0  1  0  1  0  1  0  1  0  0
  2  2  0
   1  29
69  
  1  0  1  0  1  0  1  0  1  0  0
  2  2  0
   1  30
137 
  1  0  1  0  1  0  1  0  1  0  0
  2  2  0
   1  31
102 
  1  0  1  0  1  0  1  0  1  0  0
  2  2  0
   1  32
106 
  1  0  1  0  1  0  1  0  1  0  0
  2  2  0
   1 101
140 
  1  0  1  0  1  0  1  0  1  0  0
  2  2  0
   1 102
48  
  1  0  1  0  1  0  1  0  1  0  0
  2  2  0
   1 103
138 
  1  0  1  0  1  0  1  0  1  0  0
  2  2  0
   1 104
41  
  1  0  1  0  1  0  1  0  1  0  0
  2  2  0
   1 105
50  
  1  0  1  0  1  0  1  0  1  0  0
  2  2  0
   1 106
101 
  1  0  1  0  1  0  1  0  1  0  0
  2  2  0
   1 107
39  
  1  0  1  0  1  0  1  0  1  0  0
  2  2  0
   1 108
111 
  1  0  1  0  1  0  1  0  1  0  0
  2  2  0
   1 109
70  
  1  0  1  0  1  0  1  0  1  0  0
  2  2  0
   1 110
129 
  1  0  1  0  1  0  1  0  1  0  0
  2  2  0
   1 111
65  
  1  0  1  0  1  0  1  0  1  0  0
  2  2  0
   1 112
50  
  1  0  1  0  1  0  1  0  1  0  0
  1  1  0
   1 113
111 
  1  0  1  0  1  0  1  0  1  0  0
  1  1  0
   1 114
41  
  1  0  1  0  1  0  1  0  1  0  0
  1  1  0
   1 115
101 
  1  0  1  0  1  0  1  0  1  0  0
  1  1  0
   1 116
45  
  1  0  1  0  1  0  1  0  1  0  0
  1  1  0
   1 117
130 
  1  0  1  0  1  0  1  0  1  0  0
  1  1  0
   1 118
38  
  1  0  1  0  1  0  1  0  1  0  0
  1  1  0
   1 119
102 
  1  0  1  0  1  0  1  0  1  0  0
  1  1  0
   1 120
103 
  1  0  1  0  1  0  1  0  1  0  0
  1  1  0
   1 121
79  
  1  0  1  0  1  0  1  0  1  0  0
  1  1  0
   1 122
138 
  1  0  1  0  1  0  1  0  1  0  0
  1  1  0
   1 123
5   
  1  0  1  0  1  0  1  0  1  0  0
  1  1  0
   1 124
134 
  1  0  1  0  1  0  1  0  1  0  0
