 10  8  9  3 00  0  0  0  0
nnn_pot
  8
  8 20
                                                19.074249   19.074249   
                                                19.074249   7.819960    
                                                19.074249   2.952520    
                                                19.074249   0.975881    
                                                19.074249   0.298532    
                                                19.074249   0.081348    
                                                19.074249   0.018567    
                                                19.074249   0.004521    
   15.848932    8.237387    4.281332    2.225197    1.156533    0.601101
    0.312419    0.162378    0.084395    0.043864    0.022798    0.011849
    0.006158    0.003201    0.001664    0.000865    0.000449    0.000234
    0.000121    0.000063
  1  1
          1.

  1  1
                      1.

  1  1
                                  1.

  1  1
                                              1.

  1  1
                                                          1.

  1  1
                                                                      1.

  1  1

          1.
  1  1

                      1.
  8
  8 20
                                                7.819960    7.819960    
                                                7.819960    2.952520    
                                                7.819960    0.975881    
                                                7.819960    0.298532    
                                                7.819960    0.081348    
                                                7.819960    0.018567    
                                                7.819960    0.004521    
                                                2.952520    2.952520    
   15.848932    8.237387    4.281332    2.225197    1.156533    0.601101
    0.312419    0.162378    0.084395    0.043864    0.022798    0.011849
    0.006158    0.003201    0.001664    0.000865    0.000449    0.000234
    0.000121    0.000063
  1  1
          1.

  1  1
                      1.

  1  1
                                  1.

  1  1
                                              1.

  1  1
                                                          1.

  1  1
                                                                      1.

  1  1

          1.
  1  1

                      1.
  8
  8 20
                                                2.952520    0.975881    
                                                2.952520    0.298532    
                                                2.952520    0.081348    
                                                2.952520    0.018567    
                                                2.952520    0.004521    
                                                0.975881    0.975881    
                                                0.975881    0.298532    
                                                0.975881    0.081348    
   15.848932    8.237387    4.281332    2.225197    1.156533    0.601101
    0.312419    0.162378    0.084395    0.043864    0.022798    0.011849
    0.006158    0.003201    0.001664    0.000865    0.000449    0.000234
    0.000121    0.000063
  1  1
          1.

  1  1
                      1.

  1  1
                                  1.

  1  1
                                              1.

  1  1
                                                          1.

  1  1
                                                                      1.

  1  1

          1.
  1  1

                      1.
  8
  8 20
                                                0.975881    0.018567    
                                                0.975881    0.004521    
                                                0.298532    0.298532    
                                                0.298532    0.081348    
                                                0.298532    0.018567    
                                                0.298532    0.004521    
                                                0.081348    0.081348    
                                                0.081348    0.018567    
   15.848932    8.237387    4.281332    2.225197    1.156533    0.601101
    0.312419    0.162378    0.084395    0.043864    0.022798    0.011849
    0.006158    0.003201    0.001664    0.000865    0.000449    0.000234
    0.000121    0.000063
  1  1
          1.

  1  1
                      1.

  1  1
                                  1.

  1  1
                                              1.

  1  1
                                                          1.

  1  1
                                                                      1.

  1  1

          1.
  1  1

                      1.
  4
  4 20
                                                0.081348    0.004521    
                                                0.018567    0.018567    
                                                0.018567    0.004521    
                                                0.004521    0.004521    
   15.848932    8.237387    4.281332    2.225197    1.156533    0.601101
    0.312419    0.162378    0.084395    0.043864    0.022798    0.011849
    0.006158    0.003201    0.001664    0.000865    0.000449    0.000234
    0.000121    0.000063
  1  1
          1.
  1  1
                      1.
  1  1
                                  1.
  1  1
                                              1.
  8
  8 20
                                                19.503891   9.602958    
                                                19.503891   4.546610    
                                                19.503891   0.116429    
                                                19.503891   0.007050    
                                                8.691788    9.602958    
                                                8.691788    4.546610    
                                                8.691788    0.116429    
                                                8.691788    0.007050    
   15.848932    8.237387    4.281332    2.225197    1.156533    0.601101
    0.312419    0.162378    0.084395    0.043864    0.022798    0.011849
    0.006158    0.003201    0.001664    0.000865    0.000449    0.000234
    0.000121    0.000063
  1  1
          1.

  1  1
                      1.

  1  1
                                  1.

  1  1
                                              1.

  1  1
                                                          1.

  1  1
                                                                      1.

  1  1

          1.
  1  1

                      1.
  8
  8 20
                                                3.195671    9.602958    
                                                3.195671    4.546610    
                                                3.195671    0.116429    
                                                3.195671    0.007050    
                                                0.938459    9.602958    
                                                0.938459    4.546610    
                                                0.938459    0.116429    
                                                0.938459    0.007050    
   15.848932    8.237387    4.281332    2.225197    1.156533    0.601101
    0.312419    0.162378    0.084395    0.043864    0.022798    0.011849
    0.006158    0.003201    0.001664    0.000865    0.000449    0.000234
    0.000121    0.000063
  1  1
          1.

  1  1
                      1.

  1  1
                                  1.

  1  1
                                              1.

  1  1
                                                          1.

  1  1
                                                                      1.

  1  1

          1.
  1  1

                      1.
  8
  8 20
                                                0.233557    9.602958    
                                                0.233557    4.546610    
                                                0.233557    0.116429    
                                                0.233557    0.007050    
                                                0.044398    9.602958    
                                                0.044398    4.546610    
                                                0.044398    0.116429    
                                                0.044398    0.007050    
   15.848932    8.237387    4.281332    2.225197    1.156533    0.601101
    0.312419    0.162378    0.084395    0.043864    0.022798    0.011849
    0.006158    0.003201    0.001664    0.000865    0.000449    0.000234
    0.000121    0.000063
  1  1
          1.

  1  1
                      1.

  1  1
                                  1.

  1  1
                                              1.

  1  1
                                                          1.

  1  1
                                                                      1.

  1  1

          1.
  1  1

                      1.
  8
  8 20
                                                0.012201    9.602958    
                                                0.012201    4.546610    
                                                0.012201    0.116429    
                                                0.012201    0.007050    
                                                0.005213    9.602958    
                                                0.005213    4.546610    
                                                0.005213    0.116429    
                                                0.005213    0.007050    
   15.848932    8.237387    4.281332    2.225197    1.156533    0.601101
    0.312419    0.162378    0.084395    0.043864    0.022798    0.011849
    0.006158    0.003201    0.001664    0.000865    0.000449    0.000234
    0.000121    0.000063
  1  1
          1.

  1  1
                      1.

  1  1
                                  1.

  1  1
                                              1.

  1  1
                                                          1.

  1  1
                                                                      1.

  1  1

          1.
  1  1

                      1.
  8
  8 20
                                                13.071424   6.508696    
                                                13.071424   0.790741    
                                                13.071424   0.145748    
                                                13.071424   0.030955    
                                                9.756773    6.508696    
                                                9.756773    0.790741    
                                                9.756773    0.145748    
                                                9.756773    0.030955    
   15.848932    8.237387    4.281332    2.225197    1.156533    0.601101
    0.312419    0.162378    0.084395    0.043864    0.022798    0.011849
    0.006158    0.003201    0.001664    0.000865    0.000449    0.000234
    0.000121    0.000063
  1  1
          1.

  1  1
                      1.

  1  1
                                  1.

  1  1
                                              1.

  1  1
                                                          1.

  1  1
                                                                      1.

  1  1

          1.
  1  1

                      1.
  8
  8 20
                                                8.719273    6.508696    
                                                8.719273    0.790741    
                                                8.719273    0.145748    
                                                8.719273    0.030955    
                                                1.606061    6.508696    
                                                1.606061    0.790741    
                                                1.606061    0.145748    
                                                1.606061    0.030955    
   15.848932    8.237387    4.281332    2.225197    1.156533    0.601101
    0.312419    0.162378    0.084395    0.043864    0.022798    0.011849
    0.006158    0.003201    0.001664    0.000865    0.000449    0.000234
    0.000121    0.000063
  1  1
          1.

  1  1
                      1.

  1  1
                                  1.

  1  1
                                              1.

  1  1
                                                          1.

  1  1
                                                                      1.

  1  1

          1.
  1  1

                      1.
  8
  8 20
                                                1.507502    6.508696    
                                                1.507502    0.790741    
                                                1.507502    0.145748    
                                                1.507502    0.030955    
                                                0.947721    6.508696    
                                                0.947721    0.790741    
                                                0.947721    0.145748    
                                                0.947721    0.030955    
   15.848932    8.237387    4.281332    2.225197    1.156533    0.601101
    0.312419    0.162378    0.084395    0.043864    0.022798    0.011849
    0.006158    0.003201    0.001664    0.000865    0.000449    0.000234
    0.000121    0.000063
  1  1
          1.

  1  1
                      1.

  1  1
                                  1.

  1  1
                                              1.

  1  1
                                                          1.

  1  1
                                                                      1.

  1  1

          1.
  1  1

                      1.
  8
  8 20
                                                0.165210    6.508696    
                                                0.165210    0.790741    
                                                0.165210    0.145748    
                                                0.165210    0.030955    
                                                0.039227    6.508696    
                                                0.039227    0.790741    
                                                0.039227    0.145748    
                                                0.039227    0.030955    
   15.848932    8.237387    4.281332    2.225197    1.156533    0.601101
    0.312419    0.162378    0.084395    0.043864    0.022798    0.011849
    0.006158    0.003201    0.001664    0.000865    0.000449    0.000234
    0.000121    0.000063
  1  1
          1.

  1  1
                      1.

  1  1
                                  1.

  1  1
                                              1.

  1  1
                                                          1.

  1  1
                                                                      1.

  1  1

          1.
  1  1

                      1.
  8                                                            Z1  BVs 1 - 8
  8 10
                                                3.732596    0.059728    
                                                6.204090    1.228294    
                                                0.308158    0.084292    
                                                25.411247   3.273178    
                                                10.953292   20.363197   
                                                1.007780    0.440890    
                                                0.039014    27.542313   
                                                0.108264    0.050016    
   13.233459    3.065925    1.499117    0.661706    0.607631    0.144597
    0.054912    0.036242    0.002868    0.002153
  1  1
          1.

  1  1
                      1.

  1  1
                                  1.

  1  1
                                              1.

  1  1
                                                          1.

  1  1
                                                                      1.

  1  1

          1.
  1  1

                      1.
  4                                                            Z2  BVs 9 - 12
  4 10
                                                0.597717    0.225806    
                                                0.116832    1.006363    
                                                0.520465    15.198773   
                                                0.028256    6.133621    
    4.503791    3.118346  319.848663    0.241236    0.176352    0.095735
    0.080527    0.037801    0.749988    0.002147
  1  1
          1.
  1  1
                      1.
  1  1
                                  1.
  1  1
                                              1.
  8                                                            Z3  BVs 13 - 20
  8 10
                                                22.622829   0.108139    
                                                1.359075    3.440158    
                                                0.512612    0.985249    
                                                8.407830    0.009720    
                                                3.029963    0.380770    
                                                29.743984   1.830000    
                                                9.175714    2.537896    
                                                3.495023    0.014982    
    2.991978    4.466933   34.386326    0.876039    0.356625    0.256881
    0.121689    0.044384    0.013612    0.001821
  1  1
          1.

  1  1
                      1.

  1  1
                                  1.

  1  1
                                              1.

  1  1
                                                          1.

  1  1
                                                                      1.

  1  1

          1.
  1  1

                      1.
  4                                                            Z4  BVs 21 - 24
  4 10
                                                7.025710    0.469245    
                                                7.429806    1.309978    
                                                0.285642    0.102666    
                                                0.159693    22.697006   
    5.983053    6.216903    2.078676    0.907625    0.356626    0.080639
    0.106458    0.028141    0.008901    0.002784
  1  1
          1.
  1  1
                      1.
  1  1
                                  1.
  1  1
                                              1.
eob-tni/np3s_np3s_12-34_np3s_np3s_12-34
elu-tni/000-0_000-0
eob-tni/np3s_np3s_12-34_np3s_np3s_12-34
elu-tni/000-0_000-0
eob-tni/np3s_np3s_12-34_np3s_np3s_12-34
elu-tni/000-0_000-0
eob-tni/np3s_np3s_12-34_np3s_np3s_12-34
elu-tni/000-0_000-0
eob-tni/np3s_np3s_12-34_np3s_np3s_12-34
elu-tni/000-0_000-0
eob-tni/np3s_np3s_12-34_np3s_np3s_12-34
elu-tni/000-0_000-0
eob-tni/np3s_np3s_12-34_np3s_np3s_12-34
elu-tni/000-0_000-0
eob-tni/np3s_np3s_12-34_np3s_np3s_12-34
elu-tni/000-0_000-0
eob-tni/np3s_np3s_12-34_np3s_np3s_12-34
elu-tni/000-0_000-0
eob-tni/np3s_np3s_12-34_np3s_np3s_12-34
elu-tni/000-0_000-0
eob-tni/np3s_np3s_12-34_np3s_np3s_12-34
elu-tni/000-0_000-0
eob-tni/np3s_np3s_12-34_np3s_np3s_12-34
elu-tni/000-0_000-0
eob-tni/np3s_np3s_12-34_np3s_np3s_12-34
elu-tni/000-0_000-0
eob-tni/np3s_np3s_12-34_np3s_np3s_12-34
elu-tni/000-0_000-0
eob-tni/np3s_np3s_12-34_np3s_np3s_12-34
elu-tni/000-0_000-0
eob-tni/tp_123-4_np3s_np3s_12-34
elu-tni/000-0_000-0
eob-tni/tp_123-4_np3s_np3s_12-34
elu-tni/000-0_000-0
eob-tni/tp_123-4_np3s_np3s_12-34
elu-tni/000-0_000-0
eob-tni/tp_123-4_np3s_np3s_12-34
elu-tni/000-0_000-0
eob-tni/tp_123-4_np3s_np3s_12-34
elu-tni/000-0_000-0
eob-tni/tp_123-4_tp_123-4
elu-tni/000-0_000-0
eob-tni/tp_123-4_np3s_np3s_12-34
elu-tni/000-0_000-0
eob-tni/tp_123-4_np3s_np3s_12-34
elu-tni/000-0_000-0
eob-tni/tp_123-4_np3s_np3s_12-34
elu-tni/000-0_000-0
eob-tni/tp_123-4_np3s_np3s_12-34
elu-tni/000-0_000-0
eob-tni/tp_123-4_np3s_np3s_12-34
elu-tni/000-0_000-0
eob-tni/tp_123-4_tp_123-4
elu-tni/000-0_000-0
eob-tni/tp_123-4_tp_123-4
elu-tni/000-0_000-0
eob-tni/tp_123-4_np3s_np3s_12-34
elu-tni/000-0_000-0
eob-tni/tp_123-4_np3s_np3s_12-34
elu-tni/000-0_000-0
eob-tni/tp_123-4_np3s_np3s_12-34
elu-tni/000-0_000-0
eob-tni/tp_123-4_np3s_np3s_12-34
elu-tni/000-0_000-0
eob-tni/tp_123-4_np3s_np3s_12-34
elu-tni/000-0_000-0
eob-tni/tp_123-4_tp_123-4
elu-tni/000-0_000-0
eob-tni/tp_123-4_tp_123-4
elu-tni/000-0_000-0
eob-tni/tp_123-4_tp_123-4
elu-tni/000-0_000-0
eob-tni/tp_123-4_np3s_np3s_12-34
elu-tni/000-0_000-0
eob-tni/tp_123-4_np3s_np3s_12-34
elu-tni/000-0_000-0
eob-tni/tp_123-4_np3s_np3s_12-34
elu-tni/000-0_000-0
eob-tni/tp_123-4_np3s_np3s_12-34
elu-tni/000-0_000-0
eob-tni/tp_123-4_np3s_np3s_12-34
elu-tni/000-0_000-0
eob-tni/tp_123-4_tp_123-4
elu-tni/000-0_000-0
eob-tni/tp_123-4_tp_123-4
elu-tni/000-0_000-0
eob-tni/tp_123-4_tp_123-4
elu-tni/000-0_000-0
eob-tni/tp_123-4_tp_123-4
elu-tni/000-0_000-0
eob-tni/tp_123-4_np3s_np3s_12-34
elu-tni/000-0_000-0
eob-tni/tp_123-4_np3s_np3s_12-34
elu-tni/000-0_000-0
eob-tni/tp_123-4_np3s_np3s_12-34
elu-tni/000-0_000-0
eob-tni/tp_123-4_np3s_np3s_12-34
elu-tni/000-0_000-0
eob-tni/tp_123-4_np3s_np3s_12-34
elu-tni/000-0_000-0
eob-tni/tp_123-4_tp_123-4
elu-tni/000-0_000-0
eob-tni/tp_123-4_tp_123-4
elu-tni/000-0_000-0
eob-tni/tp_123-4_tp_123-4
elu-tni/000-0_000-0
eob-tni/tp_123-4_tp_123-4
elu-tni/000-0_000-0
eob-tni/tp_123-4_tp_123-4
elu-tni/000-0_000-0
eob-tni/tp_123-4_np3s_np3s_12-34
elu-tni/000-0_000-0
eob-tni/tp_123-4_np3s_np3s_12-34
elu-tni/000-0_000-0
eob-tni/tp_123-4_np3s_np3s_12-34
elu-tni/000-0_000-0
eob-tni/tp_123-4_np3s_np3s_12-34
elu-tni/000-0_000-0
eob-tni/tp_123-4_np3s_np3s_12-34
elu-tni/000-0_000-0
eob-tni/tp_123-4_tp_123-4
elu-tni/000-0_000-0
eob-tni/tp_123-4_tp_123-4
elu-tni/000-0_000-0
eob-tni/tp_123-4_tp_123-4
elu-tni/000-0_000-0
eob-tni/tp_123-4_tp_123-4
elu-tni/000-0_000-0
eob-tni/tp_123-4_tp_123-4
elu-tni/000-0_000-0
eob-tni/tp_123-4_tp_123-4
elu-tni/000-0_000-0
eob-tni/tp_123-4_np3s_np3s_12-34
elu-tni/000-0_000-0
eob-tni/tp_123-4_np3s_np3s_12-34
elu-tni/000-0_000-0
eob-tni/tp_123-4_np3s_np3s_12-34
elu-tni/000-0_000-0
eob-tni/tp_123-4_np3s_np3s_12-34
elu-tni/000-0_000-0
eob-tni/tp_123-4_np3s_np3s_12-34
elu-tni/000-0_000-0
eob-tni/tp_123-4_tp_123-4
elu-tni/000-0_000-0
eob-tni/tp_123-4_tp_123-4
elu-tni/000-0_000-0
eob-tni/tp_123-4_tp_123-4
elu-tni/000-0_000-0
eob-tni/tp_123-4_tp_123-4
elu-tni/000-0_000-0
eob-tni/tp_123-4_tp_123-4
elu-tni/000-0_000-0
eob-tni/tp_123-4_tp_123-4
elu-tni/000-0_000-0
eob-tni/tp_123-4_tp_123-4
elu-tni/000-0_000-0
eob-tni/tp_123-4_np3s_np3s_12-34
elu-tni/000-0_000-0
eob-tni/tp_123-4_np3s_np3s_12-34
elu-tni/000-0_000-0
eob-tni/tp_123-4_np3s_np3s_12-34
elu-tni/000-0_000-0
eob-tni/tp_123-4_np3s_np3s_12-34
elu-tni/000-0_000-0
eob-tni/tp_123-4_np3s_np3s_12-34
elu-tni/000-0_000-0
eob-tni/tp_123-4_tp_123-4
elu-tni/000-0_000-0
eob-tni/tp_123-4_tp_123-4
elu-tni/000-0_000-0
eob-tni/tp_123-4_tp_123-4
elu-tni/000-0_000-0
eob-tni/tp_123-4_tp_123-4
elu-tni/000-0_000-0
eob-tni/tp_123-4_tp_123-4
elu-tni/000-0_000-0
eob-tni/tp_123-4_tp_123-4
elu-tni/000-0_000-0
eob-tni/tp_123-4_tp_123-4
elu-tni/000-0_000-0
eob-tni/tp_123-4_tp_123-4
elu-tni/000-0_000-0
eob-tni/np3s_np3s_12-34_np3s_np3s_12-34
elu-tni/000-0_000-0
eob-tni/np3s_np3s_12-34_np3s_np3s_12-34
elu-tni/000-0_000-0
eob-tni/np3s_np3s_12-34_np3s_np3s_12-34
elu-tni/000-0_000-0
eob-tni/np3s_np3s_12-34_np3s_np3s_12-34
elu-tni/000-0_000-0
eob-tni/np3s_np3s_12-34_np3s_np3s_12-34
elu-tni/000-0_000-0
eob-tni/np3s_np3s_12-34_tp_123-4
elu-tni/000-0_000-0
eob-tni/np3s_np3s_12-34_tp_123-4
elu-tni/000-0_000-0
eob-tni/np3s_np3s_12-34_tp_123-4
elu-tni/000-0_000-0
eob-tni/np3s_np3s_12-34_tp_123-4
elu-tni/000-0_000-0
eob-tni/np3s_np3s_12-34_tp_123-4
elu-tni/000-0_000-0
eob-tni/np3s_np3s_12-34_tp_123-4
elu-tni/000-0_000-0
eob-tni/np3s_np3s_12-34_tp_123-4
elu-tni/000-0_000-0
eob-tni/np3s_np3s_12-34_tp_123-4
elu-tni/000-0_000-0
eob-tni/np3s_np3s_12-34_np3s_np3s_12-34
elu-tni/000-0_000-0
eob-tni/np3s_np3s_12-34_np3s_np3s_12-34
elu-tni/000-0_000-0
eob-tni/np3s_np3s_12-34_np3s_np3s_12-34
elu-tni/000-0_000-0
eob-tni/np3s_np3s_12-34_np3s_np3s_12-34
elu-tni/000-0_000-0
eob-tni/np3s_np3s_12-34_np3s_np3s_12-34
elu-tni/000-0_000-0
eob-tni/np3s_np3s_12-34_np3s_np3s_12-34
elu-tni/000-0_000-0
eob-tni/np3s_np3s_12-34_tp_123-4
elu-tni/000-0_000-0
eob-tni/np3s_np3s_12-34_tp_123-4
elu-tni/000-0_000-0
eob-tni/np3s_np3s_12-34_tp_123-4
elu-tni/000-0_000-0
eob-tni/np3s_np3s_12-34_tp_123-4
elu-tni/000-0_000-0
eob-tni/np3s_np3s_12-34_tp_123-4
elu-tni/000-0_000-0
eob-tni/np3s_np3s_12-34_tp_123-4
elu-tni/000-0_000-0
eob-tni/np3s_np3s_12-34_tp_123-4
elu-tni/000-0_000-0
eob-tni/np3s_np3s_12-34_tp_123-4
elu-tni/000-0_000-0
eob-tni/np3s_np3s_12-34_np3s_np3s_12-34
elu-tni/000-0_000-0
eob-tni/np3s_np3s_12-34_np3s_np3s_12-34
elu-tni/000-0_000-0
eob-tni/tp_123-4_np3s_np3s_12-34
elu-tni/000-0_000-0
eob-tni/tp_123-4_np3s_np3s_12-34
elu-tni/000-0_000-0
eob-tni/tp_123-4_np3s_np3s_12-34
elu-tni/000-0_000-0
eob-tni/tp_123-4_np3s_np3s_12-34
elu-tni/000-0_000-0
eob-tni/tp_123-4_np3s_np3s_12-34
elu-tni/000-0_000-0
eob-tni/tp_123-4_tp_123-4
elu-tni/000-0_000-0
eob-tni/tp_123-4_tp_123-4
elu-tni/000-0_000-0
eob-tni/tp_123-4_tp_123-4
elu-tni/000-0_000-0
eob-tni/tp_123-4_tp_123-4
elu-tni/000-0_000-0
eob-tni/tp_123-4_tp_123-4
elu-tni/000-0_000-0
eob-tni/tp_123-4_tp_123-4
elu-tni/000-0_000-0
eob-tni/tp_123-4_tp_123-4
elu-tni/000-0_000-0
eob-tni/tp_123-4_tp_123-4
elu-tni/000-0_000-0
eob-tni/tp_123-4_np3s_np3s_12-34
elu-tni/000-0_000-0
eob-tni/tp_123-4_np3s_np3s_12-34
elu-tni/000-0_000-0
eob-tni/tp_123-4_tp_123-4
elu-tni/000-0_000-0
eob-tni/tp_123-4_np3s_np3s_12-34
elu-tni/000-0_000-0
eob-tni/tp_123-4_np3s_np3s_12-34
elu-tni/000-0_000-0
eob-tni/tp_123-4_np3s_np3s_12-34
elu-tni/000-0_000-0
eob-tni/tp_123-4_np3s_np3s_12-34
elu-tni/000-0_000-0
eob-tni/tp_123-4_np3s_np3s_12-34
elu-tni/000-0_000-0
eob-tni/tp_123-4_tp_123-4
elu-tni/000-0_000-0
eob-tni/tp_123-4_tp_123-4
elu-tni/000-0_000-0
eob-tni/tp_123-4_tp_123-4
elu-tni/000-0_000-0
eob-tni/tp_123-4_tp_123-4
elu-tni/000-0_000-0
eob-tni/tp_123-4_tp_123-4
elu-tni/000-0_000-0
eob-tni/tp_123-4_tp_123-4
elu-tni/000-0_000-0
eob-tni/tp_123-4_tp_123-4
elu-tni/000-0_000-0
eob-tni/tp_123-4_tp_123-4
elu-tni/000-0_000-0
eob-tni/tp_123-4_np3s_np3s_12-34
elu-tni/000-0_000-0
eob-tni/tp_123-4_np3s_np3s_12-34
elu-tni/000-0_000-0
eob-tni/tp_123-4_tp_123-4
elu-tni/000-0_000-0
eob-tni/tp_123-4_tp_123-4
elu-tni/000-0_000-0
