 10  8  9  3 00  0  0  0  0
nnn_pot
  8                                                            Z1  BVs 1 - 8
  8  8
                                    18.113491   
                                    10.528516   
                                    6.403865    
                                    2.807974    
                                    0.873287    
                                    0.464841    
                                    0.216412    
                                    0.048817    
    1.991789    1.826352    1.196530    0.905540    0.233795    0.232948
    0.056347    0.048789
  1  1
          1.

  1  1
                      1.

  1  1
                                  1.

  1  1
                                              1.

  1  1
                                                          1.

  1  1
                                                                      1.

  1  1

          1.
  1  1

                      1.
  8                                                            Z2  BVs 9 - 16
  8  8
                                    25.874685   
                                    13.835223   
                                    8.154166    
                                    3.968870    
                                    1.225422    
                                    0.929657    
                                    0.558227    
                                    0.099578    
   17.923487    9.809918    7.931548    0.858009    0.545514    0.218414
    0.184213    0.066237
  1  1
          1.

  1  1
                      1.

  1  1
                                  1.

  1  1
                                              1.

  1  1
                                                          1.

  1  1
                                                                      1.

  1  1

          1.
  1  1

                      1.
eob-tni/t_no1_t_no1
elu-tni/000_000
eob-tni/t_no6_t_no1
elu-tni/000_000
eob-tni/t_no6_t_no6
elu-tni/000_000
