 11  2 12 31  1  0  4  0  0 -1  0 +0
  1  1  1  1  0  0  0  0  0  0  0  0  0  0  1  1
   0.0000000   1.0000000   0.0000000   0.0000000   0.0000000   0.0000000   0.0000000
   0.0000000   0.0000000   0.0000000   0.0000000   0.0000000   0.0000000   0.1666667
   0.0000000   0.0000000   0.0000000   0.0000000   0.0000000   0.0000000   0.0000000
   0.0000000   0.0000000   0.0000000   0.0000000   0.0000000   0.0000000   0.0000000
   0.0000000   0.0000000
   0  16   1  -1   0
   1   1
  0  1  0  1  0  1  0  1
   1   2
  0  1  0  1  0  1  0  1
   1   3
  0  1  0  1  0  1  0  1
   1   4
  0  1  0  1  0  1  0  1
   1   5
  0  1  0  1  0  1  0  1
   1   6
  0  1  0  1  0  1  0  1
   1   7
  0  1  0  1  0  1  0  1
   1   8
  0  1  0  1  0  1  0  1
   1   9
  1  0  1  0  1  0  1  0
   1  10
  1  0  1  0  1  0  1  0
   1  11
  1  0  1  0  1  0  1  0
   1  12
  1  0  1  0  1  0  1  0
   1  13
  1  0  1  0  1  0  1  0
   1  14
  1  0  1  0  1  0  1  0
   1  15
  1  0  1  0  1  0  1  0
   1  16
  1  0  1  0  1  0  1  0
