 10  8  9  3 00  0  0  0  0
nnn_pot
  8                                                            Z1  BVs 1 - 8
  8  8
                                                18.299236   0.748031    
                                                10.820187   0.676253    
                                                8.342116    0.659832    
                                                6.331781    0.550701    
                                                4.383327    0.186339    
                                                3.244586    0.125877    
                                                2.367969    0.120407    
                                                1.043334    0.035226    
    6.599973    1.344395    0.483143    0.229740    0.166253    0.085169
    0.052747    0.049817
  1  1
          1.

  1  1
                      1.

  1  1
                                  1.

  1  1
                                              1.

  1  1
                                                          1.

  1  1
                                                                      1.

  1  1

          1.
  1  1

                      1.
  8                                                            Z2  BVs 9 - 16
  8  8
                                                5.859890    1.245705    
                                                3.640292    0.913777    
                                                2.668739    0.593749    
                                                2.642236    0.592243    
                                                2.331297    0.279349    
                                                2.173300    0.111803    
                                                1.351558    0.081597    
                                                1.276199    0.080508    
   15.977479    1.613369    1.391094    0.226774    0.158903    0.056449
    0.015697    0.015253
  1  1
          1.

  1  1
                      1.

  1  1
                                  1.

  1  1
                                              1.

  1  1
                                                          1.

  1  1
                                                                      1.

  1  1

          1.
  1  1

                      1.
eob-tni/np3s_np3s_12-34_np3s_np3s_12-34
elu-tni/000-0_000-0
eob-tni/tp_123-4_np3s_np3s_12-34
elu-tni/000-0_000-0
eob-tni/tp_123-4_tp_123-4
elu-tni/000-0_000-0
