1395.626240490000     -7.589598647380       -18.201024435256      
1250.248507105625     -8.335832035821       -19.920799715854      
1104.870773721250     -9.534822839258       -22.122374999791      
959.493040336875      -10.083553960971      -25.132820093406      
814.115306952500      -12.162682251931      -29.576454041241      
668.737573568125      -14.882877177385      -36.348454242164      
523.359840183750      -18.901840306977      -47.854805439097      
377.982106799375      -26.394429736466      -68.925496438679      
232.604373415000      -38.806047360176      -114.400558334092     
87.226640030625       -61.124915756674      -61.998245320823      -226.030087223829     
-58.151093353750      -97.711151443496      -116.340760425781     -486.845540607019     
-203.528826738125     -154.427492272394     -245.982159989124     -946.613342326731     
-348.906560122500     -231.285509511406     -491.321723317451     -1579.089476996049    
-494.284293506875     -333.075144239656     -854.788538033176     -2337.813368678260    
-639.662026891250     -471.195648888423     -1348.959223801356    -3200.055336694852    
-785.039760275625     -572.730043851701     -648.449763938595     -1819.544205814336    -4094.408548218978    
-930.417493660000     -745.022034753028     -989.263975518386     -2531.706140726465    -5091.379031303064    
-1075.795227044375    -1143.577258540894    -2902.548943128824    -5984.226457350722    
-1221.172960428750    -1487.110964080318    -3608.032167133945    -7041.704384125526    
-1366.550693813125    -1261.666526612491    -2126.662519034442    -4466.664226227645    -8198.487116817168    
-1511.928427197500    -1315.981068725433    -2218.706184315613    -4967.841668997939    -9131.512712866082    
-1657.306160581875    -1657.395764058838    -2583.539773932492    -5512.364984146837    -10166.299217957778   
-1802.683893966250    -2031.277994743406    -3257.569341731145    -6643.565909638704    -11399.244826421154   
-1948.061627350625    -1926.424522632190    -2510.664551054816    -6297.168775766210    -12119.877845969611   
-2093.439360735000    -2454.558126083088    -3863.565272015743    -7399.937415694236    -13565.603540837001   