 10  8  9  3 00  0  0  0  0
/home/johannesk/kette_repo/limit_cycles/src_python/../systems/2np1s/4.00/nnn_pot
  5                                                            Z1  BVs 1 - 5
  5 10
                                    8.556380    
                                    5.671933    
                                    2.901192    
                                    1.515422    
                                    0.466048    
    9.985592    7.675474    3.508060    1.377123    0.983480    0.489500
    0.170697    0.093337    0.088980    0.017333
  1  1
          1.
  1  1
                      1.
  1  1
                                  1.
  1  1
                                              1.
  1  1
                                                          1.
  5                                                            Z2  BVs 6 - 10
  5 10
                                    8.547453    
                                    1.805406    
                                    0.459165    
                                    0.172204    
                                    0.046712    
   10.514606    8.155242    6.319682    3.108004    0.784660    0.427397
    0.155928    0.120352    0.048013    0.040756
  1  1
          1.
  1  1
                      1.
  1  1
                                  1.
  1  1
                                              1.
  1  1
                                                          1.
  5                                                            Z3  BVs 11 - 15
  5 10
                                    7.840657    
                                    3.138960    
                                    1.804288    
                                    0.992481    
                                    0.421094    
   12.911715    4.464591    3.525412    1.864819    1.161435    0.919645
    0.405090    0.249503    0.093001    0.014420
  1  1
          1.
  1  1
                      1.
  1  1
                                  1.
  1  1
                                              1.
  1  1
                                                          1.
  5                                                            Z4  BVs 16 - 20
  5 10
                                    7.638424    
                                    1.827873    
                                    0.330922    
                                    0.156126    
                                    0.057852    
   14.834523    9.584055    8.789256    8.697516    1.963848    0.903401
    0.744036    0.192870    0.116938    0.084813
  1  1
          1.
  1  1
                      1.
  1  1
                                  1.
  1  1
                                              1.
  1  1
                                                          1.
eob-tni/he_no1_he_no1
elu-tni/000_000
eob-tni/he_no1_he_no1
elu-tni/000_000
eob-tni/he_no1_he_no1
elu-tni/000_000
eob-tni/he_no6_he_no1
elu-tni/000_000
eob-tni/he_no6_he_no1
elu-tni/000_000
eob-tni/he_no6_he_no6
elu-tni/000_000
eob-tni/he_no6_he_no1
elu-tni/000_000
eob-tni/he_no6_he_no1
elu-tni/000_000
eob-tni/he_no6_he_no6
elu-tni/000_000
eob-tni/he_no6_he_no6
elu-tni/000_000
