 10  8  9  3 00  0  0  0  0
nnn_pot
  8                                                            Z1  BVs 1 - 8
  8  8
                                    7.983135    
                                    3.467154    
                                    0.748896    
                                    0.648985    
                                    0.607719    
                                    0.114927    
                                    0.027571    
                                    0.000477    
    6.076023    5.105131    0.476311    0.472525    0.469601    0.119079
    0.096320    0.000313
  1  1
          1.

  1  1
                      1.

  1  1
                                  1.

  1  1
                                              1.

  1  1
                                                          1.

  1  1
                                                                      1.

  1  1

          1.
  1  1

                      1.
  8                                                            Z2  BVs 9 - 16
  8  8
                                    12.913650   
                                    9.649828    
                                    5.310498    
                                    1.680190    
                                    0.467012    
                                    0.229835    
                                    0.062402    
                                    0.000091    
    7.540282    1.435362    0.502631    0.355377    0.106184    0.096334
    0.007258    0.007258
  1  1
          1.

  1  1
                      1.

  1  1
                                  1.

  1  1
                                              1.

  1  1
                                                          1.

  1  1
                                                                      1.

  1  1

          1.
  1  1

                      1.
eob-tni/t_no1_t_no1
elu-tni/000_000
eob-tni/t_no6_t_no1
elu-tni/000_000
eob-tni/t_no6_t_no6
elu-tni/000_000
