 11  2 12 31  1  1 +2  0  0 -1
  1  1  1  1  0  0  0  0  0  0  0  0  0  0  1  1
   0.0000000   1.0000000   1.0000000   1.0000000   1.0000000   1.0000000   1.0000000
   1.0000000   1.0000000   1.0000000   1.0000000   1.0000000   1.0000000   1.6500000
   1.0000000   1.0000000   1.0000000   1.0000000   1.0000000   1.0000000   1.0000000
   1.0000000   1.0000000   1.0000000   1.0000000   1.0000000   1.0000000   1.0000000
   1.0000000   1.0000000
   0  86   0   0   0   1
  64
163.062300000       
-6.815110000        
-1.688359000        
0.543492500         
-189.586500000      
7.236043000         
2.282688000         
-0.738592100        
54.357910000        
-2.435510000        
-1.525308000        
0.363930800         
-17.159600000       
2.580201000         
0.845149400         
-0.225612900        
0.000515809         
-0.062605040        
2.071909000         
-0.035284800        
0.001643489         
-0.000297116        
-0.017478620        
-0.000285634        
-0.001064825        
0.000167721         
-0.047581770        
-0.000884261        
-0.689014600        
-0.070775520        
-0.139908400        
20.699940000        
-18.050770000       
5.480779000         
-41.341050000       
36.326750000        
-12.624010000       
33.521490000        
-30.629410000       
12.477610000        
-12.880920000       
10.100080000        
-5.367843000        
0.012280250         
0.004456737         
-0.013736910        
-0.000092766        
0.063337730         
-0.005933902        
0.891076976         
1.151879636         
0.546250707         
0.227911030         
0.065383125         
0.372253670         
0.353064372         
0.147308303         
0.042259812         
0.083716066         
0.069857355         
0.020040681         
0.014573218         
0.008361531         
0.001199378         
  1  1  0
  49  16  17  18  19  20  21  22  23  24  25  26  27  28  29  30  31  32  33  34
  35  36  37  38  39  40  41  42  43  44  45  46  47  48  49  50  51  52  53  54
  55  56  57  58  59  60  61  62  63  64
   1   2   3   4   5   6   7   8   9  10  11  12  13  14  15  16  17  18  19  20
  21  22  23  24  25  26  27  28  29  30  31  32  33  34  35  36  37  38  39  40
  41  42  43  44  45  46  47  48  49
  1  1  1  1  1  1  1  1
  2  2  0
  15   1   2   3   4   5   6   7   8   9  10  11  12  13  14  15
  50  51  52  53  54  55  56  57  58  59  60  61  62  63  64
  1  1  1  1  1  1  1  1
  1  1  0 -1
   1  16
51  
  0  1  0  1  0  0
  1  1  0
   1  17
34  
  0  1  0  1  0  0
  1  1  0
   1  18
40  
  0  1  0  1  0  0
  1  1  0
   1  19
15  
  0  1  0  1  0  0
  1  1  0
   1  20
2   
  0  1  0  1  0  0
  1  1  0
   1  21
57  
  0  1  0  1  0  0
  1  1  0
   1  22
34  
  0  1  0  1  0  0
  1  1  0
   1  23
36  
  0  1  0  1  0  0
  1  1  0
   1  24
56  
  0  1  0  1  0  0
  1  1  0
   1  25
38  
  0  1  0  1  0  0
  1  1  0
   1  26
32  
  0  1  0  1  0  0
  1  1  0
   1  27
56  
  0  1  0  1  0  0
  1  1  0
   1  28
7   
  0  1  0  1  0  0
  1  1  0
   1  29
50  
  0  1  0  1  0  0
  1  1  0
   1  30
10  
  0  1  0  1  0  0
  1  1  0
   1  31
31  
  0  1  0  1  0  0
  1  1  0
   1  32
16  
  0  1  0  1  0  0
  1  1  0
   1  33
43  
  0  1  0  1  0  0
  1  1  0
   1  34
10  
  0  1  0  1  0  0
  1  1  0
   1  35
2   
  0  1  0  1  0  0
  1  1  0
   1  36
7   
  0  1  0  1  0  0
  1  1  0
   1  37
37  
  0  1  0  1  0  0
  1  1  0
   1  38
6   
  0  1  0  1  0  0
  1  1  0
   1  39
40  
  0  1  0  1  0  0
  1  1  0
   1  40
37  
  0  1  0  1  0  0
  1  1  0
   1  41
15  
  0  1  0  1  0  0
  1  1  0
   1  42
50  
  0  1  0  1  0  0
  1  1  0
   1  43
13  
  0  1  0  1  0  0
  1  1  0
   1  44
38  
  0  1  0  1  0  0
  1  1  0
   1  45
33  
  0  1  0  1  0  0
  1  1  0
   1  46
34  
  0  1  0  1  0  0
  1  1  0
   1  47
29  
  0  1  0  1  0  0
  1  1  0
   1  48
57  
  0  1  0  1  0  0
  1  1  0
   1  49
57  
  0  1  0  1  0  0
  1  1  0
   1  50
6   
  0  1  0  1  0  0
  1  1  0
   1  51
38  
  0  1  0  1  0  0
  1  1  0
   1  52
8   
  0  1  0  1  0  0
  1  1  0
   1  53
42  
  0  1  0  1  0  0
  1  1  0
   1  54
38  
  0  1  0  1  0  0
  1  1  0
   1  55
13  
  0  1  0  1  0  0
  1  1  0
   1  56
29  
  0  1  0  1  0  0
  1  1  0
   1  57
15  
  0  1  0  1  0  0
  1  1  0
   1  58
43  
  0  1  0  1  0  0
  1  1  0
   1  59
31  
  0  1  0  1  0  0
  1  1  0
   1  60
55  
  0  1  0  1  0  0
  2  2  0
   1   1
40  
  0  1  0  1  0  0
  2  2  0
   1   2
12  
  0  1  0  1  0  0
  2  2  0
   1   3
39  
  0  1  0  1  0  0
  2  2  0
   1   4
4   
  0  1  0  1  0  0
  2  2  0
   1   5
8   
  0  1  0  1  0  0
  2  2  0
   1   6
53  
  0  1  0  1  0  0
  2  2  0
   1   7
36  
  0  1  0  1  0  0
  2  2  0
   1   8
41  
  0  1  0  1  0  0
  2  2  0
   1   9
7   
  0  1  0  1  0  0
  2  2  0
   1  10
12  
  0  1  0  1  0  0
  2  2  0
   1  11
40  
  0  1  0  1  0  0
  2  2  0
   1  65
26  
  0  1  0  1  0  0
  2  2  0
   1  66
26  
  0  1  0  1  0  0
  2  2  0
   1  67
31  
  0  1  0  1  0  0
  2  2  0
   1  68
17  
  0  1  0  1  0  0
  2  2  0
   1  69
17  
  0  1  0  1  0  0
  2  2  0
   1  70
51  
  0  1  0  1  0  0
  2  2  0
   1  71
48  
  0  1  0  1  0  0
  2  2  0
   1  72
50  
  0  1  0  1  0  0
  2  2  0
   1  73
1   
  0  1  0  1  0  0
  2  2  0
   1  74
27  
  0  1  0  1  0  0
  2  2  0
   1  75
53  
  0  1  0  1  0  0
  2  2  0
   1  76
30  
  0  1  0  1  0  0
  2  2  0
   1  77
23  
  0  1  0  1  0  0
  2  2  0
   1  78
54  
  0  1  0  1  0  0
  2  2  0
   1  79
55  
  0  1  0  1  0  0
  2  2  0
   1  80
1   
  0  1  0  1  0  0
  1  1  0
   1  81
7   
  0  1  0  1  0  0
  1  1  0
   1  82
46  
  0  1  0  1  0  0
  1  1  0
   1  83
49  
  0  1  0  1  0  0
  1  1  0
   1  84
44  
  0  1  0  1  0  0
  1  1  0
   1  85
1   
  0  1  0  1  0  0
  1  1  0
   1  86
49  
  0  1  0  1  0  0
  1  1  0
   1  87
2   
  0  1  0  1  0  0
  1  1  0
   1  88
58  
  0  1  0  1  0  0
  1  1  0
   1  89
50  
  0  1  0  1  0  0
  1  1  0
   1  90
22  
  0  1  0  1  0  0
  1  1  0
   1  91
21  
  0  1  0  1  0  0
  1  1  0
   1  92
26  
  0  1  0  1  0  0
  1  1  0
   1  93
24  
  0  1  0  1  0  0
  1  1  0
   1  94
6   
  0  1  0  1  0  0
  1  1  0
   1  95
22  
  0  1  0  1  0  0
  1  1  0
   1  96
58  
  0  1  0  1  0  0
