 11  2 12 31  1  1 +2  0  0 -1
  1  1  1  1  0  0  0  0  0  0  0  0  0  0  1  1
   0.0000000   1.0000000   1.0000000   1.0000000   1.0000000   1.0000000   1.0000000
   1.0000000   1.0000000   1.0000000   1.0000000   1.0000000   1.0000000   1.0000000
   1.0000000   1.0000000   1.0000000   1.0000000   1.0000000   1.0000000   1.0000000
   1.0000000   1.0000000   1.0000000   1.0000000   1.0000000   1.0000000   1.0000000
   1.0000000   1.0000000
   0  83   0   0   0   1
 117
0.703583798         
1.702189129         
0.874003883         
0.440839995         
0.182602628         
0.053417130         
1.029531890         
1.057244291         
0.533264871         
0.220886417         
0.064616367         
0.271425660         
0.273809508         
0.113416061         
0.033177838         
0.069053573         
0.057206080         
0.016734614         
0.011847814         
0.006931732         
0.001013877         
0.764303100         
0.041934910         
-0.020503870        
-0.480538900        
0.063434360         
-0.004251764        
0.474317800         
0.066001390         
-0.036522780        
0.089720210         
0.120783600         
-0.029541980        
-0.896887500        
-0.244010400        
-1.011717000        
0.904779100         
0.277467700         
1.034928000         
-0.019285940        
0.012296980         
-0.050313860        
-0.000079639        
-0.000662315        
-0.002634932        
0.322908500         
-0.030200020        
-0.017158570        
0.137625400         
-0.025266030        
-0.013708950        
0.064919780         
-0.008765096        
-0.009412936        
-0.014535130        
-0.012517350        
0.001446849         
-0.006068843        
0.005224335         
-0.006070328        
-0.000255476        
0.000916277         
-0.002472030        
0.000405796         
0.000967949         
-0.000480287        
0.000012135         
-0.000147009        
-0.000764614        
-8.725466000        
-0.440110500        
-0.000839748        
4.719095000         
-0.114202600        
0.003235247         
-4.754850000        
-0.874384600        
-0.001933630        
-1.237214000        
-0.505428300        
0.002213052         
8.871594000         
-2.764548000        
0.042257070         
-8.975757000        
2.666712000         
-0.045134500        
0.230664300         
-0.087909130        
0.002676255         
-0.001309994        
0.000589499         
-0.000013331        
-4.100920000        
-0.024310420        
-0.000081654        
-1.405290000        
-0.019057300        
-0.000070414        
-0.876308200        
-0.035050540        
-0.000217117        
0.141768700         
0.034977500         
0.000231783         
-0.006285139        
-0.015809630        
-0.000080312        
-0.000038323        
0.001508215         
-0.000008940        
0.000057824         
-0.000967657        
0.000009107         
0.000006656         
0.000038513         
-0.000000897        
  1  1  0
  48  22  23  24  25  26  27  28  29  30  31  32  33  34  35  36  37  38  39  40
  41  42  43  44  45  46  47  48  49  50  51  52  53  54  55  56  57  58  59  60
  61  62  63  64  65  66  67  68  69
  70  71  72  73  74  75  76  77  78  79  80  81  82  83  84  85  86  87  88  89
  90  91  92  93  94  95  96  97  98  99 100 101 102 103 104 105 106 107 108 109
 110 111 112 113 114 115 116 117
  1  1  1  1  1  1  1  1  1  1  1  1  1  1  1  1  1  1  1  1  1  1  1  1  1  1  1  1  1  1  1  1  1  1  1  1  1  1  1  1
  1  1  0
  48  22  23  24  25  26  27  28  29  30  31  32  33  34  35  36  37  38  39  40
  41  42  43  44  45  46  47  48  49  50  51  52  53  54  55  56  57  58  59  60
  61  62  63  64  65  66  67  68  69
  22  23  24  25  26  27  28  29  30  31  32  33  34  35  36  37  38  39  40  41
  42  43  44  45  46  47  48  49  50  51  52  53  54  55  56  57  58  59  60  61
  62  63  64  65  66  67  68  69
  1  1  1  1  1  1  1  1  1  1  1  1  1  1  1  1  1  1  1  1  1  1  1  1  1  1  1  1  1  1  1  1  1  1  1  1  1  1  1  1
  2  2  0
  21   1   2   3   4   5   6   7   8   9  10  11  12  13  14  15  16  17  18  19
  20  21
   1   2   3   4   5   6   7   8   9  10  11  12  13  14  15  16  17  18  19  20
  21
  1  1  1  1  1  1  1  1  1  1  1  1  1  1  1  1  1  1  1  1  1  1  1  1  1  1  1  1  1  1  1  1  1  1  1  1  1  1  1  1
  2  2  0 -1
   1   1
38  
  1  0  1  0  1  0  1  0  1  0  1  0  0  0
  2  2  0
   1   2
73  
  1  0  1  0  1  0  1  0  1  0  1  0  0  0
  2  2  0
   1   3
76  
  1  0  1  0  1  0  1  0  1  0  1  0  0  0
  2  2  0
   1   4
94  
  1  0  1  0  1  0  1  0  1  0  1  0  0  0
  2  2  0
   1   5
32  
  1  0  1  0  1  0  1  0  1  0  1  0  0  0
  2  2  0
   1   6
1   
  1  0  1  0  1  0  1  0  1  0  1  0  0  0
  2  2  0
   1   7
8   
  1  0  1  0  1  0  1  0  1  0  1  0  0  0
  2  2  0
   1   8
37  
  1  0  1  0  1  0  1  0  1  0  1  0  0  0
  2  2  0
   1   9
14  
  1  0  1  0  1  0  1  0  1  0  1  0  0  0
  2  2  0
   1  10
36  
  1  0  1  0  1  0  1  0  1  0  1  0  0  0
  2  2  0
   1  11
94  
  1  0  1  0  1  0  1  0  1  0  1  0  0  0
  2  2  0
   1  12
4   
  1  0  1  0  1  0  1  0  1  0  1  0  0  0
  2  2  0
   1  13
2   
  1  0  1  0  1  0  1  0  1  0  1  0  0  0
  2  2  0
   1  14
28  
  1  0  1  0  1  0  1  0  1  0  1  0  0  0
  2  2  0
   1  15
73  
  1  0  1  0  1  0  1  0  1  0  1  0  0  0
  2  2  0
   1  16
46  
  1  0  1  0  1  0  1  0  1  0  1  0  0  0
  1  1  0
   1  22
9   
  1  0  1  0  1  0  1  0  1  0  1  0  0  0
  1  1  0
   1  23
94  
  1  0  1  0  1  0  1  0  1  0  1  0  0  0
  1  1  0
   1  24
10  
  1  0  1  0  1  0  1  0  1  0  1  0  0  0
  1  1  0
   1  25
77  
  1  0  1  0  1  0  1  0  1  0  1  0  0  0
  1  1  0
   1  26
71  
  1  0  1  0  1  0  1  0  1  0  1  0  0  0
  1  1  0
   1  27
32  
  1  0  1  0  1  0  1  0  1  0  1  0  0  0
  1  1  0
   1  28
103 
  1  0  1  0  1  0  1  0  1  0  1  0  0  0
  1  1  0
   1  29
3   
  1  0  1  0  1  0  1  0  1  0  1  0  0  0
  1  1  0
   1  30
100 
  1  0  1  0  1  0  1  0  1  0  1  0  0  0
  1  1  0
   1  31
2   
  1  0  1  0  1  0  1  0  1  0  1  0  0  0
  1  1  0
   1  32
83  
  1  0  1  0  1  0  1  0  1  0  1  0  0  0
  1  1  0
   1  33
39  
  1  0  1  0  1  0  1  0  1  0  1  0  0  0
  1  1  0
   1  34
86  
  1  0  1  0  1  0  1  0  1  0  1  0  0  0
  1  1  0
   1  35
82  
  1  0  1  0  1  0  1  0  1  0  1  0  0  0
  1  1  0
   1  36
1   
  1  0  1  0  1  0  1  0  1  0  1  0  0  0
  1  1  0
   1  37
4   
  1  0  1  0  1  0  1  0  1  0  1  0  0  0
  1  1  0
   1  38
77  
  1  0  1  0  1  0  1  0  1  0  1  0  0  0
  1  1  0
   1  39
1   
  1  0  1  0  1  0  1  0  1  0  1  0  0  0
  1  1  0
   1  40
13  
  1  0  1  0  1  0  1  0  1  0  1  0  0  0
  1  1  0
   1  41
25  
  1  0  1  0  1  0  1  0  1  0  1  0  0  0
  1  1  0
   1  42
5   
  1  0  1  0  1  0  1  0  1  0  1  0  0  0
  1  1  0
   1  43
79  
  1  0  1  0  1  0  1  0  1  0  1  0  0  0
  1  1  0
   1  44
2   
  1  0  1  0  1  0  1  0  1  0  1  0  0  0
  1  1  0
   1  45
5   
  1  0  1  0  1  0  1  0  1  0  1  0  0  0
  1  1  0
   1  46
39  
  1  0  1  0  1  0  1  0  1  0  1  0  0  0
  1  1  0
   1  47
25  
  1  0  1  0  1  0  1  0  1  0  1  0  0  0
  1  1  0
   1  48
97  
  1  0  1  0  1  0  1  0  1  0  1  0  0  0
  1  1  0
   1  49
12  
  1  0  1  0  1  0  1  0  1  0  1  0  0  0
  1  1  0
   1  50
35  
  1  0  1  0  1  0  1  0  1  0  1  0  0  0
  1  1  0
   1  51
38  
  1  0  1  0  1  0  1  0  1  0  1  0  0  0
  1  1  0
   1  52
4   
  1  0  1  0  1  0  1  0  1  0  1  0  0  0
  1  1  0
   1  53
25  
  1  0  1  0  1  0  1  0  1  0  1  0  0  0
  1  1  0
   1  54
77  
  1  0  1  0  1  0  1  0  1  0  1  0  0  0
  1  1  0
   1  55
74  
  1  0  1  0  1  0  1  0  1  0  1  0  0  0
  1  1  0
   1  56
82  
  1  0  1  0  1  0  1  0  1  0  1  0  0  0
  1  1  0
   1  57
79  
  1  0  1  0  1  0  1  0  1  0  1  0  0  0
  1  1  0
   1  58
35  
  1  0  1  0  1  0  1  0  1  0  1  0  0  0
  1  1  0
   1  59
76  
  1  0  1  0  1  0  1  0  1  0  1  0  0  0
  1  1  0
   1  60
12  
  1  0  1  0  1  0  1  0  1  0  1  0  0  0
  1  1  0
   1  61
80  
  1  0  1  0  1  0  1  0  1  0  1  0  0  0
  1  1  0
   1  62
32  
  1  0  1  0  1  0  1  0  1  0  1  0  0  0
  1  1  0
   1  63
39  
  1  0  1  0  1  0  1  0  1  0  1  0  0  0
  1  1  0
   1  64
7   
  1  0  1  0  1  0  1  0  1  0  1  0  0  0
  2  2  0
   1  70
82  
  1  0  1  0  1  0  1  0  1  0  1  0  0  0
  2  2  0
   1  71
8   
  1  0  1  0  1  0  1  0  1  0  1  0  0  0
  2  2  0
   1  72
37  
  1  0  1  0  1  0  1  0  1  0  1  0  0  0
  2  2  0
   1  73
38  
  1  0  1  0  1  0  1  0  1  0  1  0  0  0
  2  2  0
   1  74
9   
  1  0  1  0  1  0  1  0  1  0  1  0  0  0
  2  2  0
   1  75
3   
  1  0  1  0  1  0  1  0  1  0  1  0  0  0
  2  2  0
   1  76
76  
  1  0  1  0  1  0  1  0  1  0  1  0  0  0
  2  2  0
   1  77
37  
  1  0  1  0  1  0  1  0  1  0  1  0  0  0
  2  2  0
   1  78
7   
  1  0  1  0  1  0  1  0  1  0  1  0  0  0
  2  2  0
   1  79
32  
  1  0  1  0  1  0  1  0  1  0  1  0  0  0
  2  2  0
   1  80
37  
  1  0  1  0  1  0  1  0  1  0  1  0  0  0
  2  2  0
   1  81
35  
  1  0  1  0  1  0  1  0  1  0  1  0  0  0
  1  1  0
   1  82
80  
  1  0  1  0  1  0  1  0  1  0  1  0  0  0
  1  1  0
   1  83
14  
  1  0  1  0  1  0  1  0  1  0  1  0  0  0
  1  1  0
   1  84
83  
  1  0  1  0  1  0  1  0  1  0  1  0  0  0
  1  1  0
   1  85
25  
  1  0  1  0  1  0  1  0  1  0  1  0  0  0
  1  1  0
   1  86
36  
  1  0  1  0  1  0  1  0  1  0  1  0  0  0
  1  1  0
   1  87
2   
  1  0  1  0  1  0  1  0  1  0  1  0  0  0
  1  1  0
   1  88
8   
  1  0  1  0  1  0  1  0  1  0  1  0  0  0
  1  1  0
   1  89
8   
  1  0  1  0  1  0  1  0  1  0  1  0  0  0
  1  1  0
   1  90
7   
  1  0  1  0  1  0  1  0  1  0  1  0  0  0
  1  1  0
   1  91
7   
  1  0  1  0  1  0  1  0  1  0  1  0  0  0
  1  1  0
   1  92
73  
  1  0  1  0  1  0  1  0  1  0  1  0  0  0
  1  1  0
   1  93
88  
  1  0  1  0  1  0  1  0  1  0  1  0  0  0
