 10  8  9  3 00  0  0  0  0
nnn_pot
  8
  8 40
                                                17.372305   17.372305   
                                                17.372305   5.436687    
                                                17.372305   1.290517    
                                                17.372305   0.279154    
                                                17.372305   0.051589    
                                                17.372305   0.009651    
                                                5.436687    5.436687    
                                                5.436687    1.290517    
   31.622777   22.854639   16.517667   11.937766    8.627748    6.235507
    4.506570    3.257021    2.353937    1.701254    1.229543    0.888624
    0.642233    0.464159    0.335460    0.242446    0.175222    0.126638
    0.091525    0.066147    0.047807    0.034551    0.024971    0.018047
    0.013043    0.009427    0.006813    0.004924    0.003559    0.002572
    0.001859    0.001343    0.000971    0.000702    0.000507    0.000367
    0.000265    0.000191    0.000138    0.000100
  1  1
          1.

  1  1
                      1.

  1  1
                                  1.

  1  1
                                              1.

  1  1
                                                          1.

  1  1
                                                                      1.

  1  1

          1.
  1  1

                      1.
  8
  8 40
                                                5.436687    0.279154    
                                                5.436687    0.051589    
                                                5.436687    0.009651    
                                                1.290517    1.290517    
                                                1.290517    0.279154    
                                                1.290517    0.051589    
                                                1.290517    0.009651    
                                                0.279154    0.279154    
   31.622777   22.854639   16.517667   11.937766    8.627748    6.235507
    4.506570    3.257021    2.353937    1.701254    1.229543    0.888624
    0.642233    0.464159    0.335460    0.242446    0.175222    0.126638
    0.091525    0.066147    0.047807    0.034551    0.024971    0.018047
    0.013043    0.009427    0.006813    0.004924    0.003559    0.002572
    0.001859    0.001343    0.000971    0.000702    0.000507    0.000367
    0.000265    0.000191    0.000138    0.000100
  1  1
          1.

  1  1
                      1.

  1  1
                                  1.

  1  1
                                              1.

  1  1
                                                          1.

  1  1
                                                                      1.

  1  1

          1.
  1  1

                      1.
  5
  5 40
                                                0.279154    0.051589    
                                                0.279154    0.009651    
                                                0.051589    0.051589    
                                                0.051589    0.009651    
                                                0.009651    0.009651    
   31.622777   22.854639   16.517667   11.937766    8.627748    6.235507
    4.506570    3.257021    2.353937    1.701254    1.229543    0.888624
    0.642233    0.464159    0.335460    0.242446    0.175222    0.126638
    0.091525    0.066147    0.047807    0.034551    0.024971    0.018047
    0.013043    0.009427    0.006813    0.004924    0.003559    0.002572
    0.001859    0.001343    0.000971    0.000702    0.000507    0.000367
    0.000265    0.000191    0.000138    0.000100
  1  1
          1.
  1  1
                      1.
  1  1
                                  1.
  1  1
                                              1.
  1  1
                                                          1.
  8
  8 40
                                                22.083977   10.062160   
                                                22.083977   1.187472    
                                                22.083977   0.052915    
                                                14.373703   10.062160   
                                                14.373703   1.187472    
                                                14.373703   0.052915    
                                                9.114861    10.062160   
                                                9.114861    1.187472    
   31.622777   22.854639   16.517667   11.937766    8.627748    6.235507
    4.506570    3.257021    2.353937    1.701254    1.229543    0.888624
    0.642233    0.464159    0.335460    0.242446    0.175222    0.126638
    0.091525    0.066147    0.047807    0.034551    0.024971    0.018047
    0.013043    0.009427    0.006813    0.004924    0.003559    0.002572
    0.001859    0.001343    0.000971    0.000702    0.000507    0.000367
    0.000265    0.000191    0.000138    0.000100
  1  1
          1.

  1  1
                      1.

  1  1
                                  1.

  1  1
                                              1.

  1  1
                                                          1.

  1  1
                                                                      1.

  1  1

          1.
  1  1

                      1.
  8
  8 40
                                                9.114861    0.052915    
                                                3.713851    10.062160   
                                                3.713851    1.187472    
                                                3.713851    0.052915    
                                                0.740234    10.062160   
                                                0.740234    1.187472    
                                                0.740234    0.052915    
                                                0.725799    10.062160   
   31.622777   22.854639   16.517667   11.937766    8.627748    6.235507
    4.506570    3.257021    2.353937    1.701254    1.229543    0.888624
    0.642233    0.464159    0.335460    0.242446    0.175222    0.126638
    0.091525    0.066147    0.047807    0.034551    0.024971    0.018047
    0.013043    0.009427    0.006813    0.004924    0.003559    0.002572
    0.001859    0.001343    0.000971    0.000702    0.000507    0.000367
    0.000265    0.000191    0.000138    0.000100
  1  1
          1.

  1  1
                      1.

  1  1
                                  1.

  1  1
                                              1.

  1  1
                                                          1.

  1  1
                                                                      1.

  1  1

          1.
  1  1

                      1.
  8
  8 40
                                                0.725799    1.187472    
                                                0.725799    0.052915    
                                                0.491749    10.062160   
                                                0.491749    1.187472    
                                                0.491749    0.052915    
                                                0.091733    10.062160   
                                                0.091733    1.187472    
                                                0.091733    0.052915    
   31.622777   22.854639   16.517667   11.937766    8.627748    6.235507
    4.506570    3.257021    2.353937    1.701254    1.229543    0.888624
    0.642233    0.464159    0.335460    0.242446    0.175222    0.126638
    0.091525    0.066147    0.047807    0.034551    0.024971    0.018047
    0.013043    0.009427    0.006813    0.004924    0.003559    0.002572
    0.001859    0.001343    0.000971    0.000702    0.000507    0.000367
    0.000265    0.000191    0.000138    0.000100
  1  1
          1.

  1  1
                      1.

  1  1
                                  1.

  1  1
                                              1.

  1  1
                                                          1.

  1  1
                                                                      1.

  1  1

          1.
  1  1

                      1.
  8
  8 40
                                                14.718421   3.562100    
                                                14.718421   0.262646    
                                                14.718421   0.011433    
                                                5.361826    3.562100    
                                                5.361826    0.262646    
                                                5.361826    0.011433    
                                                1.723621    3.562100    
                                                1.723621    0.262646    
   31.622777   22.854639   16.517667   11.937766    8.627748    6.235507
    4.506570    3.257021    2.353937    1.701254    1.229543    0.888624
    0.642233    0.464159    0.335460    0.242446    0.175222    0.126638
    0.091525    0.066147    0.047807    0.034551    0.024971    0.018047
    0.013043    0.009427    0.006813    0.004924    0.003559    0.002572
    0.001859    0.001343    0.000971    0.000702    0.000507    0.000367
    0.000265    0.000191    0.000138    0.000100
  1  1
          1.

  1  1
                      1.

  1  1
                                  1.

  1  1
                                              1.

  1  1
                                                          1.

  1  1
                                                                      1.

  1  1

          1.
  1  1

                      1.
  8
  8 40
                                                1.723621    0.011433    
                                                0.924865    3.562100    
                                                0.924865    0.262646    
                                                0.924865    0.011433    
                                                0.525318    3.562100    
                                                0.525318    0.262646    
                                                0.525318    0.011433    
                                                0.122204    3.562100    
   31.622777   22.854639   16.517667   11.937766    8.627748    6.235507
    4.506570    3.257021    2.353937    1.701254    1.229543    0.888624
    0.642233    0.464159    0.335460    0.242446    0.175222    0.126638
    0.091525    0.066147    0.047807    0.034551    0.024971    0.018047
    0.013043    0.009427    0.006813    0.004924    0.003559    0.002572
    0.001859    0.001343    0.000971    0.000702    0.000507    0.000367
    0.000265    0.000191    0.000138    0.000100
  1  1
          1.

  1  1
                      1.

  1  1
                                  1.

  1  1
                                              1.

  1  1
                                                          1.

  1  1
                                                                      1.

  1  1

          1.
  1  1

                      1.
  8
  8 40
                                                0.122204    0.262646    
                                                0.122204    0.011433    
                                                0.075783    3.562100    
                                                0.075783    0.262646    
                                                0.075783    0.011433    
                                                0.022908    3.562100    
                                                0.022908    0.262646    
                                                0.022908    0.011433    
   31.622777   22.854639   16.517667   11.937766    8.627748    6.235507
    4.506570    3.257021    2.353937    1.701254    1.229543    0.888624
    0.642233    0.464159    0.335460    0.242446    0.175222    0.126638
    0.091525    0.066147    0.047807    0.034551    0.024971    0.018047
    0.013043    0.009427    0.006813    0.004924    0.003559    0.002572
    0.001859    0.001343    0.000971    0.000702    0.000507    0.000367
    0.000265    0.000191    0.000138    0.000100
  1  1
          1.

  1  1
                      1.

  1  1
                                  1.

  1  1
                                              1.

  1  1
                                                          1.

  1  1
                                                                      1.

  1  1

          1.
  1  1

                      1.
  8                                                            Z1  BVs 1 - 8
  8 10
                                                5.710516    2.107032    
                                                0.338213    1.734306    
                                                48.451469   1.176605    
                                                16.315769   1.251778    
                                                16.892355   0.102867    
                                                0.218123    0.142927    
                                                6.494555    3.567847    
                                                24.698402   22.745319   
   14.302623    8.934291    1.811098    1.305567    0.264128    0.183678
    0.048495    0.016368    0.016092    0.002069
  1  1
          1.

  1  1
                      1.

  1  1
                                  1.

  1  1
                                              1.

  1  1
                                                          1.

  1  1
                                                                      1.

  1  1

          1.
  1  1

                      1.
  4                                                            Z2  BVs 9 - 12
  4 10
                                                8.181689    14.317746   
                                                14.596491   1.023842    
                                                188.778793  1.347479    
                                                0.093170    0.917958    
    9.793254    4.018215    0.178797    0.449134    0.342234    0.130947
    0.024369    0.023661    0.007332    0.004717
  1  1
          1.
  1  1
                      1.
  1  1
                                  1.
  1  1
                                              1.
  8                                                            Z3  BVs 13 - 20
  8 10
                                                3.971419    3.122927    
                                                1.853562    4.089590    
                                                0.436174    4.901911    
                                                4.739512    28.227699   
                                                10.315199   2.956507    
                                                11.960905   9.344353    
                                                0.016199    0.025856    
                                                0.110077    1.787603    
   19.269331    7.207246   30.653093    0.893899    0.432057    0.073590
    0.043616    0.016806    0.017625    0.004100
  1  1
          1.

  1  1
                      1.

  1  1
                                  1.

  1  1
                                              1.

  1  1
                                                          1.

  1  1
                                                                      1.

  1  1

          1.
  1  1

                      1.
  4                                                            Z4  BVs 21 - 24
  4 10
                                                18.791553   8.605932    
                                                2.630348    1.016833    
                                                87.477837   1.089912    
                                                1.280715    10.162829   
   17.131451    1.903527    2.479828    0.932474    1.778516    0.209647
    0.124145    0.024493    0.015508    0.007008
  1  1
          1.
  1  1
                      1.
  1  1
                                  1.
  1  1
                                              1.
eob-tni/np3s_np3s_12-34_np3s_np3s_12-34
elu-tni/000-0_000-0
eob-tni/np3s_np3s_12-34_np3s_np3s_12-34
elu-tni/000-0_000-0
eob-tni/np3s_np3s_12-34_np3s_np3s_12-34
elu-tni/000-0_000-0
eob-tni/np3s_np3s_12-34_np3s_np3s_12-34
elu-tni/000-0_000-0
eob-tni/np3s_np3s_12-34_np3s_np3s_12-34
elu-tni/000-0_000-0
eob-tni/np3s_np3s_12-34_np3s_np3s_12-34
elu-tni/000-0_000-0
eob-tni/tp_123-4_np3s_np3s_12-34
elu-tni/000-0_000-0
eob-tni/tp_123-4_np3s_np3s_12-34
elu-tni/000-0_000-0
eob-tni/tp_123-4_np3s_np3s_12-34
elu-tni/000-0_000-0
eob-tni/tp_123-4_tp_123-4
elu-tni/000-0_000-0
eob-tni/tp_123-4_np3s_np3s_12-34
elu-tni/000-0_000-0
eob-tni/tp_123-4_np3s_np3s_12-34
elu-tni/000-0_000-0
eob-tni/tp_123-4_np3s_np3s_12-34
elu-tni/000-0_000-0
eob-tni/tp_123-4_tp_123-4
elu-tni/000-0_000-0
eob-tni/tp_123-4_tp_123-4
elu-tni/000-0_000-0
eob-tni/tp_123-4_np3s_np3s_12-34
elu-tni/000-0_000-0
eob-tni/tp_123-4_np3s_np3s_12-34
elu-tni/000-0_000-0
eob-tni/tp_123-4_np3s_np3s_12-34
elu-tni/000-0_000-0
eob-tni/tp_123-4_tp_123-4
elu-tni/000-0_000-0
eob-tni/tp_123-4_tp_123-4
elu-tni/000-0_000-0
eob-tni/tp_123-4_tp_123-4
elu-tni/000-0_000-0
eob-tni/tp_123-4_np3s_np3s_12-34
elu-tni/000-0_000-0
eob-tni/tp_123-4_np3s_np3s_12-34
elu-tni/000-0_000-0
eob-tni/tp_123-4_np3s_np3s_12-34
elu-tni/000-0_000-0
eob-tni/tp_123-4_tp_123-4
elu-tni/000-0_000-0
eob-tni/tp_123-4_tp_123-4
elu-tni/000-0_000-0
eob-tni/tp_123-4_tp_123-4
elu-tni/000-0_000-0
eob-tni/tp_123-4_tp_123-4
elu-tni/000-0_000-0
eob-tni/tp_123-4_np3s_np3s_12-34
elu-tni/000-0_000-0
eob-tni/tp_123-4_np3s_np3s_12-34
elu-tni/000-0_000-0
eob-tni/tp_123-4_np3s_np3s_12-34
elu-tni/000-0_000-0
eob-tni/tp_123-4_tp_123-4
elu-tni/000-0_000-0
eob-tni/tp_123-4_tp_123-4
elu-tni/000-0_000-0
eob-tni/tp_123-4_tp_123-4
elu-tni/000-0_000-0
eob-tni/tp_123-4_tp_123-4
elu-tni/000-0_000-0
eob-tni/tp_123-4_tp_123-4
elu-tni/000-0_000-0
eob-tni/tp_123-4_np3s_np3s_12-34
elu-tni/000-0_000-0
eob-tni/tp_123-4_np3s_np3s_12-34
elu-tni/000-0_000-0
eob-tni/tp_123-4_np3s_np3s_12-34
elu-tni/000-0_000-0
eob-tni/tp_123-4_tp_123-4
elu-tni/000-0_000-0
eob-tni/tp_123-4_tp_123-4
elu-tni/000-0_000-0
eob-tni/tp_123-4_tp_123-4
elu-tni/000-0_000-0
eob-tni/tp_123-4_tp_123-4
elu-tni/000-0_000-0
eob-tni/tp_123-4_tp_123-4
elu-tni/000-0_000-0
eob-tni/tp_123-4_tp_123-4
elu-tni/000-0_000-0
eob-tni/np3s_np3s_12-34_np3s_np3s_12-34
elu-tni/000-0_000-0
eob-tni/np3s_np3s_12-34_np3s_np3s_12-34
elu-tni/000-0_000-0
eob-tni/np3s_np3s_12-34_np3s_np3s_12-34
elu-tni/000-0_000-0
eob-tni/np3s_np3s_12-34_tp_123-4
elu-tni/000-0_000-0
eob-tni/np3s_np3s_12-34_tp_123-4
elu-tni/000-0_000-0
eob-tni/np3s_np3s_12-34_tp_123-4
elu-tni/000-0_000-0
eob-tni/np3s_np3s_12-34_tp_123-4
elu-tni/000-0_000-0
eob-tni/np3s_np3s_12-34_tp_123-4
elu-tni/000-0_000-0
eob-tni/np3s_np3s_12-34_tp_123-4
elu-tni/000-0_000-0
eob-tni/np3s_np3s_12-34_np3s_np3s_12-34
elu-tni/000-0_000-0
eob-tni/np3s_np3s_12-34_np3s_np3s_12-34
elu-tni/000-0_000-0
eob-tni/np3s_np3s_12-34_np3s_np3s_12-34
elu-tni/000-0_000-0
eob-tni/np3s_np3s_12-34_np3s_np3s_12-34
elu-tni/000-0_000-0
eob-tni/np3s_np3s_12-34_tp_123-4
elu-tni/000-0_000-0
eob-tni/np3s_np3s_12-34_tp_123-4
elu-tni/000-0_000-0
eob-tni/np3s_np3s_12-34_tp_123-4
elu-tni/000-0_000-0
eob-tni/np3s_np3s_12-34_tp_123-4
elu-tni/000-0_000-0
eob-tni/np3s_np3s_12-34_tp_123-4
elu-tni/000-0_000-0
eob-tni/np3s_np3s_12-34_tp_123-4
elu-tni/000-0_000-0
eob-tni/np3s_np3s_12-34_np3s_np3s_12-34
elu-tni/000-0_000-0
eob-tni/np3s_np3s_12-34_np3s_np3s_12-34
elu-tni/000-0_000-0
eob-tni/tp_123-4_np3s_np3s_12-34
elu-tni/000-0_000-0
eob-tni/tp_123-4_np3s_np3s_12-34
elu-tni/000-0_000-0
eob-tni/tp_123-4_np3s_np3s_12-34
elu-tni/000-0_000-0
eob-tni/tp_123-4_tp_123-4
elu-tni/000-0_000-0
eob-tni/tp_123-4_tp_123-4
elu-tni/000-0_000-0
eob-tni/tp_123-4_tp_123-4
elu-tni/000-0_000-0
eob-tni/tp_123-4_tp_123-4
elu-tni/000-0_000-0
eob-tni/tp_123-4_tp_123-4
elu-tni/000-0_000-0
eob-tni/tp_123-4_tp_123-4
elu-tni/000-0_000-0
eob-tni/tp_123-4_np3s_np3s_12-34
elu-tni/000-0_000-0
eob-tni/tp_123-4_np3s_np3s_12-34
elu-tni/000-0_000-0
eob-tni/tp_123-4_tp_123-4
elu-tni/000-0_000-0
eob-tni/tp_123-4_np3s_np3s_12-34
elu-tni/000-0_000-0
eob-tni/tp_123-4_np3s_np3s_12-34
elu-tni/000-0_000-0
eob-tni/tp_123-4_np3s_np3s_12-34
elu-tni/000-0_000-0
eob-tni/tp_123-4_tp_123-4
elu-tni/000-0_000-0
eob-tni/tp_123-4_tp_123-4
elu-tni/000-0_000-0
eob-tni/tp_123-4_tp_123-4
elu-tni/000-0_000-0
eob-tni/tp_123-4_tp_123-4
elu-tni/000-0_000-0
eob-tni/tp_123-4_tp_123-4
elu-tni/000-0_000-0
eob-tni/tp_123-4_tp_123-4
elu-tni/000-0_000-0
eob-tni/tp_123-4_np3s_np3s_12-34
elu-tni/000-0_000-0
eob-tni/tp_123-4_np3s_np3s_12-34
elu-tni/000-0_000-0
eob-tni/tp_123-4_tp_123-4
elu-tni/000-0_000-0
eob-tni/tp_123-4_tp_123-4
elu-tni/000-0_000-0
