 10  8  9  3 00  0  0  0  0
nnn_pot
  6                                                            Z1  BVs 1 - 6
  6  8
                                                5.679089    1.305159    
                                                0.577734    1.295433    
                                                2.970588    1.444589    
                                                2.124714    0.163408    
                                                0.130575    0.828138    
                                                10.931770   0.700666    
    0.011953    0.148463    1.022703    0.305144    0.658789    1.249267
    2.240412    8.224265
  1  1
          1.
  1  1
                      1.
  1  1
                                  1.
  1  1
                                              1.
  1  1
                                                          1.
  1  1
                                                                      1.
  6                                                            Z2  BVs 7 - 12
  6  8
                                                0.595068    1.861749    
                                                3.373476    0.216123    
                                                0.230977    0.601684    
                                                7.303971    7.226253    
                                                0.231533    1.060317    
                                                0.878445    7.794003    
    0.073417    0.217108    0.324828    0.591944    0.267106    0.201353
    2.228374   18.877274
  1  1
          1.
  1  1
                      1.
  1  1
                                  1.
  1  1
                                              1.
  1  1
                                                          1.
  1  1
                                                                      1.
  6                                                            Z3  BVs 13 - 18
  6  8
                                                3.190137    0.567581    
                                                5.637028    0.126656    
                                                0.442064    4.632887    
                                                1.779735    2.772239    
                                                6.827379    3.637371    
                                                0.078593    0.679676    
    5.211999    1.618299    0.328310    0.197637    0.705921    0.239792
    1.578134    4.904786
  1  1
          1.
  1  1
                      1.
  1  1
                                  1.
  1  1
                                              1.
  1  1
                                                          1.
  1  1
                                                                      1.
  6                                                            Z4  BVs 19 - 24
  6  8
                                                3.284375    0.300341    
                                                0.249337    0.128775    
                                                0.153592    1.373468    
                                                0.144337    5.365674    
                                                0.673653    4.192009    
                                                9.801915    0.437999    
    0.072922    0.151237    0.359527    0.422598    1.725284    1.535754
    1.770708    9.653843
  1  1
          1.
  1  1
                      1.
  1  1
                                  1.
  1  1
                                              1.
  1  1
                                                          1.
  1  1
                                                                      1.
  6                                                            Z5  BVs 25 - 30
  6  8
                                                7.699469    0.228042    
                                                0.275277    1.730071    
                                                1.816598    0.283843    
                                                0.346251    0.261542    
                                                2.604954    0.673371    
                                                8.868229    0.032120    
    0.034834    1.492937    0.161197    0.436558    0.614171    0.161265
    4.270981    6.502858
  1  1
          1.
  1  1
                      1.
  1  1
                                  1.
  1  1
                                              1.
  1  1
                                                          1.
  1  1
                                                                      1.
  6                                                            Z6  BVs 31 - 36
  6  8
                                                5.724574    4.072678    
                                                0.423437    1.537178    
                                                9.358075    0.630096    
                                                0.416460    5.185903    
                                                5.588535    9.227885    
                                                4.609191    0.299064    
    0.091157    2.519715    0.198337    0.450754    0.629957    0.991248
    6.010068    7.273523
  1  1
          1.
  1  1
                      1.
  1  1
                                  1.
  1  1
                                              1.
  1  1
                                                          1.
  1  1
                                                                      1.
  6                                                            Z7  BVs 37 - 42
  6  8
                                                0.143718    0.028565    
                                                6.880578    0.212084    
                                                1.810039    8.538301    
                                                12.665626   8.311227    
                                                0.424854    9.399918    
                                                0.237084    2.963652    
    0.571262    1.574452    0.632660    0.316387    0.941507    0.967284
    0.022821    6.460486
  1  1
          1.
  1  1
                      1.
  1  1
                                  1.
  1  1
                                              1.
  1  1
                                                          1.
  1  1
                                                                      1.
  6                                                            Z8  BVs 43 - 48
  6  8
                                                8.437661    1.359418    
                                                8.614552    0.021401    
                                                0.124009    6.890707    
                                                5.478909    8.299595    
                                                0.217584    7.589295    
                                                2.182871    0.520248    
    9.168589    8.461786    0.134354    0.545500    0.543486    0.219879
    0.619217    2.291500
  1  1
          1.
  1  1
                      1.
  1  1
                                  1.
  1  1
                                              1.
  1  1
                                                          1.
  1  1
                                                                      1.
eob-tni/tp_1s0_tp_1s0
elu-tni/000-0_000-0
eob-tni/tp_1s0_tp_1s0
elu-tni/000-0_000-0
eob-tni/tp_1s0_tp_1s0
elu-tni/000-0_000-0
eob-tni/tp_6s0_tp_1s0
elu-tni/000-0_000-0
eob-tni/tp_6s0_tp_1s0
elu-tni/000-0_000-0
eob-tni/tp_6s0_tp_6s0
elu-tni/000-0_000-0
eob-tni/tp_6s0_tp_1s0
elu-tni/000-0_000-0
eob-tni/tp_6s0_tp_1s0
elu-tni/000-0_000-0
eob-tni/tp_6s0_tp_6s0
elu-tni/000-0_000-0
eob-tni/tp_6s0_tp_6s0
elu-tni/000-0_000-0
eob-tni/hen_1s0_tp_1s0
elu-tni/000-0_000-0
eob-tni/hen_1s0_tp_1s0
elu-tni/000-0_000-0
eob-tni/hen_1s0_tp_6s0
elu-tni/000-0_000-0
eob-tni/hen_1s0_tp_6s0
elu-tni/000-0_000-0
eob-tni/hen_1s0_hen_1s0
elu-tni/000-0_000-0
eob-tni/hen_1s0_tp_1s0
elu-tni/000-0_000-0
eob-tni/hen_1s0_tp_1s0
elu-tni/000-0_000-0
eob-tni/hen_1s0_tp_6s0
elu-tni/000-0_000-0
eob-tni/hen_1s0_tp_6s0
elu-tni/000-0_000-0
eob-tni/hen_1s0_hen_1s0
elu-tni/000-0_000-0
eob-tni/hen_1s0_hen_1s0
elu-tni/000-0_000-0
eob-tni/hen_6s0_tp_1s0
elu-tni/000-0_000-0
eob-tni/hen_6s0_tp_1s0
elu-tni/000-0_000-0
eob-tni/hen_6s0_tp_6s0
elu-tni/000-0_000-0
eob-tni/hen_6s0_tp_6s0
elu-tni/000-0_000-0
eob-tni/hen_6s0_hen_1s0
elu-tni/000-0_000-0
eob-tni/hen_6s0_hen_1s0
elu-tni/000-0_000-0
eob-tni/hen_6s0_hen_6s0
elu-tni/000-0_000-0
eob-tni/hen_6s0_tp_1s0
elu-tni/000-0_000-0
eob-tni/hen_6s0_tp_1s0
elu-tni/000-0_000-0
eob-tni/hen_6s0_tp_6s0
elu-tni/000-0_000-0
eob-tni/hen_6s0_tp_6s0
elu-tni/000-0_000-0
eob-tni/hen_6s0_hen_1s0
elu-tni/000-0_000-0
eob-tni/hen_6s0_hen_1s0
elu-tni/000-0_000-0
eob-tni/hen_6s0_hen_6s0
elu-tni/000-0_000-0
eob-tni/hen_6s0_hen_6s0
elu-tni/000-0_000-0
