 10  8  9  3 00  0  0  0  0
nnn_pot
  8                                                            Z1  BVs 1 - 8
  8  8
                                    31.934746   
                                    9.675258    
                                    7.998519    
                                    6.765202    
                                    4.833920    
                                    1.442870    
                                    0.374048    
                                    0.062219    
    5.998893    5.695911    2.385064    1.117123    0.401779    0.107116
    0.074829    0.058558
  1  1
          1.

  1  1
                      1.

  1  1
                                  1.

  1  1
                                              1.

  1  1
                                                          1.

  1  1
                                                                      1.

  1  1

          1.
  1  1

                      1.
  8                                                            Z2  BVs 9 - 16
  8  8
                                    31.838747   
                                    11.961373   
                                    9.921854    
                                    4.702752    
                                    4.161473    
                                    1.310985    
                                    0.493411    
                                    0.417596    
  314.980438   25.241022   16.896448   12.993428    8.831971    0.496214
    0.096186    0.091292
  1  1
          1.

  1  1
                      1.

  1  1
                                  1.

  1  1
                                              1.

  1  1
                                                          1.

  1  1
                                                                      1.

  1  1

          1.
  1  1

                      1.
eob-tni/t_no1_t_no1
elu-tni/000_000
eob-tni/t_no6_t_no1
elu-tni/000_000
eob-tni/t_no6_t_no6
elu-tni/000_000
