 11  2 12 31  1  1 +2  0  0 -1
  1  1  1  1  0  0  0  0  0  0  0  0  0  0  1  1
   0.0000000   1.0000000   1.0000000   1.0000000   1.0000000   1.0000000   1.0000000
   1.0000000   1.0000000   1.0000000   1.0000000   1.0000000   1.0000000   1.6500000
   1.0000000   1.0000000   1.0000000   1.0000000   1.0000000   1.0000000   1.0000000
   1.0000000   1.0000000   1.0000000   1.0000000   1.0000000   1.0000000   1.0000000
   1.0000000   1.0000000
   0   9   0   0   0   1
  58
27.048050000        
0.054994730         
13.019270000        
-0.434787300        
-3.780644000        
-0.087222520        
0.319979300         
-0.363641300        
-0.012550150        
-0.029180690        
0.006642669         
0.013182970         
-1.309826000        
-0.020283850        
-1.898178000        
-0.022626830        
-0.551381900        
-0.063196270        
0.791170500         
0.080831280         
-0.274569000        
-0.027063970        
-0.000000741        
-0.000013927        
1.282846116         
1.928744854         
0.918654919         
0.292908885         
0.724961604         
0.690593722         
0.220192624         
0.164463775         
0.104877033         
0.016719779         
-7.006516000        
0.067636610         
-3.246921000        
0.253338700         
1.265551000         
0.451595300         
-0.169041700        
-0.055928510        
0.008355679         
0.286332200         
-0.003248896        
-0.090121020        
0.216198300         
-0.096546070        
0.339332900         
-0.310257700        
1.268760000         
-1.626720000        
-1.663709000        
2.347652000         
0.502605700         
-0.914060000        
0.000514851         
-0.001662977        
  1  1  0
  24  11  12  13  14  15  16  17  18  19  20  21  22  23  24  25  26  27  28  29
  30  31  32  33  34
   1   2   3   4   5   6   7   8   9  10  11  12  13  14  15  16  17  18  19  20
  21  22  23  24
  1  1  1  1  1  1  1  1  1  1  1  1  1  1
  2  2  0
  10   1   2   3   4   5   6   7   8   9  10
  25  26  27  28  29  30  31  32  33  34
  1  1  1  1  1  1  1  1  1  1  1  1  1  1
  1  1  0
  24  11  12  13  14  15  16  17  18  19  20  21  22  23  24  25  26  27  28  29
  30  31  32  33  34
  35  36  37  38  39  40  41  42  43  44  45  46  47  48  49  50  51  52  53  54
  55  56  57  58
  1  1  1  1  1  1  1  1  1  1  1  1  1  1
  1  1  0 -1
   1  11
49  
  1  1  1  1  0  0  0  0  0  0  0
  1  1  0
   1  12
31  
  0  1  0  1  0  1  0  1  0  1  0  0
  1  1  0
   1  13
27  
  0  1  0  1  0  1  0  1  0  1  0  0
  1  1  0
   1  14
8   
  0  1  0  1  0  1  0  1  0  1  0  0
  1  1  0
   1  15
35  
  0  1  0  1  0  1  0  1  0  1  0  0
  1  1  0
   1  17
25  
  0  1  0  1  0  1  0  1  0  1  0  0
  1  1  0
   1  18
33  
  1  1  1  0  0  0  0  0  0  0  0
  1  1  0
   1  19
15  
  0  1  0  1  0  1  0  1  0  1  0  0
  1  1  0
   1  20
30  
  0  1  0  1  0  1  0  1  0  1  0  0
  1  1  0
   1  21
37  
  0  1  0  1  0  1  0  1  0  1  0  0
  1  1  0
   1  22
19  
  0  1  0  1  0  1  0  1  0  1  0  0
  1  1  0
   1  23
30  
  0  1  0  1  0  1  0  1  0  1  0  0
  1  1  0
   1  24
28  
  0  1  0  1  0  1  0  1  0  1  0  0
  1  1  0
   1  25
13  
  0  1  0  1  0  1  0  1  0  1  0  0
  1  1  0
   1  26
39  
  0  1  0  1  0  1  0  1  0  1  0  0
  1  1  0
   1  27
28  
  0  1  0  1  0  1  0  1  0  1  0  0
  1  1  0
   1  28
26  
  0  1  0  1  0  1  0  1  0  1  0  0
  1  1  0
   1  29
49  
  0  1  0  1  0  1  0  1  0  1  0  0
  1  1  0
   1  30
32  
  0  1  0  1  0  1  0  1  0  1  0  0
  2  2  0
   1   1
50  
  0  1  0  1  0  1  0  1  0  1  0  0
  2  2  0
   1   2
50  
  0  1  0  1  0  1  0  1  0  1  0  0
  2  2  0
   1   3
32  
  0  1  0  1  0  1  0  1  0  1  0  0
  2  2  0
   1   4
13  
  0  1  0  1  0  1  0  1  0  1  0  0
  2  2  0
   1   5
3   
  0  1  0  1  0  1  0  1  0  1  0  0
  2  2  0
   1   6
51  
  0  1  0  1  0  1  0  1  0  1  0  0
  2  2  0
   1  35
56  
  0  1  0  1  0  1  0  1  0  1  0  0
  2  2  0
   1  36
49  
  0  1  0  1  0  1  0  1  0  1  0  0
  2  2  0
   1  37
39  
  0  1  0  1  0  1  0  1  0  1  0  0
  2  2  0
   1  38
27  
  0  1  0  1  0  1  0  1  0  1  0  0
  2  2  0
   1  39
32  
  0  1  0  1  0  1  0  1  0  1  0  0
  2  2  0
   1  40
22  
  0  1  0  1  0  1  0  1  0  1  0  0
  2  2  0
   1  41
37  
  0  1  0  1  0  1  0  1  0  1  0  0
  2  2  0
   1  42
56  
  0  1  0  1  0  1  0  1  0  1  0  0
  1  1  0
   1  43
7   
  0  1  0  1  0  1  0  1  0  1  0  0
  1  1  0
   1  44
20  
  0  1  0  1  0  1  0  1  0  1  0  0
  1  1  0
   1  45
4   
  0  1  0  1  0  1  0  1  0  1  0  0
  1  1  0
   1  46
31  
  0  1  0  1  0  1  0  1  0  1  0  0
  1  1  0
   1  47
16  
  0  1  0  1  0  1  0  1  0  1  0  0
  1  1  0
   1  48
13  
  0  1  0  1  0  1  0  1  0  1  0  0
  1  1  0
   1  49
21  
  0  1  0  1  0  1  0  1  0  1  0  0
  1  1  0
   1  50
54  
  0  1  0  1  0  1  0  1  0  1  0  0
