 10  8  9  3 00  0  0  0
nn_pot
  8
  8 14
                                                9.931722    9.931722    
                                                9.931722    2.265091    
                                                9.931722    0.344813    
                                                9.931722    0.030422    
                                                2.265091    2.265091    
                                                2.265091    0.344813    
                                                2.265091    0.030422    
                                                0.344813    0.344813    
   11.077569    6.812921    4.190079    4.084239    2.576980    1.584893
    1.052500    0.271227    0.069895    0.018012    0.004642    0.001196
    0.000308    0.000079
  1  1
          1.

  1  1
                      1.

  1  1
                                  1.

  1  1
                                              1.

  1  1
                                                          1.

  1  1
                                                                      1.

  1  1

          1.
  1  1

                      1.
  2
  2 14
                                                0.344813    0.030422    
                                                0.030422    0.030422    
   11.077569    6.812921    4.190079    4.084239    2.576980    1.584893
    1.052500    0.271227    0.069895    0.018012    0.004642    0.001196
    0.000308    0.000079
  1  1
          1.
  1  1
                      1.
  8
  8 14
                                                26.986174   23.888838   
                                                26.986174   0.425781    
                                                9.651847    23.888838   
                                                9.651847    0.425781    
                                                3.966697    23.888838   
                                                3.966697    0.425781    
                                                1.496702    23.888838   
                                                1.496702    0.425781    
   11.077569    6.812921    4.190079    4.084239    2.576980    1.584893
    1.052500    0.271227    0.069895    0.018012    0.004642    0.001196
    0.000308    0.000079
  1  1
          1.

  1  1
                      1.

  1  1
                                  1.

  1  1
                                              1.

  1  1
                                                          1.

  1  1
                                                                      1.

  1  1

          1.
  1  1

                      1.
  8
  8 14
                                                0.120584    23.888838   
                                                0.120584    0.425781    
                                                0.077509    23.888838   
                                                0.077509    0.425781    
                                                18.282030   1.496302    
                                                18.282030   0.120904    
                                                4.721673    1.496302    
                                                4.721673    0.120904    
   11.077569    6.812921    4.190079    4.084239    2.576980    1.584893
    1.052500    0.271227    0.069895    0.018012    0.004642    0.001196
    0.000308    0.000079
  1  1
          1.

  1  1
                      1.

  1  1
                                  1.

  1  1
                                              1.

  1  1
                                                          1.

  1  1
                                                                      1.

  1  1

          1.
  1  1

                      1.
  8
  8 14
                                                0.240615    1.496302    
                                                0.240615    0.120904    
                                                0.199094    1.496302    
                                                0.199094    0.120904    
                                                0.159748    1.496302    
                                                0.159748    0.120904    
                                                0.004150    1.496302    
                                                0.004150    0.120904    
   11.077569    6.812921    4.190079    4.084239    2.576980    1.584893
    1.052500    0.271227    0.069895    0.018012    0.004642    0.001196
    0.000308    0.000079
  1  1
          1.

  1  1
                      1.

  1  1
                                  1.

  1  1
                                              1.

  1  1
                                                          1.

  1  1
                                                                      1.

  1  1

          1.
  1  1

                      1.
  8                                                            Z1  BVs 1 - 8
  8 10
                                                0.053906    16.134953   
                                                1.290369    1.173685    
                                                8.831648    0.975626    
                                                8.435383    0.214795    
                                                1.277992    7.556726    
                                                10.055223   4.588816    
                                                0.687366    6.173017    
                                                0.476639    0.018712    
    3.818274   11.439625   25.038525    0.999611    0.412498    0.313520
    0.026269    0.049890    0.007783    0.005174
  1  1
          1.

  1  1
                      1.

  1  1
                                  1.

  1  1
                                              1.

  1  1
                                                          1.

  1  1
                                                                      1.

  1  1

          1.
  1  1

                      1.
  8                                                            Z2  BVs 9 - 16
  8 10
                                                5.288062    0.060276    
                                                4.427736    0.176953    
                                                1.574945    5.368876    
                                                30.664953   19.171730   
                                                0.147598    0.069587    
                                                1.907028    0.330429    
                                                10.982654   11.215374   
                                                1.355894    1.768556    
   28.614803    3.118627    2.603173    1.683498    0.575422    0.249886
    0.072399    0.019832    0.028347    0.001752
  1  1
          1.

  1  1
                      1.

  1  1
                                  1.

  1  1
                                              1.

  1  1
                                                          1.

  1  1
                                                                      1.

  1  1

          1.
  1  1

                      1.
