 10  8  9  3 00  0  0  0  0
nnn_pot
  8                                                            Z1  BVs 1 - 8
  8  4
                                    6.944744    
                                    4.431468    
                                    1.698841    
                                    1.425405    
                                    0.867786    
                                    0.169196    
                                    0.132288    
                                    0.085648    
    2.874111    0.318741    0.134780    0.027153
  1  1
          1.

  1  1
                      1.

  1  1
                                  1.

  1  1
                                              1.

  1  1
                                                          1.

  1  1
                                                                      1.

  1  1

          1.
  1  1

                      1.
  8                                                            Z2  BVs 9 - 16
  8  4
                                    29.276943   
                                    6.233732    
                                    6.013030    
                                    2.057616    
                                    0.666530    
                                    0.220953    
                                    0.107577    
                                    0.072314    
   23.934608    0.476626    0.385515    0.126429
  1  1
          1.

  1  1
                      1.

  1  1
                                  1.

  1  1
                                              1.

  1  1
                                                          1.

  1  1
                                                                      1.

  1  1

          1.
  1  1

                      1.
eob-tni/t_no1_t_no1
elu-tni/000_000
eob-tni/t_no6_t_no1
elu-tni/000_000
eob-tni/t_no6_t_no6
elu-tni/000_000
