 10  8  9  3 00  0  0  0  0
nnn_pot
  5                                                            Z1  BVs 1 - 5
  5  4
                                    31.546665   
                                    18.619165   
                                    7.514902    
                                    1.886541    
                                    1.461493    
   13.569424    6.931295    0.793179    0.224179
  1  1
          1.
  1  1
                      1.
  1  1
                                  1.
  1  1
                                              1.
  1  1
                                                          1.
  5                                                            Z2  BVs 6 - 10
  5  4
                                    5.331568    
                                    1.287935    
                                    0.518283    
                                    0.107893    
                                    0.007279    
   10.871959    0.715686    0.478937    0.174411
  1  1
          1.
  1  1
                      1.
  1  1
                                  1.
  1  1
                                              1.
  1  1
                                                          1.
eob-tni/123_123
elu-tni/000_000
eob-tni/123_123
elu-tni/000_000
eob-tni/123_123
elu-tni/000_000
