 10  8  9  3 00  0  0  0  0
nnn_pot
  8                                                            Z1  BVs 1 - 8
  8  6
                                    10.555224   
                                    5.066810    
                                    1.606155    
                                    1.413505    
                                    1.258728    
                                    0.331038    
                                    0.275558    
                                    0.055493    
    4.773534    1.725613    0.505515    0.169358    0.114757    0.008722
  1  1
          1.

  1  1
                      1.

  1  1
                                  1.

  1  1
                                              1.

  1  1
                                                          1.

  1  1
                                                                      1.

  1  1

          1.
  1  1

                      1.
  8                                                            Z2  BVs 9 - 16
  8  6
                                    11.520048   
                                    6.939073    
                                    3.731981    
                                    1.025168    
                                    0.292129    
                                    0.108805    
                                    0.079921    
                                    0.002129    
   73.889328    1.153396    0.515706    0.260451    0.075364    0.069213
  1  1
          1.

  1  1
                      1.

  1  1
                                  1.

  1  1
                                              1.

  1  1
                                                          1.

  1  1
                                                                      1.

  1  1

          1.
  1  1

                      1.
eob-tni/he_no1_he_no1
elu-tni/000_000
eob-tni/he_no6_he_no1
elu-tni/000_000
eob-tni/he_no6_he_no6
elu-tni/000_000
