 11  2 12 31  1  1 +2  0  0 -1
  1  1  1  1  0  0  0  0  0  0  0  0  0  0  1  1
   0.0000000   1.0000000   1.0000000   1.0000000   1.0000000   1.0000000   1.0000000
   1.0000000   1.0000000   1.0000000   1.0000000   1.0000000   1.0000000   0.0250000
   1.0000000   1.0000000   1.0000000   1.0000000   1.0000000   1.0000000   1.0000000
   1.0000000   1.0000000   1.0000000   1.0000000   1.0000000   1.0000000   1.0000000
   1.0000000   1.0000000
   0  98   0   0   0   1
 132
6.269546361         
6.237106971         
2.607815516         
1.307354545         
0.797529875         
0.308881010         
0.117484601         
0.092994505         
1.551208857         
1.297161182         
0.650295067         
0.396701679         
0.153641411         
0.058438361         
0.046256670         
0.271179978         
0.271896823         
0.165866130         
0.064239472         
0.024433838         
0.019340515         
0.068153891         
0.083152293         
0.032204642         
0.012249214         
0.009695820         
0.025362836         
0.019645906         
0.007472429         
0.005914774         
0.003804401         
0.002894050         
0.002290775         
0.000550384         
0.000871309         
0.000344841         
1.660819000         
0.014823730         
-0.036917030        
0.746297200         
0.075695390         
-0.092967770        
1.027147000         
0.084045990         
-0.050809640        
-0.000131451        
0.009804619         
-0.035068780        
-0.030744410        
0.020260880         
-0.026170240        
0.008862956         
0.047587770         
-0.013495220        
-0.001506348        
-0.005395979        
-0.011426130        
0.000155057         
0.000521443         
-0.000683330        
0.491363600         
-0.050467590        
-0.011241600        
0.888980900         
-0.131088000        
-0.029083460        
0.426924500         
-0.073148020        
-0.015466270        
0.151369300         
-0.043894880        
-0.011141020        
0.153847200         
-0.036078340        
-0.007687559        
-0.030422820        
-0.006901826        
-0.004497220        
0.004612672         
-0.000626600        
-0.003224746        
-0.000451322        
-0.000522816        
-0.002061418        
23.303390000        
0.062494980         
-0.006288714        
9.639223000         
1.456075000         
-0.002760986        
14.807070000        
0.732190600         
-0.001224996        
0.001324944         
0.762146200         
-0.000914086        
-0.124588000        
0.246303200         
0.000220485         
0.037503410         
0.024560280         
-0.000782877        
-0.005271456        
-0.000499516        
0.000357700         
0.000303300         
-0.000100151        
-0.000015553        
6.136566000         
0.031420040         
0.000743245         
9.282523000         
0.016727580         
0.000304123         
4.427150000         
0.007222142         
0.000156477         
1.828316000         
0.005938202         
0.000084069         
0.037485050         
-0.000599025        
-0.000009407        
-0.012433950        
0.004635649         
0.000072522         
0.000421336         
-0.000906136        
-0.000028120        
0.000078928         
-0.000053638        
0.000003025         
  1  1  0
  48  37  38  39  40  41  42  43  44  45  46  47  48  49  50  51  52  53  54  55
  56  57  58  59  60  61  62  63  64  65  66  67  68  69  70  71  72  73  74  75
  76  77  78  79  80  81  82  83  84
  85  86  87  88  89  90  91  92  93  94  95  96  97  98  99 100 101 102 103 104
 105 106 107 108 109 110 111 112 113 114 115 116 117 118 119 120 121 122 123 124
 125 126 127 128 129 130 131 132
  1  1  1  1  1  1  1  1  1  1  1  1  1  1  1  1  1  1  1  1
  1  1  0
  48  37  38  39  40  41  42  43  44  45  46  47  48  49  50  51  52  53  54  55
  56  57  58  59  60  61  62  63  64  65  66  67  68  69  70  71  72  73  74  75
  76  77  78  79  80  81  82  83  84
  37  38  39  40  41  42  43  44  45  46  47  48  49  50  51  52  53  54  55  56
  57  58  59  60  61  62  63  64  65  66  67  68  69  70  71  72  73  74  75  76
  77  78  79  80  81  82  83  84
  1  1  1  1  1  1  1  1  1  1  1  1  1  1  1  1  1  1  1  1
  2  2  0
  36   1   2   3   4   5   6   7   8   9  10  11  12  13  14  15  16  17  18  19
  20  21  22  23  24  25  26  27  28  29  30  31  32  33  34  35  36
   1   2   3   4   5   6   7   8   9  10  11  12  13  14  15  16  17  18  19  20
  21  22  23  24  25  26  27  28  29  30  31  32  33  34  35  36
  1  1  1  1  1  1  1  1  1  1  1  1  1  1  1  1  1  1  1  1
  2  2  0 -1
   1   1
92  
  1  0  1  1  1  1  1  1  1  1  1  1  1  1  1  0  1  0  1
  2  2  0
   1   2
13  
  1  0  1  1  1  1  1  1  1  1  1  1  1  1  1  0  1  0  1
  2  2  0
   1   3
12  
  1  0  1  1  1  1  1  1  1  1  1  1  1  1  1  0  1  0  1
  2  2  0
   1   4
89  
  1  0  1  1  1  1  1  1  1  1  1  1  1  1  1  0  1  0  1
  2  2  0
   1   5
61  
  1  0  1  1  1  1  1  1  1  1  1  1  1  1  1  0  1  0  1
  2  2  0
   1   6
17  
  1  0  1  1  1  1  1  1  1  1  1  1  1  1  1  0  1  0  1
  2  2  0
   1   7
91  
  1  0  1  1  1  1  1  1  1  1  1  1  1  1  1  0  1  0  1
  2  2  0
   1   8
40  
  1  0  1  1  1  1  1  1  1  1  1  1  1  1  1  0  1  0  1
  2  2  0
   1   9
6   
  1  0  1  1  1  1  1  1  1  1  1  1  1  1  1  0  1  0  1
  2  2  0
   1  10
67  
  1  0  1  1  1  1  1  1  1  1  1  1  1  1  1  0  1  0  1
  2  2  0
   1  11
112 
  1  0  1  1  1  1  1  1  1  1  1  1  1  1  1  0  1  0  1
  2  2  0
   1  12
13  
  1  0  1  1  1  1  1  1  1  1  1  1  1  1  1  0  1  0  1
  2  2  0
   1  13
7   
  1  0  1  1  1  1  1  1  1  1  1  1  1  1  1  0  1  0  1
  2  2  0
   1  14
43  
  1  0  1  1  1  1  1  1  1  1  1  1  1  1  1  0  1  0  1
  2  2  0
   1  15
95  
  1  0  1  1  1  1  1  1  1  1  1  1  1  1  1  0  1  0  1
  2  2  0
   1  16
118 
  1  0  1  1  1  1  1  1  1  1  1  1  1  1  1  0  1  0  1
  2  2  0
   1  17
92  
  1  0  1  1  1  1  1  1  1  1  1  1  1  1  1  0  1  0  1
  2  2  0
   1  18
112 
  1  0  1  1  1  1  1  1  1  1  1  1  1  1  1  0  1  0  1
  2  2  0
   1  19
12  
  1  0  1  1  1  1  1  1  1  1  1  1  1  1  1  0  1  0  1
  2  2  0
   1  20
89  
  1  0  1  1  1  1  1  1  1  1  1  1  1  1  1  0  1  0  1
  2  2  0
   1  21
89  
  1  0  1  1  1  1  1  1  1  1  1  1  1  1  1  0  1  0  1
  2  2  0
   1  22
67  
  1  0  1  1  1  1  1  1  1  1  1  1  1  1  1  0  1  0  1
  2  2  0
   1  23
112 
  1  0  1  1  1  1  1  1  1  1  1  1  1  1  1  0  1  0  1
  2  2  0
   1  24
6   
  1  0  1  1  1  1  1  1  1  1  1  1  1  1  1  0  1  0  1
  2  2  0
   1  25
12  
  1  0  1  1  1  1  1  1  1  1  1  1  1  1  1  0  1  0  1
  2  2  0
   1  26
98  
  1  0  1  1  1  1  1  1  1  1  1  1  1  1  1  0  1  0  1
  2  2  0
   1  27
3   
  1  0  1  1  1  1  1  1  1  1  1  1  1  1  1  0  1  0  1
  2  2  0
   1  28
118 
  1  0  1  1  1  1  1  1  1  1  1  1  1  1  1  0  1  0  1
  2  2  0
   1  29
40  
  1  0  1  1  1  1  1  1  1  1  1  1  1  1  1  0  1  0  1
  2  2  0
   1  30
92  
  1  0  1  1  1  1  1  1  1  1  1  1  1  1  1  0  1  0  1
  2  2  0
   1  31
91  
  1  0  1  1  1  1  1  1  1  1  1  1  1  1  1  0  1  0  1
  1  1  0
   1  37
61  
  1  0  1  1  1  1  1  1  1  1  1  1  1  1  1  0  1  0  1
  1  1  0
   1  38
18  
  1  0  1  1  1  1  1  1  1  1  1  1  1  1  1  0  1  0  1
  1  1  0
   1  39
7   
  1  0  1  1  1  1  1  1  1  1  1  1  1  1  1  0  1  0  1
  1  1  0
   1  40
40  
  1  0  1  1  1  1  1  1  1  1  1  1  1  1  1  0  1  0  1
  1  1  0
   1  41
1   
  1  0  1  1  1  1  1  1  1  1  1  1  1  1  1  0  1  0  1
  1  1  0
   1  42
109 
  1  0  1  1  1  1  1  1  1  1  1  1  1  1  1  0  1  0  1
  1  1  0
   1  43
115 
  1  0  1  1  1  1  1  1  1  1  1  1  1  1  1  0  1  0  1
  1  1  0
   1  44
1   
  1  0  1  1  1  1  1  1  1  1  1  1  1  1  1  0  1  0  1
  1  1  0
   1  45
64  
  1  0  1  1  1  1  1  1  1  1  1  1  1  1  1  0  1  0  1
  1  1  0
   1  46
7   
  1  0  1  1  1  1  1  1  1  1  1  1  1  1  1  0  1  0  1
  1  1  0
   1  47
95  
  1  0  1  1  1  1  1  1  1  1  1  1  1  1  1  0  1  0  1
  1  1  0
   1  48
92  
  1  0  1  1  1  1  1  1  1  1  1  1  1  1  1  0  1  0  1
  1  1  0
   1  49
67  
  1  0  1  1  1  1  1  1  1  1  1  1  1  1  1  0  1  0  1
  1  1  0
   1  50
98  
  1  0  1  1  1  1  1  1  1  1  1  1  1  1  1  0  1  0  1
  1  1  0
   1  51
10  
  1  0  1  1  1  1  1  1  1  1  1  1  1  1  1  0  1  0  1
  1  1  0
   1  52
70  
  1  0  1  1  1  1  1  1  1  1  1  1  1  1  1  0  1  0  1
  1  1  0
   1  53
67  
  1  0  1  1  1  1  1  1  1  1  1  1  1  1  1  0  1  0  1
  1  1  0
   1  54
17  
  1  0  1  1  1  1  1  1  1  1  1  1  1  1  1  0  1  0  1
  1  1  0
   1  55
97  
  1  0  1  1  1  1  1  1  1  1  1  1  1  1  1  0  1  0  1
  1  1  0
   1  56
18  
  1  0  1  1  1  1  1  1  1  1  1  1  1  1  1  0  1  0  1
  1  1  0
   1  57
16  
  1  0  1  1  1  1  1  1  1  1  1  1  1  1  1  0  1  0  1
  1  1  0
   1  58
91  
  1  0  1  1  1  1  1  1  1  1  1  1  1  1  1  0  1  0  1
  1  1  0
   1  59
18  
  1  0  1  1  1  1  1  1  1  1  1  1  1  1  1  0  1  0  1
  1  1  0
   1  60
92  
  1  0  1  1  1  1  1  1  1  1  1  1  1  1  1  0  1  0  1
  1  1  0
   1  61
88  
  1  0  1  1  1  1  1  1  1  1  1  1  1  1  1  0  1  0  1
  1  1  0
   1  62
61  
  1  0  1  1  1  1  1  1  1  1  1  1  1  1  1  0  1  0  1
  1  1  0
   1  63
92  
  1  0  1  1  1  1  1  1  1  1  1  1  1  1  1  0  1  0  1
  1  1  0
   1  64
40  
  1  0  1  1  1  1  1  1  1  1  1  1  1  1  1  0  1  0  1
  1  1  0
   1  65
89  
  1  0  1  1  1  1  1  1  1  1  1  1  1  1  1  0  1  0  1
  1  1  0
   1  66
17  
  1  0  1  1  1  1  1  1  1  1  1  1  1  1  1  0  1  0  1
  1  1  0
   1  67
17  
  1  0  1  1  1  1  1  1  1  1  1  1  1  1  1  0  1  0  1
  1  1  0
   1  68
37  
  1  0  1  1  1  1  1  1  1  1  1  1  1  1  1  0  1  0  1
  1  1  0
   1  69
3   
  1  0  1  1  1  1  1  1  1  1  1  1  1  1  1  0  1  0  1
  1  1  0
   1  70
61  
  1  0  1  1  1  1  1  1  1  1  1  1  1  1  1  0  1  0  1
  1  1  0
   1  71
5   
  1  0  1  1  1  1  1  1  1  1  1  1  1  1  1  0  1  0  1
  1  1  0
   1  72
5   
  1  0  1  1  1  1  1  1  1  1  1  1  1  1  1  0  1  0  1
  1  1  0
   1  73
9   
  1  0  1  1  1  1  1  1  1  1  1  1  1  1  1  0  1  0  1
  1  1  0
   1  74
98  
  1  0  1  1  1  1  1  1  1  1  1  1  1  1  1  0  1  0  1
  1  1  0
   1  75
7   
  1  0  1  1  1  1  1  1  1  1  1  1  1  1  1  0  1  0  1
  1  1  0
   1  76
10  
  1  0  1  1  1  1  1  1  1  1  1  1  1  1  1  0  1  0  1
  1  1  0
   1  77
115 
  1  0  1  1  1  1  1  1  1  1  1  1  1  1  1  0  1  0  1
  1  1  0
   1  78
95  
  1  0  1  1  1  1  1  1  1  1  1  1  1  1  1  0  1  0  1
  1  1  0
   1  79
70  
  1  0  1  1  1  1  1  1  1  1  1  1  1  1  1  0  1  0  1
  2  2  0
   1  85
18  
  1  0  1  1  1  1  1  1  1  1  1  1  1  1  1  0  1  0  1
  2  2  0
   1  86
4   
  1  0  1  1  1  1  1  1  1  1  1  1  1  1  1  0  1  0  1
  2  2  0
   1  87
61  
  1  0  1  1  1  1  1  1  1  1  1  1  1  1  1  0  1  0  1
  2  2  0
   1  88
109 
  1  0  1  1  1  1  1  1  1  1  1  1  1  1  1  0  1  0  1
  2  2  0
   1  89
92  
  1  0  1  1  1  1  1  1  1  1  1  1  1  1  1  0  1  0  1
  2  2  0
   1  90
112 
  1  0  1  1  1  1  1  1  1  1  1  1  1  1  1  0  1  0  1
  2  2  0
   1  91
43  
  1  0  1  1  1  1  1  1  1  1  1  1  1  1  1  0  1  0  1
  2  2  0
   1  92
43  
  1  0  1  1  1  1  1  1  1  1  1  1  1  1  1  0  1  0  1
  2  2  0
   1  93
88  
  1  0  1  1  1  1  1  1  1  1  1  1  1  1  1  0  1  0  1
  2  2  0
   1  94
6   
  1  0  1  1  1  1  1  1  1  1  1  1  1  1  1  0  1  0  1
  2  2  0
   1  95
109 
  1  0  1  1  1  1  1  1  1  1  1  1  1  1  1  0  1  0  1
  2  2  0
   1  96
3   
  1  0  1  1  1  1  1  1  1  1  1  1  1  1  1  0  1  0  1
  1  1  0
   1  97
7   
  1  0  1  1  1  1  1  1  1  1  1  1  1  1  1  0  1  0  1
  1  1  0
   1  98
16  
  1  0  1  1  1  1  1  1  1  1  1  1  1  1  1  0  1  0  1
  1  1  0
   1  99
43  
  1  0  1  1  1  1  1  1  1  1  1  1  1  1  1  0  1  0  1
  1  1  0
   1 100
4   
  1  0  1  1  1  1  1  1  1  1  1  1  1  1  1  0  1  0  1
  1  1  0
   1 101
12  
  1  0  1  1  1  1  1  1  1  1  1  1  1  1  1  0  1  0  1
  1  1  0
   1 102
37  
  1  0  1  1  1  1  1  1  1  1  1  1  1  1  1  0  1  0  1
  1  1  0
   1 103
43  
  1  0  1  1  1  1  1  1  1  1  1  1  1  1  1  0  1  0  1
  1  1  0
   1 104
91  
  1  0  1  1  1  1  1  1  1  1  1  1  1  1  1  0  1  0  1
  1  1  0
   1 105
16  
  1  0  1  1  1  1  1  1  1  1  1  1  1  1  1  0  1  0  1
  1  1  0
   1 106
4   
  1  0  1  1  1  1  1  1  1  1  1  1  1  1  1  0  1  0  1
  1  1  0
   1 107
109 
  1  0  1  1  1  1  1  1  1  1  1  1  1  1  1  0  1  0  1
  1  1  0
   1 108
6   
  1  0  1  1  1  1  1  1  1  1  1  1  1  1  1  0  1  0  1
