  0  0  0  0  0 -1
  1  1  1  1  1  1  1  1
5
  1  5
  1  5
  1  5
  1  5
  1  5
  0  0  0  0
  0  1  2
  0  5  3
  0  6  4
  0  0  0  0
  0  1  2
  0  5  3
  0  6  4
  0  0  0  0
  0  1  2
  0  5  3
  0  6  4
  0  0  0  0
  0  1  2
  0  5  3
  0  6  4
  0  0  0  0
  0  1  2
  0  5  3
  0  6  4
000-0-0_000-0-0
000-0-0_000-0-0
000-0-0_000-0-0
000-0-0_000-0-0
000-0-0_000-0-0
000-0-0_000-0-0
000-0-0_000-0-0
000-0-0_000-0-0
000-0-0_000-0-0
000-0-0_000-0-0
000-0-0_000-0-0
000-0-0_000-0-0
000-0-0_000-0-0
000-0-0_000-0-0
000-0-0_000-0-0
000-0-0_000-0-0
000-0-0_000-0-0
000-0-0_000-0-0
000-0-0_000-0-0
000-0-0_000-0-0
000-0-0_000-0-0
000-0-0_000-0-0
000-0-0_000-0-0
000-0-0_000-0-0
000-0-0_000-0-0
