 10  8  9  3 00  0  0  0  0
nn_pot
  1
  1 20
                                                            0.229669    
0.084707    0.011653    
   12.956650    5.134670    2.947287    1.342339    0.821446    0.444741
    2.939000    1.690174    1.185236    0.843000    0.500110    0.257369
    0.138520    0.071429    0.038519    0.018573    0.009726    0.005619
    0.002765    0.001010
  1  1
          1.
  5
  5 20
                                                            0.264484    
0.118916    0.826800    
                                                            0.264484    
0.118916    0.432478    
                                                            0.264484    
0.118916    0.007265    
                                                            0.264484    
0.118916    0.001755    
                                                            0.003734    
0.001685    5.703809    
   12.956650    5.134670    2.947287    1.342339    0.821446    0.444741
    2.939000    1.690174    1.185236    0.843000    0.500110    0.257369
    0.138520    0.071429    0.038519    0.018573    0.009726    0.005619
    0.002765    0.001010
  1  1
          1.
  1  1
                      1.
  1  1
                                  1.
  1  1
                                              1.
  1  1
                                                          1.
  8
  8 20
                                                            11.981685   
9.693603    1.172118    
                                                            4.419962    
3.804240    0.083587    
                                                            0.363125    
0.319318    0.062608    
                                                            0.363125    
0.319318    0.018916    
                                                            0.254608    
0.158552    1.172118    
                                                            0.254608    
0.158552    0.073359    
                                                            0.254608    
0.158552    0.062608    
                                                            0.105811    
0.054596    0.083587    
   12.956650    5.134670    2.947287    1.342339    0.821446    0.444741
    2.939000    1.690174    1.185236    0.843000    0.500110    0.257369
    0.138520    0.071429    0.038519    0.018573    0.009726    0.005619
    0.002765    0.001010
  1  1
          1.

  1  1
                      1.

  1  1
                                  1.

  1  1
                                              1.

  1  1
                                                          1.

  1  1
                                                                      1.

  1  1

          1.
  1  1

                      1.
  1
  1 20
                                                            0.105811    
0.054596    0.018916    
   12.956650    5.134670    2.947287    1.342339    0.821446    0.444741
    2.939000    1.690174    1.185236    0.843000    0.500110    0.257369
    0.138520    0.071429    0.038519    0.018573    0.009726    0.005619
    0.002765    0.001010
  1  1
          1.
  6
  6 20
                                                            7.938086    
5.794924    0.053824    
                                                            0.456066    
0.426984    0.558371    
                                                            0.456066    
0.426984    0.128121    
                                                            0.456066    
0.426984    0.053824    
                                                            0.456066    
0.426984    0.006769    
                                                            0.456066    
0.426984    0.006477    
   12.956650    5.134670    2.947287    1.342339    0.821446    0.444741
    2.939000    1.690174    1.185236    0.843000    0.500110    0.257369
    0.138520    0.071429    0.038519    0.018573    0.009726    0.005619
    0.002765    0.001010
  1  1
          1.
  1  1
                      1.
  1  1
                                  1.
  1  1
                                              1.
  1  1
                                                          1.
  1  1
                                                                      1.
eob/tpn_1s0h_tpn_1s0h
elu/000-0-0_000-0-0
eob/tpn_6s0h_tpn_1s0h
elu/000-0-0_000-0-0
eob/tpn_6s0h_tpn_6s0h
elu/000-0-0_000-0-0
eob/henn_1s0h_tpn_1s0h
elu/000-0-0_000-0-0
eob/henn_1s0h_tpn_6s0h
elu/000-0-0_000-0-0
eob/henn_1s0h_henn_1s0h
elu/000-0-0_000-0-0
eob/henn_1s0h_tpn_1s0h
elu/000-0-0_000-0-0
eob/henn_1s0h_tpn_6s0h
elu/000-0-0_000-0-0
eob/henn_1s0h_henn_1s0h
elu/000-0-0_000-0-0
eob/henn_1s0h_henn_1s0h
elu/000-0-0_000-0-0
eob/henn_6s0h_tpn_1s0h
elu/000-0-0_000-0-0
eob/henn_6s0h_tpn_6s0h
elu/000-0-0_000-0-0
eob/henn_6s0h_henn_1s0h
elu/000-0-0_000-0-0
eob/henn_6s0h_henn_1s0h
elu/000-0-0_000-0-0
eob/henn_6s0h_henn_6s0h
elu/000-0-0_000-0-0
