 11  2 12 31  1  1 +2  0  0 -1
  1  1  1  1  0  0  0  0  0  0  0  0  0  0  1  1
   0.0000000   1.0000000   1.0000000   1.0000000   1.0000000   1.0000000   1.0000000
   1.0000000   1.0000000   1.0000000   1.0000000   1.0000000   1.0000000   1.0000000
   1.0000000   1.0000000   1.0000000   1.0000000   1.0000000   1.0000000   1.0000000
   1.0000000   1.0000000   1.0000000   1.0000000   1.0000000   1.0000000   1.0000000
   1.0000000   1.0000000
   0  64   0   0   0   1
  85
1.769246952         
1.995973438         
0.963234013         
0.407245727         
0.083597065         
0.562938650         
0.543335543         
0.229716844         
0.047154955         
0.131103767         
0.110858729         
0.022756443         
0.023434982         
0.009621197         
0.000987492         
-10.879380000       
0.055152280         
0.007302953         
-7.720105000        
0.285289300         
0.047716430         
3.731811000         
0.028377430         
-0.000975568        
-0.448017500        
0.257271900         
0.030346050         
-0.071957440        
0.123476500         
0.017558310         
0.012505110         
0.027948030         
0.005911244         
-0.000733163        
0.012669750         
0.005989721         
1.333237000         
0.222044800         
-20.397210000       
1.784707000         
42.361250000        
-2.614442000        
-26.694180000       
1.601524000         
0.350835900         
0.181205900         
-0.003515955        
0.001197145         
0.000115497         
-0.000258864        
49.675030000        
-0.058911860        
0.005180032         
22.099120000        
0.053559310         
-0.005296624        
-3.404946000        
-0.001203906        
0.001214718         
-1.687172000        
-0.051267660        
0.003532106         
0.282238900         
0.026699410         
-0.001912776        
-0.059890180        
-0.000730463        
0.000557969         
0.005288705         
-0.000344166        
-0.000010266        
11.475470000        
0.301146400         
70.191300000        
1.702022000         
-180.490200000      
-8.186813000        
128.731900000       
6.499010000         
-0.515812000        
-0.050363520        
0.005708220         
-0.017374360        
-0.000163022        
0.000037732         
  1  1  0
  35  16  17  18  19  20  21  22  23  24  25  26  27  28  29  30  31  32  33  34
  35  36  37  38  39  40  41  42  43  44  45  46  47  48  49  50
  16  17  18  19  20  21  22  23  24  25  26  27  28  29  30  31  32  33  34  35
  36  37  38  39  40  41  42  43  44  45  46  47  48  49  50
  1  1  1  1  1  1  1  1  1  1  1  1  1  1  1  1  1  1  1  1  1  1  1  1  1  1  1  1  1  1  1  1  1  1  1  1  1  1  1  1
  2  2  0
  15   1   2   3   4   5   6   7   8   9  10  11  12  13  14  15
   1   2   3   4   5   6   7   8   9  10  11  12  13  14  15
  1  1  1  1  1  1  1  1  1  1  1  1  1  1  1  1  1  1  1  1  1  1  1  1  1  1  1  1  1  1  1  1  1  1  1  1  1  1  1  1
  2  2  0 -1
   1   1
75  
  1  0  1  0  1  0  1  0  1  0  1  0  0  0
  2  2  0
   1   2
51  
  1  0  1  0  1  0  1  0  1  0  1  0  0  0
  2  2  0
   1   3
43  
  1  0  1  0  1  0  1  0  1  0  1  0  0  0
  2  2  0
   1   4
25  
  1  0  1  0  1  0  1  0  1  0  1  0  0  0
  2  2  0
   1   5
51  
  1  0  1  0  1  0  1  0  1  0  1  0  0  0
  2  2  0
   1   6
8   
  1  0  1  0  1  0  1  0  1  0  1  0  0  0
  2  2  0
   1   7
4   
  1  0  1  0  1  0  1  0  1  0  1  0  0  0
  2  2  0
   1   8
80  
  1  0  1  0  1  0  1  0  1  0  1  0  0  0
  2  2  0
   1   9
72  
  1  0  1  0  1  0  1  0  1  0  1  0  0  0
  2  2  0
   1  10
74  
  1  0  1  0  1  0  1  0  1  0  1  0  0  0
  1  1  0
   1  16
46  
  1  0  1  0  1  0  1  0  1  0  1  0  0  0
  1  1  0
   1  17
57  
  1  0  1  0  1  0  1  0  1  0  1  0  0  0
  1  1  0
   1  18
39  
  1  0  1  0  1  0  1  0  1  0  1  0  0  0
  1  1  0
   1  19
40  
  1  0  1  0  1  0  1  0  1  0  1  0  0  0
  1  1  0
   1  20
42  
  1  0  1  0  1  0  1  0  1  0  1  0  0  0
  1  1  0
   1  21
77  
  1  0  1  0  1  0  1  0  1  0  1  0  0  0
  1  1  0
   1  22
43  
  1  0  1  0  1  0  1  0  1  0  1  0  0  0
  1  1  0
   1  23
40  
  1  0  1  0  1  0  1  0  1  0  1  0  0  0
  1  1  0
   1  24
29  
  1  0  1  0  1  0  1  0  1  0  1  0  0  0
  1  1  0
   1  25
8   
  1  0  1  0  1  0  1  0  1  0  1  0  0  0
  1  1  0
   1  26
2   
  1  0  1  0  1  0  1  0  1  0  1  0  0  0
  1  1  0
   1  27
16  
  1  0  1  0  1  0  1  0  1  0  1  0  0  0
  1  1  0
   1  28
2   
  1  0  1  0  1  0  1  0  1  0  1  0  0  0
  1  1  0
   1  29
16  
  1  0  1  0  1  0  1  0  1  0  1  0  0  0
  1  1  0
   1  30
72  
  1  0  1  0  1  0  1  0  1  0  1  0  0  0
  1  1  0
   1  31
72  
  1  0  1  0  1  0  1  0  1  0  1  0  0  0
  1  1  0
   1  32
75  
  1  0  1  0  1  0  1  0  1  0  1  0  0  0
  1  1  0
   1  33
80  
  1  0  1  0  1  0  1  0  1  0  1  0  0  0
  1  1  0
   1  34
80  
  1  0  1  0  1  0  1  0  1  0  1  0  0  0
  1  1  0
   1  35
2   
  1  0  1  0  1  0  1  0  1  0  1  0  0  0
  1  1  0
   1  36
4   
  1  0  1  0  1  0  1  0  1  0  1  0  0  0
  1  1  0
   1  37
16  
  1  0  1  0  1  0  1  0  1  0  1  0  0  0
  1  1  0
   1  38
25  
  1  0  1  0  1  0  1  0  1  0  1  0  0  0
  1  1  0
   1  39
29  
  1  0  1  0  1  0  1  0  1  0  1  0  0  0
  1  1  0
   1  40
8   
  1  0  1  0  1  0  1  0  1  0  1  0  0  0
  1  1  0
   1  41
38  
  1  0  1  0  1  0  1  0  1  0  1  0  0  0
  1  1  0
   1  42
39  
  1  0  1  0  1  0  1  0  1  0  1  0  0  0
  1  1  0
   1  43
74  
  1  0  1  0  1  0  1  0  1  0  1  0  0  0
  1  1  0
   1  44
4   
  1  0  1  0  1  0  1  0  1  0  1  0  0  0
  1  1  0
   1  45
63  
  1  0  1  0  1  0  1  0  1  0  1  0  0  0
  2  2  0
   1  51
51  
  1  0  1  0  1  0  1  0  1  0  1  0  0  0
  2  2  0
   1  52
42  
  1  0  1  0  1  0  1  0  1  0  1  0  0  0
  2  2  0
   1  53
63  
  1  0  1  0  1  0  1  0  1  0  1  0  0  0
  2  2  0
   1  54
7   
  1  0  1  0  1  0  1  0  1  0  1  0  0  0
  2  2  0
   1  55
10  
  1  0  1  0  1  0  1  0  1  0  1  0  0  0
  2  2  0
   1  56
42  
  1  0  1  0  1  0  1  0  1  0  1  0  0  0
  2  2  0
   1  57
74  
  1  0  1  0  1  0  1  0  1  0  1  0  0  0
  2  2  0
   1  58
3   
  1  0  1  0  1  0  1  0  1  0  1  0  0  0
  2  2  0
   1  59
7   
  1  0  1  0  1  0  1  0  1  0  1  0  0  0
  2  2  0
   1  60
16  
  1  0  1  0  1  0  1  0  1  0  1  0  0  0
  2  2  0
   1  61
29  
  1  0  1  0  1  0  1  0  1  0  1  0  0  0
  2  2  0
   1  62
4   
  1  0  1  0  1  0  1  0  1  0  1  0  0  0
  1  1  0
   1  63
80  
  1  0  1  0  1  0  1  0  1  0  1  0  0  0
  1  1  0
   1  64
10  
  1  0  1  0  1  0  1  0  1  0  1  0  0  0
  1  1  0
   1  65
16  
  1  0  1  0  1  0  1  0  1  0  1  0  0  0
  1  1  0
   1  66
7   
  1  0  1  0  1  0  1  0  1  0  1  0  0  0
  1  1  0
   1  67
57  
  1  0  1  0  1  0  1  0  1  0  1  0  0  0
  1  1  0
   1  68
60  
  1  0  1  0  1  0  1  0  1  0  1  0  0  0
  1  1  0
   1  69
16  
  1  0  1  0  1  0  1  0  1  0  1  0  0  0
  1  1  0
   1  70
29  
  1  0  1  0  1  0  1  0  1  0  1  0  0  0
  1  1  0
   1  71
19  
  1  0  1  0  1  0  1  0  1  0  1  0  0  0
  1  1  0
   1  72
77  
  1  0  1  0  1  0  1  0  1  0  1  0  0  0
  1  1  0
   1  73
72  
  1  0  1  0  1  0  1  0  1  0  1  0  0  0
  1  1  0
   1  74
4   
  1  0  1  0  1  0  1  0  1  0  1  0  0  0
