 10  8  9  3 00  0  0  0  0
nnn_pot
  8
  8 14
                                                11.063764   11.063764   
                                                11.063764   2.429337    
                                                11.063764   0.468634    
                                                11.063764   0.068409    
                                                11.063764   0.007746    
                                                2.429337    2.429337    
                                                2.429337    0.468634    
                                                2.429337    0.068409    
    6.520572    2.682696    1.103716    0.454091    0.186822    0.076862
    0.031623    0.013010    0.005353    0.002202    0.000906    0.000373
    0.000153    0.000063
  1  1
          1.

  1  1
                      1.

  1  1
                                  1.

  1  1
                                              1.

  1  1
                                                          1.

  1  1
                                                                      1.

  1  1

          1.
  1  1

                      1.
  7
  7 14
                                                2.429337    0.007746    
                                                0.468634    0.468634    
                                                0.468634    0.068409    
                                                0.468634    0.007746    
                                                0.068409    0.068409    
                                                0.068409    0.007746    
                                                0.007746    0.007746    
    6.520572    2.682696    1.103716    0.454091    0.186822    0.076862
    0.031623    0.013010    0.005353    0.002202    0.000906    0.000373
    0.000153    0.000063
  1  1
          1.

  1  1
                      1.

  1  1
                                  1.

  1  1
                                              1.

  1  1
                                                          1.

  1  1
                                                                      1.

  1  1

          1.
  8
  8 14
                                                29.979841   31.761677   
                                                29.979841   0.284368    
                                                29.979841   0.060657    
                                                11.989984   31.761677   
                                                11.989984   0.284368    
                                                11.989984   0.060657    
                                                6.832848    31.761677   
                                                6.832848    0.284368    
    6.520572    2.682696    1.103716    0.454091    0.186822    0.076862
    0.031623    0.013010    0.005353    0.002202    0.000906    0.000373
    0.000153    0.000063
  1  1
          1.

  1  1
                      1.

  1  1
                                  1.

  1  1
                                              1.

  1  1
                                                          1.

  1  1
                                                                      1.

  1  1

          1.
  1  1

                      1.
  8
  8 14
                                                6.832848    0.060657    
                                                3.862851    31.761677   
                                                3.862851    0.284368    
                                                3.862851    0.060657    
                                                1.117653    31.761677   
                                                1.117653    0.284368    
                                                1.117653    0.060657    
                                                0.460561    31.761677   
    6.520572    2.682696    1.103716    0.454091    0.186822    0.076862
    0.031623    0.013010    0.005353    0.002202    0.000906    0.000373
    0.000153    0.000063
  1  1
          1.

  1  1
                      1.

  1  1
                                  1.

  1  1
                                              1.

  1  1
                                                          1.

  1  1
                                                                      1.

  1  1

          1.
  1  1

                      1.
  8
  8 14
                                                0.460561    0.284368    
                                                0.460561    0.060657    
                                                0.140340    31.761677   
                                                0.140340    0.284368    
                                                0.140340    0.060657    
                                                22.796556   12.987706   
                                                22.796556   0.999929    
                                                9.320045    12.987706   
    6.520572    2.682696    1.103716    0.454091    0.186822    0.076862
    0.031623    0.013010    0.005353    0.002202    0.000906    0.000373
    0.000153    0.000063
  1  1
          1.

  1  1
                      1.

  1  1
                                  1.

  1  1
                                              1.

  1  1
                                                          1.

  1  1
                                                                      1.

  1  1

          1.
  1  1

                      1.
  8
  8 14
                                                9.320045    0.999929    
                                                7.736092    12.987706   
                                                7.736092    0.999929    
                                                7.058006    12.987706   
                                                7.058006    0.999929    
                                                1.991298    12.987706   
                                                1.991298    0.999929    
                                                0.359068    12.987706   
    6.520572    2.682696    1.103716    0.454091    0.186822    0.076862
    0.031623    0.013010    0.005353    0.002202    0.000906    0.000373
    0.000153    0.000063
  1  1
          1.

  1  1
                      1.

  1  1
                                  1.

  1  1
                                              1.

  1  1
                                                          1.

  1  1
                                                                      1.

  1  1

          1.
  1  1

                      1.
  3
  3 14
                                                0.359068    0.999929    
                                                0.029525    12.987706   
                                                0.029525    0.999929    
    6.520572    2.682696    1.103716    0.454091    0.186822    0.076862
    0.031623    0.013010    0.005353    0.002202    0.000906    0.000373
    0.000153    0.000063
  1  1
          1.
  1  1
                      1.
  1  1
                                  1.
  8                                                            Z1  BVs 1 - 8
  8 10
                                                14.115455   0.025782    
                                                1.683553    1.584305    
                                                22.954910   23.784948   
                                                0.204539    0.129305    
                                                0.266833    0.410554    
                                                0.619770    1.982938    
                                                13.223818   0.825997    
                                                8.589136    21.666832   
   12.087259    8.717254    1.184825    9.712695    0.583780    0.172475
    0.069593    0.013580    0.011714   15.046020
  1  1
          1.

  1  1
                      1.

  1  1
                                  1.

  1  1
                                              1.

  1  1
                                                          1.

  1  1
                                                                      1.

  1  1

          1.
  1  1

                      1.
  4                                                            Z2  BVs 9 - 12
  4 10
                                                0.179998    11.031259   
                                                2.115408    0.493862    
                                                7.639234    0.680615    
                                                0.087017    0.069910    
   11.220026   23.435595    1.185313    0.792597    1.628958    0.172475
    0.088910    0.024227    1.019741    0.003796
  1  1
          1.
  1  1
                      1.
  1  1
                                  1.
  1  1
                                              1.
  8                                                            Z3  BVs 13 - 20
  8 10
                                                7.842856    23.796095   
                                                0.152236    0.086373    
                                                6.576341    26.432911   
                                                44.345158   1.411022    
                                                1.749972    0.732602    
                                                11.377666   19.245419   
                                                51.792065   26.777061   
                                                0.787552    0.055815    
    4.231235   22.636532   59.562313    0.439774    0.437827    0.065566
    0.052891    4.864474    0.014803    4.482426
  1  1
          1.

  1  1
                      1.

  1  1
                                  1.

  1  1
                                              1.

  1  1
                                                          1.

  1  1
                                                                      1.

  1  1

          1.
  1  1

                      1.
  4                                                            Z4  BVs 21 - 24
  4 10
                                                3.945165    6.066292    
                                                0.428349    8.962864    
                                                0.921568    0.122413    
                                                0.089551    3.513146    
    7.499780    6.768554    5.686638    0.631378    0.450675    0.065841
    0.060689    9.458474    0.210569    0.001305
  1  1
          1.
  1  1
                      1.
  1  1
                                  1.
  1  1
                                              1.
eob-tni/np3s_np3s_12-34_np3s_np3s_12-34
elu-tni/000-0_000-0
eob-tni/np3s_np3s_12-34_np3s_np3s_12-34
elu-tni/000-0_000-0
eob-tni/np3s_np3s_12-34_np3s_np3s_12-34
elu-tni/000-0_000-0
eob-tni/tp_123-4_np3s_np3s_12-34
elu-tni/000-0_000-0
eob-tni/tp_123-4_np3s_np3s_12-34
elu-tni/000-0_000-0
eob-tni/tp_123-4_tp_123-4
elu-tni/000-0_000-0
eob-tni/tp_123-4_np3s_np3s_12-34
elu-tni/000-0_000-0
eob-tni/tp_123-4_np3s_np3s_12-34
elu-tni/000-0_000-0
eob-tni/tp_123-4_tp_123-4
elu-tni/000-0_000-0
eob-tni/tp_123-4_tp_123-4
elu-tni/000-0_000-0
eob-tni/tp_123-4_np3s_np3s_12-34
elu-tni/000-0_000-0
eob-tni/tp_123-4_np3s_np3s_12-34
elu-tni/000-0_000-0
eob-tni/tp_123-4_tp_123-4
elu-tni/000-0_000-0
eob-tni/tp_123-4_tp_123-4
elu-tni/000-0_000-0
eob-tni/tp_123-4_tp_123-4
elu-tni/000-0_000-0
eob-tni/tp_123-4_np3s_np3s_12-34
elu-tni/000-0_000-0
eob-tni/tp_123-4_np3s_np3s_12-34
elu-tni/000-0_000-0
eob-tni/tp_123-4_tp_123-4
elu-tni/000-0_000-0
eob-tni/tp_123-4_tp_123-4
elu-tni/000-0_000-0
eob-tni/tp_123-4_tp_123-4
elu-tni/000-0_000-0
eob-tni/tp_123-4_tp_123-4
elu-tni/000-0_000-0
eob-tni/tp_123-4_np3s_np3s_12-34
elu-tni/000-0_000-0
eob-tni/tp_123-4_np3s_np3s_12-34
elu-tni/000-0_000-0
eob-tni/tp_123-4_tp_123-4
elu-tni/000-0_000-0
eob-tni/tp_123-4_tp_123-4
elu-tni/000-0_000-0
eob-tni/tp_123-4_tp_123-4
elu-tni/000-0_000-0
eob-tni/tp_123-4_tp_123-4
elu-tni/000-0_000-0
eob-tni/tp_123-4_tp_123-4
elu-tni/000-0_000-0
eob-tni/np3s_np3s_12-34_np3s_np3s_12-34
elu-tni/000-0_000-0
eob-tni/np3s_np3s_12-34_np3s_np3s_12-34
elu-tni/000-0_000-0
eob-tni/np3s_np3s_12-34_tp_123-4
elu-tni/000-0_000-0
eob-tni/np3s_np3s_12-34_tp_123-4
elu-tni/000-0_000-0
eob-tni/np3s_np3s_12-34_tp_123-4
elu-tni/000-0_000-0
eob-tni/np3s_np3s_12-34_tp_123-4
elu-tni/000-0_000-0
eob-tni/np3s_np3s_12-34_tp_123-4
elu-tni/000-0_000-0
eob-tni/np3s_np3s_12-34_np3s_np3s_12-34
elu-tni/000-0_000-0
eob-tni/np3s_np3s_12-34_np3s_np3s_12-34
elu-tni/000-0_000-0
eob-tni/np3s_np3s_12-34_np3s_np3s_12-34
elu-tni/000-0_000-0
eob-tni/np3s_np3s_12-34_tp_123-4
elu-tni/000-0_000-0
eob-tni/np3s_np3s_12-34_tp_123-4
elu-tni/000-0_000-0
eob-tni/np3s_np3s_12-34_tp_123-4
elu-tni/000-0_000-0
eob-tni/np3s_np3s_12-34_tp_123-4
elu-tni/000-0_000-0
eob-tni/np3s_np3s_12-34_tp_123-4
elu-tni/000-0_000-0
eob-tni/np3s_np3s_12-34_np3s_np3s_12-34
elu-tni/000-0_000-0
eob-tni/np3s_np3s_12-34_np3s_np3s_12-34
elu-tni/000-0_000-0
eob-tni/tp_123-4_np3s_np3s_12-34
elu-tni/000-0_000-0
eob-tni/tp_123-4_np3s_np3s_12-34
elu-tni/000-0_000-0
eob-tni/tp_123-4_tp_123-4
elu-tni/000-0_000-0
eob-tni/tp_123-4_tp_123-4
elu-tni/000-0_000-0
eob-tni/tp_123-4_tp_123-4
elu-tni/000-0_000-0
eob-tni/tp_123-4_tp_123-4
elu-tni/000-0_000-0
eob-tni/tp_123-4_tp_123-4
elu-tni/000-0_000-0
eob-tni/tp_123-4_np3s_np3s_12-34
elu-tni/000-0_000-0
eob-tni/tp_123-4_np3s_np3s_12-34
elu-tni/000-0_000-0
eob-tni/tp_123-4_tp_123-4
elu-tni/000-0_000-0
eob-tni/tp_123-4_np3s_np3s_12-34
elu-tni/000-0_000-0
eob-tni/tp_123-4_np3s_np3s_12-34
elu-tni/000-0_000-0
eob-tni/tp_123-4_tp_123-4
elu-tni/000-0_000-0
eob-tni/tp_123-4_tp_123-4
elu-tni/000-0_000-0
eob-tni/tp_123-4_tp_123-4
elu-tni/000-0_000-0
eob-tni/tp_123-4_tp_123-4
elu-tni/000-0_000-0
eob-tni/tp_123-4_tp_123-4
elu-tni/000-0_000-0
eob-tni/tp_123-4_np3s_np3s_12-34
elu-tni/000-0_000-0
eob-tni/tp_123-4_np3s_np3s_12-34
elu-tni/000-0_000-0
eob-tni/tp_123-4_tp_123-4
elu-tni/000-0_000-0
eob-tni/tp_123-4_tp_123-4
elu-tni/000-0_000-0
