  0  2  2  1  1
  1  1  1  1  1  1  1  1  1  1  1  1  1  1  1
  4
  1  4
  4 16  1  2        dq-dq S=0       z    
  1  1  1  1
  1  4  1  4  0  0
  1  4  2  3  0  0
  1  4  3  2  0  0
  1  4  4  1  0  0
  2  3  1  4  0  0
  2  3  2  3  0  0
  2  3  3  2  0  0
  2  3  4  1  0  0
  3  2  1  4  0  0
  3  2  2  3  0  0
  3  2  3  2  0  0
  3  2  4  1  0  0
  4  1  1  4  0  0
  4  1  2  3  0  0
  4  1  3  2  0  0
  4  1  4  1  0  0
 -1 48
  1 48
 -1 48
  1 48
  1 48
 -1 48
  1 48
 -1 48
 -1 48
  1 48
 -1 48
  1 48
  1 48
 -1 48
  1 48
 -1 48
np1s_np1s_S0_np1s_np1s_S0
