 11  2 12 31  1  1 +2  0  0 -1
  1  1  1  1  0  0  0  0  0  0  0  0  0  0  1  1
   0.0000000   1.0000000   1.0000000   1.0000000   1.0000000   1.0000000   1.0000000
   1.0000000   1.0000000   1.0000000   1.0000000   1.0000000   1.0000000   1.0000000
   1.0000000   1.0000000   1.0000000   1.0000000   1.0000000   1.0000000   1.0000000
   1.0000000   1.0000000   1.0000000   1.0000000   1.0000000   1.0000000   1.0000000
   1.0000000   1.0000000
   0  83   0   0   0   1
 117
-5.479571000        
-0.891889500        
0.056810430         
-1.201633000        
-0.791391700        
0.042701400         
-1.585733000        
0.268813800         
-0.024990650        
-0.320179400        
-0.890953700        
0.058838450         
0.566731200         
0.325426000         
-0.026224950        
-0.014436840        
0.020820590         
0.000210330         
0.002606490         
-0.002832215        
0.001407504         
-0.000472665        
0.000568188         
-0.000096675        
-0.026984520        
-0.004028252        
-0.000087622        
0.149414500         
-0.077428090        
-0.000402720        
-0.033246870        
-0.117182800        
-0.001114326        
0.038513040         
0.099736990         
0.001080318         
-0.078147540        
-0.024083560        
-0.000261031        
-0.048600680        
0.001287307         
0.000036014         
0.000283890         
-0.001639522        
-0.000013845        
-0.000088518        
0.000012680         
0.000001228         
1.030374895         
1.751185255         
1.013643407         
0.519814151         
0.193620370         
0.060227964         
0.744061655         
0.861374533         
0.441727997         
0.164534840         
0.051180557         
0.249295902         
0.255686639         
0.095238157         
0.029624984         
0.065560301         
0.048839800         
0.015192212         
0.009095924         
0.005658795         
0.000880118         
0.478225500         
0.112432400         
-0.031002210        
0.106847900         
0.113026100         
-0.031970140        
0.269711400         
0.088650520         
-0.073526570        
-0.176354600        
-0.031846840        
0.112390600         
0.023234250         
0.012305660         
-0.067305660        
-0.000226092        
0.002330813         
-0.011205940        
0.000393986         
-0.001885269        
-0.007183558        
-0.000117651        
0.000544260         
-0.000727794        
0.002760425         
-0.002375561        
-0.001466564        
-0.038810680        
0.009772727         
-0.011359420        
-0.069541060        
0.021619650         
-0.022125590        
0.060604520         
-0.021721880        
0.015693110         
-0.015639750        
0.002814743         
-0.007864153        
0.008247195         
0.009522902         
-0.003820327        
0.001636539         
0.007728278         
-0.001898749        
-0.000238139        
0.000459291         
-0.000575585        
  1  1  0
  48  22  23  24  25  26  27  28  29  30  31  32  33  34  35  36  37  38  39  40
  41  42  43  44  45  46  47  48  49  50  51  52  53  54  55  56  57  58  59  60
  61  62  63  64  65  66  67  68  69
   1   2   3   4   5   6   7   8   9  10  11  12  13  14  15  16  17  18  19  20
  21  22  23  24  25  26  27  28  29  30  31  32  33  34  35  36  37  38  39  40
  41  42  43  44  45  46  47  48
  1  1  1  1  1  1  1  1  1  1  1  1  1  1  1  1  1  1  1  1
  2  2  0
  21   1   2   3   4   5   6   7   8   9  10  11  12  13  14  15  16  17  18  19
  20  21
  49  50  51  52  53  54  55  56  57  58  59  60  61  62  63  64  65  66  67  68
  69
  1  1  1  1  1  1  1  1  1  1  1  1  1  1  1  1  1  1  1  1
  1  1  0
  48  22  23  24  25  26  27  28  29  30  31  32  33  34  35  36  37  38  39  40
  41  42  43  44  45  46  47  48  49  50  51  52  53  54  55  56  57  58  59  60
  61  62  63  64  65  66  67  68  69
  70  71  72  73  74  75  76  77  78  79  80  81  82  83  84  85  86  87  88  89
  90  91  92  93  94  95  96  97  98  99 100 101 102 103 104 105 106 107 108 109
 110 111 112 113 114 115 116 117
  1  1  1  1  1  1  1  1  1  1  1  1  1  1  1  1  1  1  1  1
  1  1  0 -1
   1  22
79  
  1  0  1  0  1  0  1  0  1  0  0
  1  1  0
   1  23
76  
  1  0  1  0  1  0  1  0  1  0  0
  1  1  0
   1  24
73  
  1  0  1  0  1  0  1  0  1  0  0
  1  1  0
   1  25
4   
  1  0  1  0  1  0  1  0  1  0  0
  1  1  0
   1  26
49  
  1  0  1  0  1  0  1  0  1  0  0
  1  1  0
   1  27
79  
  1  0  1  0  1  0  1  0  1  0  0
  1  1  0
   1  28
10  
  1  0  1  0  1  0  1  0  1  0  0
  1  1  0
   1  29
76  
  1  0  1  0  1  0  1  0  1  0  0
  1  1  0
   1  30
2   
  1  0  1  0  1  0  1  0  1  0  0
  1  1  0
   1  31
61  
  1  0  1  0  1  0  1  0  1  0  0
  1  1  0
   1  32
10  
  1  0  1  0  1  0  1  0  1  0  0
  1  1  0
   1  33
71  
  1  0  1  0  1  0  1  0  1  0  0
  1  1  0
   1  34
2   
  1  0  1  0  1  0  1  0  1  0  0
  1  1  0
   1  35
10  
  1  0  1  0  1  0  1  0  1  0  0
  1  1  0
   1  36
71  
  1  0  1  0  1  0  1  0  1  0  0
  1  1  0
   1  37
5   
  1  0  1  0  1  0  1  0  1  0  0
  1  1  0
   1  38
52  
  1  0  1  0  1  0  1  0  1  0  0
  1  1  0
   1  39
4   
  1  0  1  0  1  0  1  0  1  0  0
  1  1  0
   1  40
32  
  1  0  1  0  1  0  1  0  1  0  0
  1  1  0
   1  41
60  
  1  0  1  0  1  0  1  0  1  0  0
  1  1  0
   1  42
1   
  1  0  1  0  1  0  1  0  1  0  0
  1  1  0
   1  43
32  
  1  0  1  0  1  0  1  0  1  0  0
  1  1  0
   1  44
10  
  1  0  1  0  1  0  1  0  1  0  0
  1  1  0
   1  45
10  
  1  0  1  0  1  0  1  0  1  0  0
  1  1  0
   1  46
53  
  1  0  1  0  1  0  1  0  1  0  0
  1  1  0
   1  47
81  
  1  0  1  0  1  0  1  0  1  0  0
  1  1  0
   1  48
32  
  1  0  1  0  1  0  1  0  1  0  0
  1  1  0
   1  49
73  
  1  0  1  0  1  0  1  0  1  0  0
  1  1  0
   1  50
73  
  1  0  1  0  1  0  1  0  1  0  0
  1  1  0
   1  51
57  
  1  0  1  0  1  0  1  0  1  0  0
  1  1  0
   1  52
28  
  1  0  1  0  1  0  1  0  1  0  0
  1  1  0
   1  53
79  
  1  0  1  0  1  0  1  0  1  0  0
  1  1  0
   1  54
61  
  1  0  1  0  1  0  1  0  1  0  0
  1  1  0
   1  55
53  
  1  0  1  0  1  0  1  0  1  0  0
  1  1  0
   1  56
73  
  1  0  1  0  1  0  1  0  1  0  0
  1  1  0
   1  57
71  
  1  0  1  0  1  0  1  0  1  0  0
  1  1  0
   1  58
71  
  1  0  1  0  1  0  1  0  1  0  0
  1  1  0
   1  59
81  
  1  0  1  0  1  0  1  0  1  0  0
  1  1  0
   1  60
57  
  1  0  1  0  1  0  1  0  1  0  0
  1  1  0
   1  61
74  
  1  0  1  0  1  0  1  0  1  0  0
  1  1  0
   1  62
56  
  1  0  1  0  1  0  1  0  1  0  0
  1  1  0
   1  63
51  
  1  0  1  0  1  0  1  0  1  0  0
  1  1  0
   1  64
13  
  1  0  1  0  1  0  1  0  1  0  0
  1  1  0
   1  65
53  
  1  0  1  0  1  0  1  0  1  0  0
  2  2  0
   1   1
81  
  1  0  1  0  1  0  1  0  1  0  0
  2  2  0
   1   2
8   
  1  0  1  0  1  0  1  0  1  0  0
  2  2  0
   1   3
55  
  1  0  1  0  1  0  1  0  1  0  0
  2  2  0
   1   4
51  
  1  0  1  0  1  0  1  0  1  0  0
  2  2  0
   1   5
70  
  1  0  1  0  1  0  1  0  1  0  0
  2  2  0
   1   6
70  
  1  0  1  0  1  0  1  0  1  0  0
  2  2  0
   1   7
61  
  1  0  1  0  1  0  1  0  1  0  0
  2  2  0
   1   8
79  
  1  0  1  0  1  0  1  0  1  0  0
  2  2  0
   1   9
53  
  1  0  1  0  1  0  1  0  1  0  0
  2  2  0
   1  10
5   
  1  0  1  0  1  0  1  0  1  0  0
  2  2  0
   1  11
13  
  1  0  1  0  1  0  1  0  1  0  0
  2  2  0
   1  12
5   
  1  0  1  0  1  0  1  0  1  0  0
  2  2  0
   1  13
58  
  1  0  1  0  1  0  1  0  1  0  0
  2  2  0
   1  14
81  
  1  0  1  0  1  0  1  0  1  0  0
  2  2  0
   1  15
55  
  1  0  1  0  1  0  1  0  1  0  0
  2  2  0
   1  16
73  
  1  0  1  0  1  0  1  0  1  0  0
  2  2  0
   1  17
52  
  1  0  1  0  1  0  1  0  1  0  0
  2  2  0
   1  70
53  
  1  0  1  0  1  0  1  0  1  0  0
  2  2  0
   1  71
104 
  1  0  1  0  1  0  1  0  1  0  0
  2  2  0
   1  72
50  
  1  0  1  0  1  0  1  0  1  0  0
  2  2  0
   1  73
80  
  1  0  1  0  1  0  1  0  1  0  0
  2  2  0
   1  74
59  
  1  0  1  0  1  0  1  0  1  0  0
  2  2  0
   1  75
52  
  1  0  1  0  1  0  1  0  1  0  0
  2  2  0
   1  76
80  
  1  0  1  0  1  0  1  0  1  0  0
  2  2  0
   1  77
5   
  1  0  1  0  1  0  1  0  1  0  0
  2  2  0
   1  78
5   
  1  0  1  0  1  0  1  0  1  0  0
  2  2  0
   1  79
103 
  1  0  1  0  1  0  1  0  1  0  0
  2  2  0
   1  80
104 
  1  0  1  0  1  0  1  0  1  0  0
  2  2  0
   1  81
50  
  1  0  1  0  1  0  1  0  1  0  0
  1  1  0
   1  82
80  
  1  0  1  0  1  0  1  0  1  0  0
  1  1  0
   1  83
106 
  1  0  1  0  1  0  1  0  1  0  0
  1  1  0
   1  84
100 
  1  0  1  0  1  0  1  0  1  0  0
  1  1  0
   1  85
12  
  1  0  1  0  1  0  1  0  1  0  0
  1  1  0
   1  86
50  
  1  0  1  0  1  0  1  0  1  0  0
  1  1  0
   1  87
1   
  1  0  1  0  1  0  1  0  1  0  0
  1  1  0
   1  88
97  
  1  0  1  0  1  0  1  0  1  0  0
  1  1  0
   1  89
103 
  1  0  1  0  1  0  1  0  1  0  0
  1  1  0
   1  90
52  
  1  0  1  0  1  0  1  0  1  0  0
  1  1  0
   1  91
7   
  1  0  1  0  1  0  1  0  1  0  0
  1  1  0
   1  92
56  
  1  0  1  0  1  0  1  0  1  0  0
  1  1  0
   1  93
58  
  1  0  1  0  1  0  1  0  1  0  0
