 10  8  9  3 00  0  0  0  0
nnn_pot
  8                                                            Z1  BVs 1 - 8
  8  6
                                    11.764545   
                                    5.505479    
                                    1.714441    
                                    1.409021    
                                    0.757175    
                                    0.440891    
                                    0.293798    
                                    0.045764    
    6.442759    1.894220    0.359222    0.358749    0.084507    0.002843
  1  1
          1.

  1  1
                      1.

  1  1
                                  1.

  1  1
                                              1.

  1  1
                                                          1.

  1  1
                                                                      1.

  1  1

          1.
  1  1

                      1.
  8                                                            Z2  BVs 9 - 16
  8  6
                                    9.341865    
                                    5.986203    
                                    3.999943    
                                    1.828641    
                                    1.530188    
                                    0.521400    
                                    0.118919    
                                    0.023190    
    9.964290    7.716810    1.772921    0.366459    0.085568    0.077803
  1  1
          1.

  1  1
                      1.

  1  1
                                  1.

  1  1
                                              1.

  1  1
                                                          1.

  1  1
                                                                      1.

  1  1

          1.
  1  1

                      1.
eob-tni/t_no1_t_no1
elu-tni/000_000
eob-tni/t_no6_t_no1
elu-tni/000_000
eob-tni/t_no6_t_no6
elu-tni/000_000
