 11  2 12 31  1  0  4  0  0 -1  0 +0
  1  1  1  1  0  0  0  0  0  0  0  0  0  0  1  1
   0.0000000   1.0000000   0.0000000   0.0000000   0.0000000   0.0000000   0.0000000
   0.0000000   0.0000000   0.0000000   0.0000000   0.0000000   0.0000000   1.0000000
   0.0000000   0.0000000   0.0000000   0.0000000   0.0000000   0.0000000   0.0000000
   0.0000000   0.0000000   0.0000000   0.0000000   0.0000000   0.0000000   0.0000000
   0.0000000   0.0000000
   0  24   1  -1   0
   1   1
  0  1  0  1  0  1  0  1  0  1
   1   2
  0  1  0  1  0  1  0  1  0  1
   1   3
  0  1  0  1  0  1  0  1  0  1
   1   4
  0  1  0  1  0  1  0  1  0  1
   1   5
  0  1  0  1  0  1  0  1  0  1
   1   6
  0  1  0  1  0  1  0  1  0  1
   1   7
  0  1  0  1  0  1  0  1  0  1
   1   8
  0  1  0  1  0  1  0  1  0  1
   1   9
  1  0  1  0  1  0  1  0  1  0
   1  10
  1  0  1  0  1  0  1  0  1  0
   1  11
  1  0  1  0  1  0  1  0  1  0
   1  12
  1  0  1  0  1  0  1  0  1  0
   1  13
  0  1  0  1  0  1  0  1  0  1
   1  14
  0  1  0  1  0  1  0  1  0  1
   1  15
  0  1  0  1  0  1  0  1  0  1
   1  16
  0  1  0  1  0  1  0  1  0  1
   1  17
  0  1  0  1  0  1  0  1  0  1
   1  18
  0  1  0  1  0  1  0  1  0  1
   1  19
  0  1  0  1  0  1  0  1  0  1
   1  20
  0  1  0  1  0  1  0  1  0  1
   1  21
  1  0  1  0  1  0  1  0  1  0
   1  22
  1  0  1  0  1  0  1  0  1  0
   1  23
  1  0  1  0  1  0  1  0  1  0
   1  24
  1  0  1  0  1  0  1  0  1  0
