 10  8  9  3 00  0  0  0  0
nnn_pot
  8                                                            Z1  BVs 1 - 8
  8 10
                                                30.743404   1.820487    
                                                19.747406   0.955215    
                                                11.444488   0.364513    
                                                9.241865    0.346479    
                                                6.902181    0.189643    
                                                4.964840    0.156124    
                                                2.102817    0.153438    
                                                1.843344    0.007901    
   13.979690   10.968513    6.489262    5.327216    4.273179    0.311900
    0.309701    0.266725    0.060685    0.002140
  1  1
          1.

  1  1
                      1.

  1  1
                                  1.

  1  1
                                              1.

  1  1
                                                          1.

  1  1
                                                                      1.

  1  1

          1.
  1  1

                      1.
  4                                                            Z2  BVs 9 - 12
  4 10
                                                19.818150   0.624597    
                                                1.796172    0.185505    
                                                0.796472    0.074069    
                                                0.756532    0.043201    
    8.119724    7.892197    7.347122    2.207116    1.426052    0.633996
    0.331534    0.083614    0.083583    0.005013
  1  1
          1.
  1  1
                      1.
  1  1
                                  1.
  1  1
                                              1.
  8                                                            Z3  BVs 13 - 20
  8 10
                                                31.481112   0.663000    
                                                11.176091   0.298906    
                                                7.058746    0.282280    
                                                6.526399    0.172388    
                                                1.492262    0.126947    
                                                1.445967    0.090321    
                                                0.980505    0.088376    
                                                0.935460    0.042265    
   20.588800   20.272091    9.654090    1.643699    0.900095    0.197905
    0.135220    0.058118    0.038266    0.009060
  1  1
          1.

  1  1
                      1.

  1  1
                                  1.

  1  1
                                              1.

  1  1
                                                          1.

  1  1
                                                                      1.

  1  1

          1.
  1  1

                      1.
  4                                                            Z4  BVs 21 - 24
  4 10
                                                19.418776   9.947246    
                                                14.985559   5.861906    
                                                10.935755   1.952774    
                                                10.454496   0.021072    
   31.130758   11.565269    7.827038    0.888954    0.295357    0.285957
    0.266498    0.100707    0.018355    0.016402
  1  1
          1.
  1  1
                      1.
  1  1
                                  1.
  1  1
                                              1.
eob-tni/np3s_np3s_12-34_np3s_np3s_12-34
elu-tni/000-0_000-0
eob-tni/np3s_np3s_12-34_np3s_np3s_12-34
elu-tni/000-0_000-0
eob-tni/np3s_np3s_12-34_np3s_np3s_12-34
elu-tni/000-0_000-0
eob-tni/tp_123-4_np3s_np3s_12-34
elu-tni/000-0_000-0
eob-tni/tp_123-4_np3s_np3s_12-34
elu-tni/000-0_000-0
eob-tni/tp_123-4_tp_123-4
elu-tni/000-0_000-0
eob-tni/tp_123-4_np3s_np3s_12-34
elu-tni/000-0_000-0
eob-tni/tp_123-4_np3s_np3s_12-34
elu-tni/000-0_000-0
eob-tni/tp_123-4_tp_123-4
elu-tni/000-0_000-0
eob-tni/tp_123-4_tp_123-4
elu-tni/000-0_000-0
