 11  2 12 31  1  1 +2  0  0 -1
  1  1  1  1  0  0  0  0  0  0  0  0  0  0  1  1
   0.0000000   1.0000000   0.0000000   0.0000000   0.0000000   0.0000000   0.0000000
   0.0000000   0.0000000   0.0000000   0.0000000   0.0000000   0.0000000   1.0000000
   0.0000000   0.0000000   0.0000000   0.0000000   0.0000000   0.0000000   0.0000000
   0.0000000   0.0000000   0.0000000   0.0000000   0.0000000   0.0000000   0.0000000
   0.0000000   0.0000000
   0   3   0   0   0   1
  93
476928.738200000    
-959509.848900000   
12917.585220000     
1363.734647000      
493.436215700       
125.249756200       
482597.858100000    
-12994.132300000    
-1371.815871000     
-496.360222000      
-125.991961700      
87.467998080        
18.468334050        
6.682344609         
1.696190929         
0.974869010         
0.705468144         
0.179070182         
0.127628763         
0.064792453         
0.008223189         
8.226488000         
8.901568000         
2.578104000         
-26.644680000       
-9.453834000        
-3.107262000        
75.650080000        
9.864273000         
4.467301000         
-67.270780000       
-5.764947000        
-3.091552000        
0.047979520         
0.343786600         
0.168330700         
-0.001851311        
0.008402715         
0.017597810         
1.143281000         
-6.305705000        
-0.439133800        
-2.270478000        
5.431286000         
0.370336800         
-0.239366100        
-1.726329000        
-0.129123900        
0.197896100         
-0.246181300        
-0.032424400        
-0.060014420        
-0.050329810        
-0.001031729        
0.011877670         
-0.029571100        
-0.002407805        
-13.137580000       
-11.517870000       
-7.410418000        
29.494110000        
14.734500000        
9.593390000         
-16.066030000       
-8.668769000        
-5.228214000        
8.984387000         
3.212901000         
1.721540000         
-0.070531240        
-0.537891100        
-0.343736300        
-0.048819060        
-0.155700500        
-0.127022400        
-6.257559000        
19.353040000        
4.189523000         
17.389210000        
-43.970020000       
-9.470561000        
-54.880080000       
99.946400000        
20.442660000        
43.879180000        
-72.602460000       
-14.442310000       
-0.763374100        
0.884828200         
0.163789600         
-0.096507340        
0.142104200         
0.044499480         
  1  1  0
  36  58  59  60  61  62  63  64  65  66  67  68  69  70  71  72  73  74  75  76
  77  78  79  80  81  82  83  84  85  86  87  88  89  90  91  92  93
  58  59  60  61  62  63  64  65  66  67  68  69  70  71  72  73  74  75  76  77
  78  79  80  81  82  83  84  85  86  87  88  89  90  91  92  93
  1  1  1  1  1  1  1  1  1  1  1  1  1  1  1  1  1  1  1  1
  1  1  0
  36  22  23  24  25  26  27  28  29  30  31  32  33  34  35  36  37  38  39  40
  41  42  43  44  45  46  47  48  49  50  51  52  53  54  55  56  57
  22  23  24  25  26  27  28  29  30  31  32  33  34  35  36  37  38  39  40  41
  42  43  44  45  46  47  48  49  50  51  52  53  54  55  56  57
  1  1  1  1  1  1  1  1  1  1  1  1  1  1  1  1  1  1  1  1
  0  0  0
  21   1   2   3   4   5   6   7   8   9  10  11  12  13  14  15  16  17  18  19
  20  21
   1   2   3   4   5   6   7   8   9  10  11  12  13  14  15  16  17  18  19  20
  21
  1  1  1  1  1  1  1  1  1  1  1  1  1  1  1  1  1  1  1  1
  0  0  0 -1
   1   1
47  
  0  1  0  1  0  1
  0  0  0
   1   2
45  
  0  1  0  1  0  1
  0  0  0
   1   3
80  
  0  1  0  1  0  1
  0  0  0
   1   4
43  
  0  1  0  1  0  1
  0  0  0
   1   5
15  
  0  1  0  1  0  1
  0  0  0
   1   6
65  
  0  1  0  1  0  1
  0  0  0
   1   7
28  
  0  1  0  1  0  1
  0  0  0
   1   8
45  
  0  1  0  1  0  1
  0  0  0
   1   9
40  
  0  1  0  1  0  1
  0  0  0
   1  10
27  
  0  1  0  1  0  1
  0  0  0
   1  11
90  
  0  1  0  1  0  1
  0  0  0
   1  12
18  
  0  1  0  1  0  1
  0  0  0
   1  13
62  
  0  1  0  1  0  1
  0  0  0
   1  14
45  
  0  1  0  1  0  1
  0  0  0
   1  15
75  
  0  1  0  1  0  1
  0  0  0
   1  16
18  
  0  1  0  1  0  1
  1  1  0
   1  22
60  
  0  1  0  1  0  1
  1  1  0
   1  23
31  
  0  1  0  1  0  1
  1  1  0
   1  24
42  
  0  1  0  1  0  1
  1  1  0
   1  25
13  
  0  1  0  1  0  1
  1  1  0
   1  26
15  
  0  1  0  1  0  1
  1  1  0
   1  27
77  
  0  1  0  1  0  1
  1  1  0
   1  28
28  
  0  1  0  1  0  1
  1  1  0
   1  29
28  
  0  1  0  1  0  1
  1  1  0
   1  30
92  
  0  1  0  1  0  1
  1  1  0
   1  31
66  
  0  1  0  1  0  1
  1  1  0
   1  32
82  
  0  1  0  1  0  1
  1  1  0
   1  33
90  
  0  1  0  1  0  1
  1  1  0
   1  34
28  
  0  1  0  1  0  1
  1  1  0
   1  35
80  
  0  1  0  1  0  1
  1  1  0
   1  36
17  
  0  1  0  1  0  1
  1  1  0
   1  37
23  
  0  1  0  1  0  1
  1  1  0
   1  38
89  
  0  1  0  1  0  1
  1  1  0
   1  39
59  
  0  1  0  1  0  1
  1  1  0
   1  40
83  
  0  1  0  1  0  1
  1  1  0
   1  41
41  
  0  1  0  1  0  1
  1  1  0
   1  42
25  
  0  1  0  1  0  1
  1  1  0
   1  43
24  
  0  1  0  1  0  1
  1  1  0
   1  44
30  
  0  1  0  1  0  1
  1  1  0
   1  45
84  
  0  1  0  1  0  1
  1  1  0
   1  46
79  
  0  1  0  1  0  1
  1  1  0
   1  47
63  
  0  1  0  1  0  1
  1  1  0
   1  48
42  
  0  1  0  1  0  1
  1  1  0
   1  49
83  
  0  1  0  1  0  1
  1  1  0
   1  50
64  
  0  1  0  1  0  1
  1  1  0
   1  51
16  
  0  1  0  1  0  1
  1  1  0
   1  52
60  
  0  1  0  1  0  1
  1  1  0
   1  58
83  
  0  1  0  1  0  1
  1  1  0
   1  59
14  
  0  1  0  1  0  1
  1  1  0
   1  60
31  
  0  1  0  1  0  1
  1  1  0
   1  61
90  
  0  1  0  1  0  1
  1  1  0
   1  62
30  
  0  1  0  1  0  1
  1  1  0
   1  63
15  
  0  1  0  1  0  1
  1  1  0
   1  64
75  
  0  1  0  1  0  1
  1  1  0
   1  65
41  
  0  1  0  1  0  1
  1  1  0
   1  66
81  
  0  1  0  1  0  1
  1  1  0
   1  67
64  
  0  1  0  1  0  1
  1  1  0
   1  68
65  
  0  1  0  1  0  1
  1  1  0
   1  69
77  
  0  1  0  1  0  1
  1  1  0
   1  70
75  
  0  1  0  1  0  1
  1  1  0
   1  71
80  
  0  1  0  1  0  1
  1  1  0
   1  72
89  
  0  1  0  1  0  1
  1  1  0
   1  73
31  
  0  1  0  1  0  1
  1  1  0
   1  74
88  
  0  1  0  1  0  1
  1  1  0
   1  75
14  
  0  1  0  1  0  1
  1  1  0
   1  76
85  
  0  1  0  1  0  1
  1  1  0
   1  77
27  
  0  1  0  1  0  1
  1  1  0
   1  78
81  
  0  1  0  1  0  1
  1  1  0
   1  79
26  
  0  1  0  1  0  1
  1  1  0
   1  80
24  
  0  1  0  1  0  1
  1  1  0
   1  81
60  
  0  1  0  1  0  1
  1  1  0
   1  82
29  
  0  1  0  1  0  1
  1  1  0
   1  83
19  
  0  1  0  1  0  1
  1  1  0
   1  84
66  
  0  1  0  1  0  1
  1  1  0
   1  85
83  
  0  1  0  1  0  1
  1  1  0
   1  86
45  
  0  1  0  1  0  1
  1  1  0
   1  87
61  
  0  1  0  1  0  1
  1  1  0
   1  88
63  
  0  1  0  1  0  1
