 10  8  9  3 00  0  0  0
nn_pot
  8
  8 20
                                                37.908352   37.908352   
                                                37.908352   9.799049    
                                                37.908352   2.280039    
                                                37.908352   0.525857    
                                                37.908352   0.112672    
                                                37.908352   0.021370    
                                                37.908352   0.002636    
                                                9.799049    9.799049    
   12.956650    5.134670    2.947287    1.342339    0.821446    0.444741
    2.939000    1.690174    1.185236    0.843000    0.500110    0.257369
    0.138520    0.071429    0.038519    0.018573    0.009726    0.005619
    0.002765    0.001010
  1  1
          1.

  1  1
                      1.

  1  1
                                  1.

  1  1
                                              1.

  1  1
                                                          1.

  1  1
                                                                      1.

  1  1

          1.
  1  1

                      1.
  8
  8 20
                                                9.799049    2.280039    
                                                9.799049    0.525857    
                                                9.799049    0.112672    
                                                9.799049    0.021370    
                                                9.799049    0.002636    
                                                2.280039    2.280039    
                                                2.280039    0.525857    
                                                2.280039    0.112672    
   12.956650    5.134670    2.947287    1.342339    0.821446    0.444741
    2.939000    1.690174    1.185236    0.843000    0.500110    0.257369
    0.138520    0.071429    0.038519    0.018573    0.009726    0.005619
    0.002765    0.001010
  1  1
          1.

  1  1
                      1.

  1  1
                                  1.

  1  1
                                              1.

  1  1
                                                          1.

  1  1
                                                                      1.

  1  1

          1.
  1  1

                      1.
  8
  8 20
                                                2.280039    0.021370    
                                                2.280039    0.002636    
                                                0.525857    0.525857    
                                                0.525857    0.112672    
                                                0.525857    0.021370    
                                                0.525857    0.002636    
                                                0.112672    0.112672    
                                                0.112672    0.021370    
   12.956650    5.134670    2.947287    1.342339    0.821446    0.444741
    2.939000    1.690174    1.185236    0.843000    0.500110    0.257369
    0.138520    0.071429    0.038519    0.018573    0.009726    0.005619
    0.002765    0.001010
  1  1
          1.

  1  1
                      1.

  1  1
                                  1.

  1  1
                                              1.

  1  1
                                                          1.

  1  1
                                                                      1.

  1  1

          1.
  1  1

                      1.
  4
  4 20
                                                0.112672    0.002636    
                                                0.021370    0.021370    
                                                0.021370    0.002636    
                                                0.002636    0.002636    
   12.956650    5.134670    2.947287    1.342339    0.821446    0.444741
    2.939000    1.690174    1.185236    0.843000    0.500110    0.257369
    0.138520    0.071429    0.038519    0.018573    0.009726    0.005619
    0.002765    0.001010
  1  1
          1.
  1  1
                      1.
  1  1
                                  1.
  1  1
                                              1.
  8
  8 20
                                                61.077744   23.476286   
                                                61.077744   2.588531    
                                                61.077744   0.575447    
                                                61.077744   0.130712    
                                                26.345697   23.476286   
                                                26.345697   2.588531    
                                                26.345697   0.575447    
                                                26.345697   0.130712    
   12.956650    5.134670    2.947287    1.342339    0.821446    0.444741
    2.939000    1.690174    1.185236    0.843000    0.500110    0.257369
    0.138520    0.071429    0.038519    0.018573    0.009726    0.005619
    0.002765    0.001010
  1  1
          1.

  1  1
                      1.

  1  1
                                  1.

  1  1
                                              1.

  1  1
                                                          1.

  1  1
                                                                      1.

  1  1

          1.
  1  1

                      1.
  8
  8 20
                                                15.291501   23.476286   
                                                15.291501   2.588531    
                                                15.291501   0.575447    
                                                15.291501   0.130712    
                                                9.543840    23.476286   
                                                9.543840    2.588531    
                                                9.543840    0.575447    
                                                9.543840    0.130712    
   12.956650    5.134670    2.947287    1.342339    0.821446    0.444741
    2.939000    1.690174    1.185236    0.843000    0.500110    0.257369
    0.138520    0.071429    0.038519    0.018573    0.009726    0.005619
    0.002765    0.001010
  1  1
          1.

  1  1
                      1.

  1  1
                                  1.

  1  1
                                              1.

  1  1
                                                          1.

  1  1
                                                                      1.

  1  1

          1.
  1  1

                      1.
  8
  8 20
                                                3.488265    23.476286   
                                                3.488265    2.588531    
                                                3.488265    0.575447    
                                                3.488265    0.130712    
                                                0.927550    23.476286   
                                                0.927550    2.588531    
                                                0.927550    0.575447    
                                                0.927550    0.130712    
   12.956650    5.134670    2.947287    1.342339    0.821446    0.444741
    2.939000    1.690174    1.185236    0.843000    0.500110    0.257369
    0.138520    0.071429    0.038519    0.018573    0.009726    0.005619
    0.002765    0.001010
  1  1
          1.

  1  1
                      1.

  1  1
                                  1.

  1  1
                                              1.

  1  1
                                                          1.

  1  1
                                                                      1.

  1  1

          1.
  1  1

                      1.
  8
  8 20
                                                0.247391    23.476286   
                                                0.247391    2.588531    
                                                0.247391    0.575447    
                                                0.247391    0.130712    
                                                0.020392    23.476286   
                                                0.020392    2.588531    
                                                0.020392    0.575447    
                                                0.020392    0.130712    
   12.956650    5.134670    2.947287    1.342339    0.821446    0.444741
    2.939000    1.690174    1.185236    0.843000    0.500110    0.257369
    0.138520    0.071429    0.038519    0.018573    0.009726    0.005619
    0.002765    0.001010
  1  1
          1.

  1  1
                      1.

  1  1
                                  1.

  1  1
                                              1.

  1  1
                                                          1.

  1  1
                                                                      1.

  1  1

          1.
  1  1

                      1.
  8
  8 20
                                                47.962502   7.379235    
                                                47.962502   1.481345    
                                                47.962502   0.365342    
                                                47.962502   0.104237    
                                                18.185146   7.379235    
                                                18.185146   1.481345    
                                                18.185146   0.365342    
                                                18.185146   0.104237    
   12.956650    5.134670    2.947287    1.342339    0.821446    0.444741
    2.939000    1.690174    1.185236    0.843000    0.500110    0.257369
    0.138520    0.071429    0.038519    0.018573    0.009726    0.005619
    0.002765    0.001010
  1  1
          1.

  1  1
                      1.

  1  1
                                  1.

  1  1
                                              1.

  1  1
                                                          1.

  1  1
                                                                      1.

  1  1

          1.
  1  1

                      1.
  8
  8 20
                                                7.872039    7.379235    
                                                7.872039    1.481345    
                                                7.872039    0.365342    
                                                7.872039    0.104237    
                                                5.102273    7.379235    
                                                5.102273    1.481345    
                                                5.102273    0.365342    
                                                5.102273    0.104237    
   12.956650    5.134670    2.947287    1.342339    0.821446    0.444741
    2.939000    1.690174    1.185236    0.843000    0.500110    0.257369
    0.138520    0.071429    0.038519    0.018573    0.009726    0.005619
    0.002765    0.001010
  1  1
          1.

  1  1
                      1.

  1  1
                                  1.

  1  1
                                              1.

  1  1
                                                          1.

  1  1
                                                                      1.

  1  1

          1.
  1  1

                      1.
  8
  8 20
                                                2.273376    7.379235    
                                                2.273376    1.481345    
                                                2.273376    0.365342    
                                                2.273376    0.104237    
                                                1.114705    7.379235    
                                                1.114705    1.481345    
                                                1.114705    0.365342    
                                                1.114705    0.104237    
   12.956650    5.134670    2.947287    1.342339    0.821446    0.444741
    2.939000    1.690174    1.185236    0.843000    0.500110    0.257369
    0.138520    0.071429    0.038519    0.018573    0.009726    0.005619
    0.002765    0.001010
  1  1
          1.

  1  1
                      1.

  1  1
                                  1.

  1  1
                                              1.

  1  1
                                                          1.

  1  1
                                                                      1.

  1  1

          1.
  1  1

                      1.
  8
  8 20
                                                0.245075    7.379235    
                                                0.245075    1.481345    
                                                0.245075    0.365342    
                                                0.245075    0.104237    
                                                0.054504    7.379235    
                                                0.054504    1.481345    
                                                0.054504    0.365342    
                                                0.054504    0.104237    
   12.956650    5.134670    2.947287    1.342339    0.821446    0.444741
    2.939000    1.690174    1.185236    0.843000    0.500110    0.257369
    0.138520    0.071429    0.038519    0.018573    0.009726    0.005619
    0.002765    0.001010
  1  1
          1.

  1  1
                      1.

  1  1
                                  1.

  1  1
                                              1.

  1  1
                                                          1.

  1  1
                                                                      1.

  1  1

          1.
  1  1

                      1.
  8
  8 20
                                                53.495541   20.874624   
                                                53.495541   2.079566    
                                                53.495541   0.536884    
                                                53.495541   0.123823    
                                                20.411346   20.874624   
                                                20.411346   2.079566    
                                                20.411346   0.536884    
                                                20.411346   0.123823    
   12.956650    5.134670    2.947287    1.342339    0.821446    0.444741
    2.939000    1.690174    1.185236    0.843000    0.500110    0.257369
    0.138520    0.071429    0.038519    0.018573    0.009726    0.005619
    0.002765    0.001010
  1  1
          1.

  1  1
                      1.

  1  1
                                  1.

  1  1
                                              1.

  1  1
                                                          1.

  1  1
                                                                      1.

  1  1

          1.
  1  1

                      1.
  8
  8 20
                                                5.795390    20.874624   
                                                5.795390    2.079566    
                                                5.795390    0.536884    
                                                5.795390    0.123823    
                                                1.453379    20.874624   
                                                1.453379    2.079566    
                                                1.453379    0.536884    
                                                1.453379    0.123823    
   12.956650    5.134670    2.947287    1.342339    0.821446    0.444741
    2.939000    1.690174    1.185236    0.843000    0.500110    0.257369
    0.138520    0.071429    0.038519    0.018573    0.009726    0.005619
    0.002765    0.001010
  1  1
          1.

  1  1
                      1.

  1  1
                                  1.

  1  1
                                              1.

  1  1
                                                          1.

  1  1
                                                                      1.

  1  1

          1.
  1  1

                      1.
  8
  8 20
                                                0.978881    20.874624   
                                                0.978881    2.079566    
                                                0.978881    0.536884    
                                                0.978881    0.123823    
                                                0.865597    20.874624   
                                                0.865597    2.079566    
                                                0.865597    0.536884    
                                                0.865597    0.123823    
   12.956650    5.134670    2.947287    1.342339    0.821446    0.444741
    2.939000    1.690174    1.185236    0.843000    0.500110    0.257369
    0.138520    0.071429    0.038519    0.018573    0.009726    0.005619
    0.002765    0.001010
  1  1
          1.

  1  1
                      1.

  1  1
                                  1.

  1  1
                                              1.

  1  1
                                                          1.

  1  1
                                                                      1.

  1  1

          1.
  1  1

                      1.
  8
  8 20
                                                0.370408    20.874624   
                                                0.370408    2.079566    
                                                0.370408    0.536884    
                                                0.370408    0.123823    
                                                0.091965    20.874624   
                                                0.091965    2.079566    
                                                0.091965    0.536884    
                                                0.091965    0.123823    
   12.956650    5.134670    2.947287    1.342339    0.821446    0.444741
    2.939000    1.690174    1.185236    0.843000    0.500110    0.257369
    0.138520    0.071429    0.038519    0.018573    0.009726    0.005619
    0.002765    0.001010
  1  1
          1.

  1  1
                      1.

  1  1
                                  1.

  1  1
                                              1.

  1  1
                                                          1.

  1  1
                                                                      1.

  1  1

          1.
  1  1

                      1.
  8
  8 20
                                                55.839653   11.427288   
                                                55.839653   1.911300    
                                                55.839653   0.525044    
                                                55.839653   0.114795    
                                                21.768465   11.427288   
                                                21.768465   1.911300    
                                                21.768465   0.525044    
                                                21.768465   0.114795    
   12.956650    5.134670    2.947287    1.342339    0.821446    0.444741
    2.939000    1.690174    1.185236    0.843000    0.500110    0.257369
    0.138520    0.071429    0.038519    0.018573    0.009726    0.005619
    0.002765    0.001010
  1  1
          1.

  1  1
                      1.

  1  1
                                  1.

  1  1
                                              1.

  1  1
                                                          1.

  1  1
                                                                      1.

  1  1

          1.
  1  1

                      1.
  8
  8 20
                                                15.951398   11.427288   
                                                15.951398   1.911300    
                                                15.951398   0.525044    
                                                15.951398   0.114795    
                                                6.886881    11.427288   
                                                6.886881    1.911300    
                                                6.886881    0.525044    
                                                6.886881    0.114795    
   12.956650    5.134670    2.947287    1.342339    0.821446    0.444741
    2.939000    1.690174    1.185236    0.843000    0.500110    0.257369
    0.138520    0.071429    0.038519    0.018573    0.009726    0.005619
    0.002765    0.001010
  1  1
          1.

  1  1
                      1.

  1  1
                                  1.

  1  1
                                              1.

  1  1
                                                          1.

  1  1
                                                                      1.

  1  1

          1.
  1  1

                      1.
  8
  8 20
                                                1.790858    11.427288   
                                                1.790858    1.911300    
                                                1.790858    0.525044    
                                                1.790858    0.114795    
                                                0.359782    11.427288   
                                                0.359782    1.911300    
                                                0.359782    0.525044    
                                                0.359782    0.114795    
   12.956650    5.134670    2.947287    1.342339    0.821446    0.444741
    2.939000    1.690174    1.185236    0.843000    0.500110    0.257369
    0.138520    0.071429    0.038519    0.018573    0.009726    0.005619
    0.002765    0.001010
  1  1
          1.

  1  1
                      1.

  1  1
                                  1.

  1  1
                                              1.

  1  1
                                                          1.

  1  1
                                                                      1.

  1  1

          1.
  1  1

                      1.
  8
  8 20
                                                0.181844    11.427288   
                                                0.181844    1.911300    
                                                0.181844    0.525044    
                                                0.181844    0.114795    
                                                0.044053    11.427288   
                                                0.044053    1.911300    
                                                0.044053    0.525044    
                                                0.044053    0.114795    
   12.956650    5.134670    2.947287    1.342339    0.821446    0.444741
    2.939000    1.690174    1.185236    0.843000    0.500110    0.257369
    0.138520    0.071429    0.038519    0.018573    0.009726    0.005619
    0.002765    0.001010
  1  1
          1.

  1  1
                      1.

  1  1
                                  1.

  1  1
                                              1.

  1  1
                                                          1.

  1  1
                                                                      1.

  1  1

          1.
  1  1

                      1.
