 10  8  9  3 00  0  0  0  0
nnn_pot
  8                                                            Z1  BVs 1 - 8
  8 10
                                                0.053906    16.134953   
                                                1.290369    1.173685    
                                                8.831648    0.975626    
                                                8.435383    0.214795    
                                                1.277992    7.556726    
                                                10.055223   4.588816    
                                                0.687366    6.173017    
                                                0.476639    0.018712    
    3.818274   11.439625   25.038525    0.999611    0.412498    0.313520
    0.026269    0.049890    0.007783    0.005174
  1  1
          1.

  1  1
                      1.

  1  1
                                  1.

  1  1
                                              1.

  1  1
                                                          1.

  1  1
                                                                      1.

  1  1

          1.
  1  1

                      1.
  8                                                            Z2  BVs 9 - 16
  8 10
                                                5.288062    0.060276    
                                                4.427736    0.176953    
                                                1.574945    5.368876    
                                                30.664953   19.171730   
                                                0.147598    0.069587    
                                                1.907028    0.330429    
                                                10.982654   11.215374   
                                                1.355894    1.768556    
   28.614803    3.118627    2.603173    1.683498    0.575422    0.249886
    0.072399    0.019832    0.028347    0.001752
  1  1
          1.

  1  1
                      1.

  1  1
                                  1.

  1  1
                                              1.

  1  1
                                                          1.

  1  1
                                                                      1.

  1  1

          1.
  1  1

                      1.
eob-tni/np3s_np3s_12-34_np3s_np3s_12-34
elu-tni/000-0_000-0
eob-tni/tp_123-4_np3s_np3s_12-34
elu-tni/000-0_000-0
eob-tni/tp_123-4_tp_123-4
elu-tni/000-0_000-0
