 10  8  9  3 00  0  0  0  0
nnn_pot
  8                                                            Z1  BVs 1 - 8
  8  6
                                    40.729187   
                                    12.442946   
                                    4.662805    
                                    1.244304    
                                    1.233202    
                                    0.443021    
                                    0.092999    
                                    0.012093    
   55.465626   18.698111    2.872864    0.501833    0.052554    0.002915
  1  1
          1.

  1  1
                      1.

  1  1
                                  1.

  1  1
                                              1.

  1  1
                                                          1.

  1  1
                                                                      1.

  1  1

          1.
  1  1

                      1.
  8                                                            Z2  BVs 9 - 16
  8  6
                                    40.729187   
                                    12.442946   
                                    4.662805    
                                    1.244304    
                                    1.233202    
                                    0.443021    
                                    0.092999    
                                    0.012093    
   55.465626   18.698111    2.872864    0.501833    0.052554    0.002915
  1  1
          1.

  1  1
                      1.

  1  1
                                  1.

  1  1
                                              1.

  1  1
                                                          1.

  1  1
                                                                      1.

  1  1

          1.
  1  1

                      1.
eob-tni/123_123
elu-tni/000_000
eob-tni/123_123
elu-tni/000_000
eob-tni/123_123
elu-tni/000_000
