 11  2 12 31  1  0 +0  0  0 -1  0 +0
  1  1  1  1  0  0  0  0  0  0  0  0  0  0  1  1
   1.0000000   1.0000000   0.0000000   0.0000000   0.0000000   0.0000000   0.0000000
   0.0000000   0.0000000   0.0000000   0.0000000   0.0000000   0.0000000   1.0000000
   0.0000000   0.0000000   0.0000000   0.0000000   0.0000000   0.0000000   0.0000000
   0.0000000   0.0000000   0.0000000   0.0000000   0.0000000   0.0000000   0.0000000
   0.0000000   0.0000000
   1   5   1  -0   2
   1   1
  1  1  1  1  1  1  1  1  1  1  1  1  1  1  1  1  1  1  1  1
   1   2
  1  1  1  1  1  1  1  1  1  1  1  1  1  1  1  1  1  1  1  1
   1   3
  1  1  1  1  1  1  1  1  1  1  1  1  1  1  1  1  1  1  1  1
   1   4
  1  1  1  1  1  1  1  1  1  1  1  1  1  1  1  1  1  1  1  1
   1   5
  1  1  1  1  1  1  1  1  1  1  1  1  1  1  1  1  1  1  1  1
