 11  2 12 31  1  1 +2  0  0 -1
  1  1  1  1  0  0  0  0  0  0  0  0  0  0  1  1
   1.0000000   1.0000000   0.0000000   0.0000000   0.0000000   0.0000000   0.0000000
   0.0000000   0.0000000   0.0000000   0.0000000   0.0000000   0.0000000   1.0000000
   0.0000000   0.0000000   0.0000000   0.0000000   0.0000000   0.0000000   0.0000000
   0.0000000   0.0000000   0.0000000   0.0000000   0.0000000   0.0000000   0.0000000
   0.0000000   0.0000000
   0  76   0   0   0   1
 158
0.534795508         
0.482880153         
0.096394046         
0.196750369         
0.101954339         
0.109001122         
0.043518290         
0.088825398         
0.046028553         
0.004343629         
0.017731604         
0.009188364         
0.018096033         
0.018754415         
0.004859188         
6.065282097         
6.813410185         
4.039001282         
2.294880529         
1.281347849         
1.913454214         
2.268597902         
1.288972394         
0.719698470         
0.672414370         
0.764105053         
0.426638491         
0.217074679         
0.242407540         
0.067674194         
-2.563551000        
-0.575700300        
2.296598000         
0.550659700         
-119.873500000      
144.473700000       
-67.047180000       
-16.533270000       
111.547100000       
-144.818500000      
69.094880000        
17.073100000        
2.762863000         
5.015622000         
-2.955902000        
-0.756384500        
-3.121989000        
6.401098000         
1.101963000         
0.369928300         
-0.232139400        
0.353232500         
0.275405900         
0.085678100         
0.061774250         
-0.080101790        
0.143520400         
0.060851390         
-0.005689605        
0.006957806         
-0.001865017        
0.056851830         
-1.041220000        
3.478023000         
-6.241821000        
-1.106343000        
-4.911261000        
-8.222464000        
9.343229000         
1.524954000         
13.207920000        
3.957984000         
-5.130595000        
-0.877346600        
-0.938409800        
0.275583200         
-0.432675300        
-0.134011400        
0.910264700         
-0.264399700        
0.555832300         
0.176096200         
-0.875501600        
0.206887000         
-0.432838300        
-0.323401600        
0.232028100         
-0.024145540        
0.077338220         
0.179434900         
-0.008335840        
-0.004970347        
0.002470684         
-0.000222159        
42.657420000        
-35.170530000       
-6.547561000        
-0.947027300        
-132.886100000      
151.474600000       
29.219400000        
2.790795000         
105.602400000       
-140.743100000      
-26.810360000       
-2.147063000        
4.598446000         
18.518110000        
2.099053000         
-0.113759400        
-0.540286600        
-1.824679000        
-1.415713000        
0.162921700         
-0.415947000        
1.851331000         
0.818549200         
-0.257824000        
0.020732820         
-0.024778810        
-0.036421860        
-0.035189600        
-0.001248192        
0.001412932         
-0.000163836        
-0.002941602        
-2.745491000        
2.902978000         
2.262148000         
0.401365900         
-5.423553000        
0.025759200         
-1.877462000        
-0.292281800        
6.063340000         
-0.686421500        
1.355406000         
0.186709900         
7.880540000         
-0.917888900        
0.022233130         
-0.020570190        
0.026201640         
0.573477700         
0.483617600         
0.097416380         
0.005885566         
-0.021678020        
0.181082600         
0.034090610         
0.019023190         
-0.019319140        
0.057580640         
-0.019742470        
-0.018299220        
0.019096360         
-0.055493170        
0.021088720         
  1  1  0
  64  95  96  97  98  99 100 101 102 103 104 105 106 107 108 109 110 111 112 113
 114 115 116 117 118 119 120 121 122 123 124 125 126 127 128 129 130 131 132 133
 134 135 136 137 138 139 140 141 142 143 144 145 146 147 148 149 150 151 152 153
 154 155 156 157 158
  95  96  97  98  99 100 101 102 103 104 105 106 107 108 109 110 111 112 113 114
 115 116 117 118 119 120 121 122 123 124 125 126 127 128 129 130 131 132 133 134
 135 136 137 138 139 140 141 142 143 144 145 146 147 148 149 150 151 152 153 154
 155 156 157 158
  1  1  1  1  1  1  1  1  1  1  1  1  1  1  1  1  1  1  1  1
  1  1  0
  64  31  32  33  34  35  36  37  38  39  40  41  42  43  44  45  46  47  48  49
  50  51  52  53  54  55  56  57  58  59  60  61  62  63  64  65  66  67  68  69
  70  71  72  73  74  75  76  77  78  79  80  81  82  83  84  85  86  87  88  89
  90  91  92  93  94
  31  32  33  34  35  36  37  38  39  40  41  42  43  44  45  46  47  48  49  50
  51  52  53  54  55  56  57  58  59  60  61  62  63  64  65  66  67  68  69  70
  71  72  73  74  75  76  77  78  79  80  81  82  83  84  85  86  87  88  89  90
  91  92  93  94
  1  1  1  1  1  1  1  1  1  1  1  1  1  1  1  1  1  1  1  1
  2  2  0
  15  16  17  18  19  20  21  22  23  24  25  26  27  28  29  30
  16  17  18  19  20  21  22  23  24  25  26  27  28  29  30
  1  1  1  1  1  1  1  1  1  1  1  1  1  1  1  1  1  1  1  1
  0  0  0
  15   1   2   3   4   5   6   7   8   9  10  11  12  13  14  15
   1   2   3   4   5   6   7   8   9  10  11  12  13  14  15
  1  1  1  1  1  1  1  1  1  1  1  1  1  1  1  1  1  1  1  1
  0  0  0 -1
   1   2
101 
  1  1  1  1  0  1  0  0
  0  0  0
   1   3
36  
  1  1  1  1  0  1  0  0
  0  0  0
   1   4
22  
  1  1  1  1  0  1  0  0
  0  0  0
   1   5
85  
  1  1  1  1  0  1  0  0
  0  0  0
   1   6
28  
  1  1  1  1  0  1  0  0
  0  0  0
   1   7
107 
  1  1  1  1  0  1  0  0
  0  0  0
   1   8
110 
  1  1  1  1  0  1  0  0
  0  0  0
   1   9
31  
  1  1  1  1  0  1  0  0
  0  0  0
   1  10
95  
  1  1  1  1  0  1  0  0
  0  0  0
   1  11
149 
  1  1  1  1  0  1  0  0
  0  0  0
   1  12
138 
  1  1  1  1  0  1  0  0
  2  2  0 -1
   1  17
90  
  1  1  1  1  0  1  0  0
  2  2  0
   1  18
20  
  1  1  1  1  0  1  0  0
  2  2  0
   1  19
78  
  1  1  1  1  0  1  0  0
  2  2  0
   1  20
131 
  1  1  1  1  0  1  0  0
  2  2  0
   1  21
133 
  1  1  1  1  0  1  0  0
  2  2  0
   1  22
32  
  1  1  1  1  0  1  0  0
  2  2  0
   1  23
41  
  1  1  1  1  0  1  0  0
  2  2  0
   1  24
99  
  1  1  1  1  0  1  0  0
  2  2  0
   1  25
109 
  1  1  1  1  0  1  0  0
  2  2  0
   1  26
118 
  1  1  1  1  0  1  0  0
  2  2  0
   1  27
127 
  1  1  1  1  0  1  0  0
  1  1  0 -1
   1  32
101 
  1  1  1  1  0  1  0  0
  1  1  0
   1  33
108 
  1  1  1  1  0  1  0  0
  1  1  0
   1  34
139 
  1  1  1  1  0  1  0  0
  1  1  0
   1  35
17  
  1  1  1  1  0  1  0  0
  1  1  0
   1  36
106 
  1  1  1  1  0  1  0  0
  1  1  0
   1  37
80  
  1  1  1  1  0  1  0  0
  1  1  0
   1  38
52  
  1  1  1  1  0  1  0  0
  1  1  0
   1  39
74  
  1  1  1  1  0  1  0  0
  1  1  0
   1  40
133 
  1  1  1  1  0  1  0  0
  1  1  0
   1  41
18  
  1  1  1  1  0  1  0  0
  1  1  0
   1  42
86  
  1  1  1  1  0  1  0  0
  1  1  0
   1  43
115 
  1  1  1  1  0  1  0  0
  1  1  0
   1  44
17  
  1  1  1  1  0  1  0  0
  1  1  0
   1  45
101 
  1  1  1  1  0  1  0  0
  1  1  0
   1  46
17  
  1  1  1  1  0  1  0  0
  1  1  0
   1  47
23  
  1  1  1  1  0  1  0  0
  1  1  0
   1  48
135 
  1  1  1  1  0  1  0  0
  1  1  0
   1  49
6   
  1  1  1  1  0  1  0  0
  1  1  0
   1  50
34  
  1  1  1  1  0  1  0  0
  1  1  0
   1  51
140 
  1  1  1  1  0  1  0  0
  1  1  0
   1  52
20  
  1  1  1  1  0  1  0  0
  1  1  0
   1  53
40  
  1  1  1  1  0  1  0  0
  1  1  0
   1  54
32  
  1  1  1  1  0  1  0  0
  1  1  0
   1  55
129 
  1  1  1  1  0  1  0  0
  1  1  0
   1  56
5   
  1  1  1  1  0  1  0  0
  1  1  0
   1  57
83  
  1  1  1  1  0  1  0  0
  1  1  0
   1  58
76  
  1  1  1  1  0  1  0  0
  1  1  0
   1  59
80  
  1  1  1  1  0  1  0  0
  1  1  0
   1  60
138 
  1  1  1  1  0  1  0  0
  1  1  0
   1  61
108 
  1  1  1  1  0  1  0  0
  1  1  0
   1  62
101 
  1  1  1  1  0  1  0  0
  1  1  0
   1  63
90  
  1  1  1  1  0  1  0  0
  1  1  0
   1  64
98  
  1  1  1  1  0  1  0  0
  1  1  0
   1  65
104 
  1  1  1  1  0  1  0  0
  1  1  0
   1  66
70  
  1  1  1  1  0  1  0  0
  1  1  0
   1  67
117 
  1  1  1  1  0  1  0  0
  1  1  0
   1  68
5   
  1  1  1  1  0  1  0  0
  1  1  0
   1  69
79  
  1  1  1  1  0  1  0  0
  1  1  0
   1  70
86  
  1  1  1  1  0  1  0  0
  1  1  0
   1  71
43  
  1  1  1  1  0  1  0  0
  1  1  0
   1  72
103 
  1  1  1  1  0  1  0  0
  1  1  0
   1  73
18  
  1  1  1  1  0  1  0  0
  1  1  0
   1  74
45  
  1  1  1  1  0  1  0  0
  1  1  0
   1  75
104 
  1  1  1  1  0  1  0  0
  1  1  0
   1  76
43  
  1  1  1  1  0  1  0  0
  1  1  0
   1  77
25  
  1  1  1  1  0  1  0  0
  1  1  0
   1  78
41  
  1  1  1  1  0  1  0  0
  1  1  0
   1  79
32  
  1  1  1  1  0  1  0  0
  1  1  0
   1  80
22  
  1  1  1  1  0  1  0  0
  1  1  0
   1  81
65  
  1  1  1  1  0  1  0  0
  1  1  0
   1  82
107 
  1  1  1  1  0  1  0  0
  1  1  0
   1  83
23  
  1  1  1  1  0  1  0  0
  1  1  0
   1  84
136 
  1  1  1  1  0  1  0  0
  1  1  0
   1  85
19  
  1  1  1  1  0  1  0  0
  1  1  0
   1  86
65  
  1  1  1  1  0  1  0  0
  1  1  0
   1  87
102 
  1  1  1  1  0  1  0  0
  1  1  0
   1  88
84  
  1  1  1  1  0  1  0  0
  1  1  0
   1  89
108 
  1  1  1  1  0  1  0  0
  1  1  0
   1  90
96  
  1  1  1  1  0  1  0  0
  1  1  0
   1  91
57  
  1  1  1  1  0  1  0  0
  1  1  0 -1
   1  96
112 
  1  1  1  1  0  1  0  0
  1  1  0
   1  97
27  
  1  1  1  1  0  1  0  0
  1  1  0
   1  98
73  
  1  1  1  1  0  1  0  0
  1  1  0
   1  99
16  
  1  1  1  1  0  1  0  0
  1  1  0
   1 100
70  
  1  1  1  1  0  1  0  0
  1  1  0
   1 101
40  
  1  1  1  1  0  1  0  0
  1  1  0
   1 102
144 
  1  1  1  1  0  1  0  0
  1  1  0
   1 103
110 
  1  1  1  1  0  1  0  0
  1  1  0
   1 104
64  
  1  1  1  1  0  1  0  0
  1  1  0
   1 105
21  
  1  1  1  1  0  1  0  0
  1  1  0
   1 106
66  
  1  1  1  1  0  1  0  0
  1  1  0
   1 107
110 
  1  1  1  1  0  1  0  0
  1  1  0
   1 108
18  
  1  1  1  1  0  1  0  0
  1  1  0
   1 109
114 
  1  1  1  1  0  1  0  0
  1  1  0
   1 110
130 
  1  1  1  1  0  1  0  0
  1  1  0
   1 111
35  
  1  1  1  1  0  1  0  0
  1  1  0
   1 112
138 
  1  1  1  1  0  1  0  0
  1  1  0
   1 113
21  
  1  1  1  1  0  1  0  0
  1  1  0
   1 114
38  
  1  1  1  1  0  1  0  0
  1  1  0
   1 115
136 
  1  1  1  1  0  1  0  0
  1  1  0
   1 116
75  
  1  1  1  1  0  1  0  0
  1  1  0
   1 117
32  
  1  1  1  1  0  1  0  0
  1  1  0
   1 118
57  
  1  1  1  1  0  1  0  0
  1  1  0
   1 119
149 
  1  1  1  1  0  1  0  0
  1  1  0
   1 120
115 
  1  1  1  1  0  1  0  0
  1  1  0
   1 121
116 
  1  1  1  1  0  1  0  0
  1  1  0
   1 122
16  
  1  1  1  1  0  1  0  0
  1  1  0
   1 123
84  
  1  1  1  1  0  1  0  0
  1  1  0
   1 124
108 
  1  1  1  1  0  1  0  0
  1  1  0
   1 125
27  
  1  1  1  1  0  1  0  0
  1  1  0
   1 126
66  
  1  1  1  1  0  1  0  0
  1  1  0
   1 127
135 
  1  1  1  1  0  1  0  0
  1  1  0
   1 128
51  
  1  1  1  1  0  1  0  0
  1  1  0
   1 129
116 
  1  1  1  1  0  1  0  0
  1  1  0
   1 130
117 
  1  1  1  1  0  1  0  0
  1  1  0
   1 131
114 
  1  1  1  1  0  1  0  0
  1  1  0
   1 132
16  
  1  1  1  1  0  1  0  0
  1  1  0
   1 133
131 
  1  1  1  1  0  1  0  0
  1  1  0
   1 134
149 
  1  1  1  1  0  1  0  0
  1  1  0
   1 135
77  
  1  1  1  1  0  1  0  0
  1  1  0
   1 136
87  
  1  1  1  1  0  1  0  0
  1  1  0
   1 137
70  
  1  1  1  1  0  1  0  0
  1  1  0
   1 138
34  
  1  1  1  1  0  1  0  0
  1  1  0
   1 139
68  
  1  1  1  1  0  1  0  0
  1  1  0
   1 140
25  
  1  1  1  1  0  1  0  0
  1  1  0
   1 141
28  
  1  1  1  1  0  1  0  0
  1  1  0
   1 142
103 
  1  1  1  1  0  1  0  0
  1  1  0
   1 143
23  
  1  1  1  1  0  1  0  0
  1  1  0
   1 144
100 
  1  1  1  1  0  1  0  0
  1  1  0
   1 145
97  
  1  1  1  1  0  1  0  0
  1  1  0
   1 146
118 
  1  1  1  1  0  1  0  0
  1  1  0
   1 147
79  
  1  1  1  1  0  1  0  0
  1  1  0
   1 148
43  
  1  1  1  1  0  1  0  0
  1  1  0
   1 149
82  
  1  1  1  1  0  1  0  0
  1  1  0
   1 150
80  
  1  1  1  1  0  1  0  0
  1  1  0
   1 151
39  
  1  1  1  1  0  1  0  0
  1  1  0
   1 152
90  
  1  1  1  1  0  1  0  0
  1  1  0
   1 153
38  
  1  1  1  1  0  1  0  0
  1  1  0
   1 154
95  
  1  1  1  1  0  1  0  0
  1  1  0
   1 155
71  
  1  1  1  1  0  1  0  0
