 10  8  9  3 00  0  0  0
/home/johannesk/kette_repo/limit_cycles/src_python/../systems/2np1s/7.00/nn_pot
  8
  8 20
                                                15.827852   15.827852   
                                                15.827852   2.370170    
                                                15.827852   1.340927    
                                                15.827852   0.208980    
                                                15.827852   0.009273    
                                                2.370170    2.370170    
                                                2.370170    1.340927    
                                                2.370170    0.208980    
   12.956650    5.134670    2.947287    1.342339    0.821446    0.444741
    2.939000    1.690174    1.185236    0.843000    0.500110    0.257369
    0.138520    0.071429    0.038519    0.018573    0.009726    0.005619
    0.002765    0.001010
  1  1
          1.

  1  1
                      1.

  1  1
                                  1.

  1  1
                                              1.

  1  1
                                                          1.

  1  1
                                                                      1.

  1  1

          1.
  1  1

                      1.
  7
  7 20
                                                2.370170    0.009273    
                                                1.340927    1.340927    
                                                1.340927    0.208980    
                                                1.340927    0.009273    
                                                0.208980    0.208980    
                                                0.208980    0.009273    
                                                0.009273    0.009273    
   12.956650    5.134670    2.947287    1.342339    0.821446    0.444741
    2.939000    1.690174    1.185236    0.843000    0.500110    0.257369
    0.138520    0.071429    0.038519    0.018573    0.009726    0.005619
    0.002765    0.001010
  1  1
          1.

  1  1
                      1.

  1  1
                                  1.

  1  1
                                              1.

  1  1
                                                          1.

  1  1
                                                                      1.

  1  1

          1.
  8
  8 20
                                                19.998491   19.998491   
                                                19.998491   5.486598    
                                                19.998491   1.991864    
                                                19.998491   0.485745    
                                                19.998491   0.113463    
                                                5.486598    5.486598    
                                                5.486598    1.991864    
                                                5.486598    0.485745    
   12.956650    5.134670    2.947287    1.342339    0.821446    0.444741
    2.939000    1.690174    1.185236    0.843000    0.500110    0.257369
    0.138520    0.071429    0.038519    0.018573    0.009726    0.005619
    0.002765    0.001010
  1  1
          1.

  1  1
                      1.

  1  1
                                  1.

  1  1
                                              1.

  1  1
                                                          1.

  1  1
                                                                      1.

  1  1

          1.
  1  1

                      1.
  7
  7 20
                                                5.486598    0.113463    
                                                1.991864    1.991864    
                                                1.991864    0.485745    
                                                1.991864    0.113463    
                                                0.485745    0.485745    
                                                0.485745    0.113463    
                                                0.113463    0.113463    
   12.956650    5.134670    2.947287    1.342339    0.821446    0.444741
    2.939000    1.690174    1.185236    0.843000    0.500110    0.257369
    0.138520    0.071429    0.038519    0.018573    0.009726    0.005619
    0.002765    0.001010
  1  1
          1.

  1  1
                      1.

  1  1
                                  1.

  1  1
                                              1.

  1  1
                                                          1.

  1  1
                                                                      1.

  1  1

          1.
  8
  8 20
                                                19.265579   13.489928   
                                                19.265579   7.619593    
                                                19.265579   0.449004    
                                                19.265579   0.100332    
                                                9.919528    13.489928   
                                                9.919528    7.619593    
                                                9.919528    0.449004    
                                                9.919528    0.100332    
   12.956650    5.134670    2.947287    1.342339    0.821446    0.444741
    2.939000    1.690174    1.185236    0.843000    0.500110    0.257369
    0.138520    0.071429    0.038519    0.018573    0.009726    0.005619
    0.002765    0.001010
  1  1
          1.

  1  1
                      1.

  1  1
                                  1.

  1  1
                                              1.

  1  1
                                                          1.

  1  1
                                                                      1.

  1  1

          1.
  1  1

                      1.
  8
  8 20
                                                9.718655    13.489928   
                                                9.718655    7.619593    
                                                9.718655    0.449004    
                                                9.718655    0.100332    
                                                6.189289    13.489928   
                                                6.189289    7.619593    
                                                6.189289    0.449004    
                                                6.189289    0.100332    
   12.956650    5.134670    2.947287    1.342339    0.821446    0.444741
    2.939000    1.690174    1.185236    0.843000    0.500110    0.257369
    0.138520    0.071429    0.038519    0.018573    0.009726    0.005619
    0.002765    0.001010
  1  1
          1.

  1  1
                      1.

  1  1
                                  1.

  1  1
                                              1.

  1  1
                                                          1.

  1  1
                                                                      1.

  1  1

          1.
  1  1

                      1.
  8
  8 20
                                                3.793799    13.489928   
                                                3.793799    7.619593    
                                                3.793799    0.449004    
                                                3.793799    0.100332    
                                                1.105467    13.489928   
                                                1.105467    7.619593    
                                                1.105467    0.449004    
                                                1.105467    0.100332    
   12.956650    5.134670    2.947287    1.342339    0.821446    0.444741
    2.939000    1.690174    1.185236    0.843000    0.500110    0.257369
    0.138520    0.071429    0.038519    0.018573    0.009726    0.005619
    0.002765    0.001010
  1  1
          1.

  1  1
                      1.

  1  1
                                  1.

  1  1
                                              1.

  1  1
                                                          1.

  1  1
                                                                      1.

  1  1

          1.
  1  1

                      1.
  8
  8 20
                                                0.392424    13.489928   
                                                0.392424    7.619593    
                                                0.392424    0.449004    
                                                0.392424    0.100332    
                                                0.109168    13.489928   
                                                0.109168    7.619593    
                                                0.109168    0.449004    
                                                0.109168    0.100332    
   12.956650    5.134670    2.947287    1.342339    0.821446    0.444741
    2.939000    1.690174    1.185236    0.843000    0.500110    0.257369
    0.138520    0.071429    0.038519    0.018573    0.009726    0.005619
    0.002765    0.001010
  1  1
          1.

  1  1
                      1.

  1  1
                                  1.

  1  1
                                              1.

  1  1
                                                          1.

  1  1
                                                                      1.

  1  1

          1.
  1  1

                      1.
  8
  8 20
                                                14.902312   4.328482    
                                                14.902312   1.669493    
                                                14.902312   0.655860    
                                                14.902312   0.124092    
                                                11.649069   4.328482    
                                                11.649069   1.669493    
                                                11.649069   0.655860    
                                                11.649069   0.124092    
   12.956650    5.134670    2.947287    1.342339    0.821446    0.444741
    2.939000    1.690174    1.185236    0.843000    0.500110    0.257369
    0.138520    0.071429    0.038519    0.018573    0.009726    0.005619
    0.002765    0.001010
  1  1
          1.

  1  1
                      1.

  1  1
                                  1.

  1  1
                                              1.

  1  1
                                                          1.

  1  1
                                                                      1.

  1  1

          1.
  1  1

                      1.
  8
  8 20
                                                8.684739    4.328482    
                                                8.684739    1.669493    
                                                8.684739    0.655860    
                                                8.684739    0.124092    
                                                1.240714    4.328482    
                                                1.240714    1.669493    
                                                1.240714    0.655860    
                                                1.240714    0.124092    
   12.956650    5.134670    2.947287    1.342339    0.821446    0.444741
    2.939000    1.690174    1.185236    0.843000    0.500110    0.257369
    0.138520    0.071429    0.038519    0.018573    0.009726    0.005619
    0.002765    0.001010
  1  1
          1.

  1  1
                      1.

  1  1
                                  1.

  1  1
                                              1.

  1  1
                                                          1.

  1  1
                                                                      1.

  1  1

          1.
  1  1

                      1.
  8
  8 20
                                                0.392286    4.328482    
                                                0.392286    1.669493    
                                                0.392286    0.655860    
                                                0.392286    0.124092    
                                                0.282679    4.328482    
                                                0.282679    1.669493    
                                                0.282679    0.655860    
                                                0.282679    0.124092    
   12.956650    5.134670    2.947287    1.342339    0.821446    0.444741
    2.939000    1.690174    1.185236    0.843000    0.500110    0.257369
    0.138520    0.071429    0.038519    0.018573    0.009726    0.005619
    0.002765    0.001010
  1  1
          1.

  1  1
                      1.

  1  1
                                  1.

  1  1
                                              1.

  1  1
                                                          1.

  1  1
                                                                      1.

  1  1

          1.
  1  1

                      1.
  8
  8 20
                                                0.183573    4.328482    
                                                0.183573    1.669493    
                                                0.183573    0.655860    
                                                0.183573    0.124092    
                                                0.071774    4.328482    
                                                0.071774    1.669493    
                                                0.071774    0.655860    
                                                0.071774    0.124092    
   12.956650    5.134670    2.947287    1.342339    0.821446    0.444741
    2.939000    1.690174    1.185236    0.843000    0.500110    0.257369
    0.138520    0.071429    0.038519    0.018573    0.009726    0.005619
    0.002765    0.001010
  1  1
          1.

  1  1
                      1.

  1  1
                                  1.

  1  1
                                              1.

  1  1
                                                          1.

  1  1
                                                                      1.

  1  1

          1.
  1  1

                      1.
  8
  8 20
                                                14.692380   4.548302    
                                                14.692380   2.817204    
                                                14.692380   0.418429    
                                                14.692380   0.068047    
                                                10.565028   4.548302    
                                                10.565028   2.817204    
                                                10.565028   0.418429    
                                                10.565028   0.068047    
   12.956650    5.134670    2.947287    1.342339    0.821446    0.444741
    2.939000    1.690174    1.185236    0.843000    0.500110    0.257369
    0.138520    0.071429    0.038519    0.018573    0.009726    0.005619
    0.002765    0.001010
  1  1
          1.

  1  1
                      1.

  1  1
                                  1.

  1  1
                                              1.

  1  1
                                                          1.

  1  1
                                                                      1.

  1  1

          1.
  1  1

                      1.
  8
  8 20
                                                9.592837    4.548302    
                                                9.592837    2.817204    
                                                9.592837    0.418429    
                                                9.592837    0.068047    
                                                6.636265    4.548302    
                                                6.636265    2.817204    
                                                6.636265    0.418429    
                                                6.636265    0.068047    
   12.956650    5.134670    2.947287    1.342339    0.821446    0.444741
    2.939000    1.690174    1.185236    0.843000    0.500110    0.257369
    0.138520    0.071429    0.038519    0.018573    0.009726    0.005619
    0.002765    0.001010
  1  1
          1.

  1  1
                      1.

  1  1
                                  1.

  1  1
                                              1.

  1  1
                                                          1.

  1  1
                                                                      1.

  1  1

          1.
  1  1

                      1.
  8
  8 20
                                                1.871837    4.548302    
                                                1.871837    2.817204    
                                                1.871837    0.418429    
                                                1.871837    0.068047    
                                                1.622601    4.548302    
                                                1.622601    2.817204    
                                                1.622601    0.418429    
                                                1.622601    0.068047    
   12.956650    5.134670    2.947287    1.342339    0.821446    0.444741
    2.939000    1.690174    1.185236    0.843000    0.500110    0.257369
    0.138520    0.071429    0.038519    0.018573    0.009726    0.005619
    0.002765    0.001010
  1  1
          1.

  1  1
                      1.

  1  1
                                  1.

  1  1
                                              1.

  1  1
                                                          1.

  1  1
                                                                      1.

  1  1

          1.
  1  1

                      1.
  8
  8 20
                                                0.245086    4.548302    
                                                0.245086    2.817204    
                                                0.245086    0.418429    
                                                0.245086    0.068047    
                                                0.041903    4.548302    
                                                0.041903    2.817204    
                                                0.041903    0.418429    
                                                0.041903    0.068047    
   12.956650    5.134670    2.947287    1.342339    0.821446    0.444741
    2.939000    1.690174    1.185236    0.843000    0.500110    0.257369
    0.138520    0.071429    0.038519    0.018573    0.009726    0.005619
    0.002765    0.001010
  1  1
          1.

  1  1
                      1.

  1  1
                                  1.

  1  1
                                              1.

  1  1
                                                          1.

  1  1
                                                                      1.

  1  1

          1.
  1  1

                      1.
  8
  8 20
                                                18.855768   5.472572    
                                                18.855768   1.881791    
                                                18.855768   0.523424    
                                                18.855768   0.093627    
                                                15.532508   5.472572    
                                                15.532508   1.881791    
                                                15.532508   0.523424    
                                                15.532508   0.093627    
   12.956650    5.134670    2.947287    1.342339    0.821446    0.444741
    2.939000    1.690174    1.185236    0.843000    0.500110    0.257369
    0.138520    0.071429    0.038519    0.018573    0.009726    0.005619
    0.002765    0.001010
  1  1
          1.

  1  1
                      1.

  1  1
                                  1.

  1  1
                                              1.

  1  1
                                                          1.

  1  1
                                                                      1.

  1  1

          1.
  1  1

                      1.
  8
  8 20
                                                8.199622    5.472572    
                                                8.199622    1.881791    
                                                8.199622    0.523424    
                                                8.199622    0.093627    
                                                3.604842    5.472572    
                                                3.604842    1.881791    
                                                3.604842    0.523424    
                                                3.604842    0.093627    
   12.956650    5.134670    2.947287    1.342339    0.821446    0.444741
    2.939000    1.690174    1.185236    0.843000    0.500110    0.257369
    0.138520    0.071429    0.038519    0.018573    0.009726    0.005619
    0.002765    0.001010
  1  1
          1.

  1  1
                      1.

  1  1
                                  1.

  1  1
                                              1.

  1  1
                                                          1.

  1  1
                                                                      1.

  1  1

          1.
  1  1

                      1.
  8
  8 20
                                                1.976505    5.472572    
                                                1.976505    1.881791    
                                                1.976505    0.523424    
                                                1.976505    0.093627    
                                                0.337782    5.472572    
                                                0.337782    1.881791    
                                                0.337782    0.523424    
                                                0.337782    0.093627    
   12.956650    5.134670    2.947287    1.342339    0.821446    0.444741
    2.939000    1.690174    1.185236    0.843000    0.500110    0.257369
    0.138520    0.071429    0.038519    0.018573    0.009726    0.005619
    0.002765    0.001010
  1  1
          1.

  1  1
                      1.

  1  1
                                  1.

  1  1
                                              1.

  1  1
                                                          1.

  1  1
                                                                      1.

  1  1

          1.
  1  1

                      1.
  8
  8 20
                                                0.062391    5.472572    
                                                0.062391    1.881791    
                                                0.062391    0.523424    
                                                0.062391    0.093627    
                                                0.059702    5.472572    
                                                0.059702    1.881791    
                                                0.059702    0.523424    
                                                0.059702    0.093627    
   12.956650    5.134670    2.947287    1.342339    0.821446    0.444741
    2.939000    1.690174    1.185236    0.843000    0.500110    0.257369
    0.138520    0.071429    0.038519    0.018573    0.009726    0.005619
    0.002765    0.001010
  1  1
          1.

  1  1
                      1.

  1  1
                                  1.

  1  1
                                              1.

  1  1
                                                          1.

  1  1
                                                                      1.

  1  1

          1.
  1  1

                      1.
