 10  8  9  3 00  0  0  0  0
nnn_pot
  8                                                            Z1  BVs 1 - 8
  8  7
                                    13.524384   
                                    5.635161    
                                    1.027057    
                                    0.458872    
                                    0.136243    
                                    0.016484    
                                    0.003835    
                                    0.000881    
   20.103750    3.157013    0.231318    0.036637    0.025512    0.004148
    0.002278
  1  1
          1.

  1  1
                      1.

  1  1
                                  1.

  1  1
                                              1.

  1  1
                                                          1.

  1  1
                                                                      1.

  1  1

          1.
  1  1

                      1.
  8                                                            Z2  BVs 9 - 16
  8  7
                                    7.268382    
                                    6.063859    
                                    4.459562    
                                    1.516763    
                                    0.313452    
                                    0.019783    
                                    0.002413    
                                    0.000721    
   11.626464    3.573330    3.549559    0.765442    0.090109    0.055042
    0.000869
  1  1
          1.

  1  1
                      1.

  1  1
                                  1.

  1  1
                                              1.

  1  1
                                                          1.

  1  1
                                                                      1.

  1  1

          1.
  1  1

                      1.
eob-tni/123_123
elu-tni/000_000
eob-tni/123_123
elu-tni/000_000
eob-tni/123_123
elu-tni/000_000
