 11  2 12 31  1  1 +2  0  0 -1
  1  1  1  1  0  0  0  0  0  0  0  0  0  0  1  1
   0.0000000   1.0000000   1.0000000   1.0000000   1.0000000   1.0000000   1.0000000
   1.0000000   1.0000000   1.0000000   1.0000000   1.0000000   1.0000000   1.0000000
   1.0000000   1.0000000   1.0000000   1.0000000   1.0000000   1.0000000   1.0000000
   1.0000000   1.0000000   1.0000000   1.0000000   1.0000000   1.0000000   1.0000000
   1.0000000   1.0000000
   0  56   0   0   0   1
  39
-57.109640000       
1.403498000         
69.544110000        
-1.786851000        
-14.649370000       
0.522206300         
-0.033248750        
0.066079400         
0.007604703         
0.019411670         
-0.000767011        
0.003106690         
-0.087284520        
0.035430230         
0.072281920         
-0.003199515        
-0.172262700        
0.024249220         
-0.023025840        
0.014710870         
0.001658592         
0.005371293         
-0.000044277        
0.000302255         
1.066561457         
1.469045967         
0.775772135         
0.394480936         
0.110891675         
0.505853657         
0.534261256         
0.271672403         
0.076369236         
0.141066040         
0.143464456         
0.040328980         
0.036475912         
0.020507328         
0.002882385         
  1  1  0
  24  16  17  18  19  20  21  22  23  24  25  26  27  28  29  30  31  32  33  34
  35  36  37  38  39
   1   2   3   4   5   6   7   8   9  10  11  12  13  14  15  16  17  18  19  20
  21  22  23  24
  1  1  1  1  1  1  1  1  1  1  1  1  1  1  1  1  1  1  1  1  1  1
  2  2  0
  15   1   2   3   4   5   6   7   8   9  10  11  12  13  14  15
  25  26  27  28  29  30  31  32  33  34  35  36  37  38  39
  1  1  1  1  1  1  1  1  1  1  1  1  1  1  1  1  1  1  1  1  1  1
  1  1  0 -1
   1  16
4   
  0  0  0  1  0  1  1  0  1  1  0
  1  1  0
   1  17
28  
  1  0  0  0  0  0  0  1  0  1  0
  1  1  0
   1  18
1   
  1  0  0  0  1  0  1  0  1  1  0
  1  1  0
   1  19
31  
  0  1  0  0  1  0  0  0  0  1  0
  1  1  0
   1  20
28  
  1  0  1  0  0  1  1  0  0  1  0
  1  1  0
   1  21
29  
  1  0  1  0  0  1  0  1  0  1  0
  1  1  0
   1  22
31  
  1  0  0  0  1  0  0  1  1  1  0
  1  1  0
   1  23
26  
  1  0  1  0  1  0  0  1  0  1  0
  1  1  0
   1  24
25  
  1  0  0  0  1  0  1  0  1  1  0
  1  1  0
   1  25
35  
  1  0  1  0  1  0  0  0  0  1  0
  1  1  0
   1  26
34  
  1  1  0  1  0  0  0  0  1  1  0
  1  1  0
   1  27
5   
  1  0  0  0  1  0  0  0  1  1  0
  1  1  0
   1  28
1   
  0  0  0  1  0  1  1  0  1  1  0
  1  1  0
   1  29
6   
  1  0  0  1  0  1  0  0  1  1  0
  1  1  0
   1  30
28  
  0  0  1  0  1  0  0  0  1  1  0
  1  1  0
   1  31
31  
  1  1  0  0  1  0  0  1  0  1  0
  1  1  0
   1  32
2   
  0  0  0  1  1  0  0  0  0  1  0
  1  1  0
   1  33
28  
  1  0  0  0  0  0  0  0  0  1  0
  1  1  0
   1  34
35  
  1  0  1  0  0  0  1  0  0  1  0
  1  1  0
   1  35
6   
  1  0  0  0  1  0  1  0  0  1  0
  2  2  0
   1   1
17  
  1  0  0  1  0  0  1  1  0  1  0
  2  2  0
   1   2
4   
  1  0  0  0  1  0  0  0  0  1  0
  2  2  0
   1   3
31  
  1  0  1  0  0  0  0  0  1  1  0
  2  2  0
   1   4
6   
  1  0  1  0  0  0  0  1  0  1  0
  2  2  0
   1   5
6   
  1  0  1  0  1  0  0  0  1  1  0
  2  2  0
   1   6
1   
  1  0  1  0  0  0  0  0  1  1  0
  2  2  0
   1   7
35  
  1  0  0  0  1  0  0  1  0  1  0
  2  2  0
   1   8
28  
  1  0  1  0  0  0  0  1  0  1  0
  2  2  0
   1   9
32  
  1  0  1  0  1  0  1  0  1  1  0
  2  2  0
   1  10
27  
  1  0  0  0  0  0  1  0  1  1  0
  2  2  0
   1  11
17  
  1  0  1  0  1  0  0  0  0  1  0
  2  2  0
   1  40
8   
  1  0  1  0  0  0  0  0  1  1  0
  2  2  0
   1  41
4   
  1  0  1  0  1  0  1  0  0  1  0
  2  2  0
   1  42
18  
  1  0  1  0  0  0  0  1  0  1  0
  2  2  0
   1  43
10  
  1  0  1  0  0  0  0  1  0  1  0
  2  2  0
   1  44
6   
  1  0  0  0  0  1  1  0  1  1  0
  2  2  0
   1  45
8   
  1  0  1  1  0  1  1  0  1  1  0
  2  2  0
   1  46
3   
  1  1  0  0  0  1  0  0  0  1  0
  2  2  0
   1  47
3   
  1  0  1  0  1  0  1  0  1  1  0
  2  2  0
   1  48
7   
  1  1  0  0  0  1  1  1  1  1  0
  2  2  0
   1  49
4   
  1  1  0  0  1  0  0  1  0  1  0
  2  2  0
   1  50
1   
  1  1  0  0  0  0  0  0  1  1  0
  2  2  0
   1  51
10  
  1  0  0  1  0  1  0  1  0  1  0
  1  1  0
   1  52
4   
  1  0  1  0  1  0  0  1  0  1  0
  1  1  0
   1  53
17  
  1  0  1  1  0  0  1  0  1  1  0
  1  1  0
   1  54
1   
  1  0  0  0  1  0  1  0  0  1  0
  1  1  0
   1  55
11  
  1  0  0  1  0  1  0  1  0  1  0
  1  1  0
   1  56
6   
  0  1  0  1  0  0  0  1  0  1  0
  1  1  0
   1  57
32  
  1  0  1  0  0  1  0  1  0  1  0
  1  1  0
   1  58
19  
  1  0  1  0  0  0  1  0  0  1  0
  1  1  0
   1  59
16  
  1  0  1  0  1  0  0  1  0  1  0
  1  1  0
   1  60
10  
  0  1  0  0  1  0  1  0  1  1  0
  1  1  0
   1  61
6   
  1  0  0  1  0  1  0  1  0  1  0
  1  1  0
   1  62
11  
  1  0  1  1  1  0  1  0  1  1  0
  1  1  0
   1  63
17  
  0  1  0  1  0  1  0  1  0  1  0  0
