 10  8  9  3 00  0  0  0
nn_pot
  8
  8 22
                                                9.858578    9.858578    
                                                9.858578    2.607968    
                                                9.858578    0.618807    
                                                9.858578    0.108375    
                                                9.858578    0.012875    
                                                2.607968    2.607968    
                                                2.607968    0.618807    
                                                2.607968    0.108375    
   16.713866   15.848932   11.937766    8.526469    6.198801    6.089973
    4.349722    3.106760    2.424462    2.218982    1.584893    0.948250
    0.370878    0.145057    0.056734    0.022190    0.008679    0.003394
    0.001328    0.000519    0.000203    0.000079
  1  1
          1.

  1  1
                      1.

  1  1
                                  1.

  1  1
                                              1.

  1  1
                                                          1.

  1  1
                                                                      1.

  1  1

          1.
  1  1

                      1.
  7
  7 22
                                                2.607968    0.012875    
                                                0.618807    0.618807    
                                                0.618807    0.108375    
                                                0.618807    0.012875    
                                                0.108375    0.108375    
                                                0.108375    0.012875    
                                                0.012875    0.012875    
   16.713866   15.848932   11.937766    8.526469    6.198801    6.089973
    4.349722    3.106760    2.424462    2.218982    1.584893    0.948250
    0.370878    0.145057    0.056734    0.022190    0.008679    0.003394
    0.001328    0.000519    0.000203    0.000079
  1  1
          1.

  1  1
                      1.

  1  1
                                  1.

  1  1
                                              1.

  1  1
                                                          1.

  1  1
                                                                      1.

  1  1

          1.
  8
  8 22
                                                11.934566   8.557645    
                                                11.934566   0.120833    
                                                11.225265   8.557645    
                                                11.225265   0.120833    
                                                8.987706    8.557645    
                                                8.987706    0.120833    
                                                1.989921    8.557645    
                                                1.989921    0.120833    
   16.713866   15.848932   11.937766    8.526469    6.198801    6.089973
    4.349722    3.106760    2.424462    2.218982    1.584893    0.948250
    0.370878    0.145057    0.056734    0.022190    0.008679    0.003394
    0.001328    0.000519    0.000203    0.000079
  1  1
          1.

  1  1
                      1.

  1  1
                                  1.

  1  1
                                              1.

  1  1
                                                          1.

  1  1
                                                                      1.

  1  1

          1.
  1  1

                      1.
  8
  8 22
                                                0.427165    8.557645    
                                                0.427165    0.120833    
                                                0.065305    8.557645    
                                                0.065305    0.120833    
                                                9.928161    1.917217    
                                                9.928161    0.021869    
                                                7.843962    1.917217    
                                                7.843962    0.021869    
   16.713866   15.848932   11.937766    8.526469    6.198801    6.089973
    4.349722    3.106760    2.424462    2.218982    1.584893    0.948250
    0.370878    0.145057    0.056734    0.022190    0.008679    0.003394
    0.001328    0.000519    0.000203    0.000079
  1  1
          1.

  1  1
                      1.

  1  1
                                  1.

  1  1
                                              1.

  1  1
                                                          1.

  1  1
                                                                      1.

  1  1

          1.
  1  1

                      1.
  8
  8 22
                                                2.884872    1.917217    
                                                2.884872    0.021869    
                                                0.632298    1.917217    
                                                0.632298    0.021869    
                                                0.100733    1.917217    
                                                0.100733    0.021869    
                                                0.007335    1.917217    
                                                0.007335    0.021869    
   16.713866   15.848932   11.937766    8.526469    6.198801    6.089973
    4.349722    3.106760    2.424462    2.218982    1.584893    0.948250
    0.370878    0.145057    0.056734    0.022190    0.008679    0.003394
    0.001328    0.000519    0.000203    0.000079
  1  1
          1.

  1  1
                      1.

  1  1
                                  1.

  1  1
                                              1.

  1  1
                                                          1.

  1  1
                                                                      1.

  1  1

          1.
  1  1

                      1.
  8                                                            Z1  BVs 1 - 8
  8 10
                                                23.251593   7.676988    
                                                38.901073   0.328692    
                                                0.173537    0.073962    
                                                0.041858    6.667936    
                                                9.480976    0.132015    
                                                0.043907    0.255546    
                                                0.505072    0.518697    
                                                1.473558    0.106412    
   16.961821    3.896446    1.803038    0.658122    0.466795    0.102944
    0.086101    0.040139    0.017453    0.005866
  1  1
          1.

  1  1
                      1.

  1  1
                                  1.

  1  1
                                              1.

  1  1
                                                          1.

  1  1
                                                                      1.

  1  1

          1.
  1  1

                      1.
  4                                                            Z2  BVs 9 - 12
  4 10
                                                14.791487   1.650684    
                                                0.105669    8.453852    
                                                5.956542    0.148017    
                                                8.856185    0.456835    
    2.557971   92.682365    1.678378    1.488119    0.466286    0.118706
    0.090007    0.040144    0.005851    0.001782
  1  1
          1.
  1  1
                      1.
  1  1
                                  1.
  1  1
                                              1.
  8                                                            Z3  BVs 13 - 20
  8 10
                                                4.237017    2.039443    
                                                1.047751    0.669654    
                                                16.259140   18.188036   
                                                0.036922    24.750311   
                                                1.109356    11.103822   
                                                0.977040    0.113265    
                                                0.019506    0.272978    
                                                8.014967    0.707320    
   12.369235    2.311869    8.775141    0.870995    0.411109    0.245789
    0.039524    0.045604    0.008453    0.007337
  1  1
          1.

  1  1
                      1.

  1  1
                                  1.

  1  1
                                              1.

  1  1
                                                          1.

  1  1
                                                                      1.

  1  1

          1.
  1  1

                      1.
  4                                                            Z4  BVs 21 - 24
  4 10
                                                3.996901    1.342903    
                                                0.294988    0.025926    
                                                15.521264   0.555126    
                                                10.468250   4.460322    
   12.322360    6.910115    2.655639    1.437376    0.332984    0.214539
    0.073101    0.018477    0.010406    0.005597
  1  1
          1.
  1  1
                      1.
  1  1
                                  1.
  1  1
                                              1.
