 10  8  9  3 00  0  0  0  0
nnn_pot
  7                                                            Z1  BVs 1 - 7
  7  6
                                    12.476463   
                                    4.161793    
                                    1.474776    
                                    0.365022    
                                    0.171834    
                                    0.109812    
                                    0.093045    
   16.993971    2.523663    1.856320    0.809517    0.422229    0.089896
  1  1
          1.

  1  1
                      1.

  1  1
                                  1.

  1  1
                                              1.

  1  1
                                                          1.

  1  1
                                                                      1.

  1  1

          1.
  7                                                            Z2  BVs 8 - 14
  7  6
                                    15.508498   
                                    4.609214    
                                    1.299574    
                                    0.937920    
                                    0.062311    
                                    0.060844    
                                    0.051105    
   23.390924   22.253780    7.976392    2.182124    0.236755    0.206009
  1  1
          1.

  1  1
                      1.

  1  1
                                  1.

  1  1
                                              1.

  1  1
                                                          1.

  1  1
                                                                      1.

  1  1

          1.
eob-tni/123_123
elu-tni/000_000
eob-tni/123_123
elu-tni/000_000
eob-tni/123_123
elu-tni/000_000
