 10  8  9  3 00  0  0  0  0
nnn_pot
  8                                                            Z1  BVs 1 - 8
  8  8
                                    52.410141   
                                    33.407707   
                                    18.261709   
                                    4.885708    
                                    1.836910    
                                    1.226619    
                                    0.326015    
                                    0.045248    
   10.406703    9.761710    1.735817    1.237707    0.499804    0.199127
    0.101213    0.062956
  1  1
          1.

  1  1
                      1.

  1  1
                                  1.

  1  1
                                              1.

  1  1
                                                          1.

  1  1
                                                                      1.

  1  1

          1.
  1  1

                      1.
  8                                                            Z2  BVs 9 - 16
  8  8
                                    76.622719   
                                    63.431629   
                                    29.965755   
                                    8.225537    
                                    1.934940    
                                    0.499140    
                                    0.093145    
                                    0.011490    
  501.913239    8.787813    4.210339    1.991176    1.959901    0.430536
    0.232329    0.092700
  1  1
          1.

  1  1
                      1.

  1  1
                                  1.

  1  1
                                              1.

  1  1
                                                          1.

  1  1
                                                                      1.

  1  1

          1.
  1  1

                      1.
eob-tni/t_no1_t_no1
elu-tni/000_000
eob-tni/t_no6_t_no1
elu-tni/000_000
eob-tni/t_no6_t_no6
elu-tni/000_000
