 10  8  9  3 00  0  0  0  0
nnn_pot
  8                                                            Z1  BVs 1 - 8
  8 18
                                                54.703835   2.576653    
                                                26.694288   2.295353    
                                                9.638075    1.335800    
                                                8.036485    0.242230    
                                                6.756539    0.206131    
                                                6.370425    0.143892    
                                                4.350183    0.094406    
                                                4.028238    0.013775    
   11.778726   10.278212    6.707435    2.364557    1.498420    1.384206
    1.267345    0.546893    0.271784    0.254981    0.165692    0.062928
    0.057130    0.051795    0.047578    0.024382    0.020582    0.013306
  1  1
          1.

  1  1
                      1.

  1  1
                                  1.

  1  1
                                              1.

  1  1
                                                          1.

  1  1
                                                                      1.

  1  1

          1.
  1  1

                      1.
  8                                                            Z2  BVs 9 - 16
  8 18
                                                14.265396   0.381828    
                                                12.115973   0.278801    
                                                11.740661   0.177313    
                                                8.287484    0.147727    
                                                4.843748    0.119880    
                                                4.126837    0.072305    
                                                2.720822    0.030831    
                                                0.427218    0.030205    
   23.781031   10.640516    6.420300    6.129345    5.293076    1.597377
    1.080605    0.566727    0.516908    0.265991    0.248509    0.219889
    0.133282    0.104314    0.104207    0.053558    0.032874    0.012979
  1  1
          1.

  1  1
                      1.

  1  1
                                  1.

  1  1
                                              1.

  1  1
                                                          1.

  1  1
                                                                      1.

  1  1

          1.
  1  1

                      1.
  8                                                            Z3  BVs 17 - 24
  8 18
                                                10.458285   0.595345    
                                                8.414829    0.315284    
                                                7.413234    0.227224    
                                                6.917072    0.158865    
                                                6.288504    0.077357    
                                                5.132918    0.067171    
                                                1.986014    0.062394    
                                                1.532371    0.040627    
   30.779812    7.270566    6.828795    6.421620    6.045509    2.225519
    1.667572    1.378172    0.806110    0.427213    0.342133    0.211010
    0.111760    0.093340    0.080087    0.047468    0.021015    0.016009
  1  1
          1.

  1  1
                      1.

  1  1
                                  1.

  1  1
                                              1.

  1  1
                                                          1.

  1  1
                                                                      1.

  1  1

          1.
  1  1

                      1.
  2                                                            Z4  BVs 25 - 26
  2 18
                                                0.526461    0.058295    
                                                0.131003    0.028400    
   29.975664   11.340945    9.070549    6.566516    2.462454    2.375217
    1.749366    1.337457    1.247718    0.811115    0.246288    0.229218
    0.218550    0.080507    0.060412    0.031481    0.029659    0.015950
  1  1
          1.
  1  1
                      1.
  8                                                            Z5  BVs 27 - 34
  8 18
                                                4.140350    0.412425    
                                                4.057195    0.352428    
                                                2.570709    0.320435    
                                                2.305046    0.306569    
                                                1.185726    0.140379    
                                                0.960946    0.107554    
                                                0.861071    0.085032    
                                                0.435216    0.079593    
   11.542781    9.095459    4.482852    4.339200    3.123508    2.887040
    1.778975    0.901906    0.458767    0.444663    0.421675    0.128585
    0.125931    0.090751    0.073065    0.040691    0.028812    0.001640
  1  1
          1.

  1  1
                      1.

  1  1
                                  1.

  1  1
                                              1.

  1  1
                                                          1.

  1  1
                                                                      1.

  1  1

          1.
  1  1

                      1.
  8                                                            Z6  BVs 35 - 42
  8 18
                                                14.027580   0.478074    
                                                12.353558   0.222049    
                                                6.383579    0.176473    
                                                3.328688    0.175825    
                                                1.969829    0.163208    
                                                1.965179    0.053174    
                                                0.855764    0.036250    
                                                0.758188    0.032017    
    9.523922    8.120829    4.482481    3.681585    1.316572    0.944875
    0.839406    0.636436    0.532894    0.395843    0.285491    0.111304
    0.105905    0.053042    0.041989    0.028373    0.013115    0.008475
  1  1
          1.

  1  1
                      1.

  1  1
                                  1.

  1  1
                                              1.

  1  1
                                                          1.

  1  1
                                                                      1.

  1  1

          1.
  1  1

                      1.
  8                                                            Z7  BVs 43 - 50
  8 18
                                                15.800282   1.478071    
                                                9.731561    1.400875    
                                                8.520577    0.369549    
                                                7.994317    0.266525    
                                                6.190412    0.192670    
                                                5.187808    0.152549    
                                                3.478397    0.089298    
                                                1.974622    0.042327    
   10.499878    9.742902    8.822447    5.352939    4.664589    2.185565
    2.029281    1.570631    1.078261    0.801826    0.692797    0.583583
    0.393776    0.332858    0.088689    0.073734    0.050999    0.028447
  1  1
          1.

  1  1
                      1.

  1  1
                                  1.

  1  1
                                              1.

  1  1
                                                          1.

  1  1
                                                                      1.

  1  1

          1.
  1  1

                      1.
  2                                                            Z8  BVs 51 - 52
  2 18
                                                17.823011   11.273646   
                                                11.693671   8.462987    
   28.357246   14.616835   12.101253    6.117156    6.089973    4.700595
    1.799481    1.428389    0.981270    0.641390    0.633167    0.295832
    0.140465    0.090278    0.052275    0.052146    0.042673    0.030325
  1  1
          1.
  1  1
                      1.
eob-tni/np3s_np3s_12-34_np3s_np3s_12-34
elu-tni/000-0_000-0
eob-tni/np3s_np3s_12-34_np3s_np3s_12-34
elu-tni/000-0_000-0
eob-tni/np3s_np3s_12-34_np3s_np3s_12-34
elu-tni/000-0_000-0
eob-tni/np3s_np3s_12-34_np3s_np3s_12-34
elu-tni/000-0_000-0
eob-tni/np3s_np3s_12-34_np3s_np3s_12-34
elu-tni/000-0_000-0
eob-tni/np3s_np3s_12-34_np3s_np3s_12-34
elu-tni/000-0_000-0
eob-tni/np3s_np3s_12-34_np3s_np3s_12-34
elu-tni/000-0_000-0
eob-tni/np3s_np3s_12-34_np3s_np3s_12-34
elu-tni/000-0_000-0
eob-tni/np3s_np3s_12-34_np3s_np3s_12-34
elu-tni/000-0_000-0
eob-tni/np3s_np3s_12-34_np3s_np3s_12-34
elu-tni/000-0_000-0
eob-tni/tp_123-4_np3s_np3s_12-34
elu-tni/000-0_000-0
eob-tni/tp_123-4_np3s_np3s_12-34
elu-tni/000-0_000-0
eob-tni/tp_123-4_np3s_np3s_12-34
elu-tni/000-0_000-0
eob-tni/tp_123-4_np3s_np3s_12-34
elu-tni/000-0_000-0
eob-tni/tp_123-4_tp_123-4
elu-tni/000-0_000-0
eob-tni/tp_123-4_np3s_np3s_12-34
elu-tni/000-0_000-0
eob-tni/tp_123-4_np3s_np3s_12-34
elu-tni/000-0_000-0
eob-tni/tp_123-4_np3s_np3s_12-34
elu-tni/000-0_000-0
eob-tni/tp_123-4_np3s_np3s_12-34
elu-tni/000-0_000-0
eob-tni/tp_123-4_tp_123-4
elu-tni/000-0_000-0
eob-tni/tp_123-4_tp_123-4
elu-tni/000-0_000-0
eob-tni/tp_123-4_np3s_np3s_12-34
elu-tni/000-0_000-0
eob-tni/tp_123-4_np3s_np3s_12-34
elu-tni/000-0_000-0
eob-tni/tp_123-4_np3s_np3s_12-34
elu-tni/000-0_000-0
eob-tni/tp_123-4_np3s_np3s_12-34
elu-tni/000-0_000-0
eob-tni/tp_123-4_tp_123-4
elu-tni/000-0_000-0
eob-tni/tp_123-4_tp_123-4
elu-tni/000-0_000-0
eob-tni/tp_123-4_tp_123-4
elu-tni/000-0_000-0
eob-tni/tp_123-4_np3s_np3s_12-34
elu-tni/000-0_000-0
eob-tni/tp_123-4_np3s_np3s_12-34
elu-tni/000-0_000-0
eob-tni/tp_123-4_np3s_np3s_12-34
elu-tni/000-0_000-0
eob-tni/tp_123-4_np3s_np3s_12-34
elu-tni/000-0_000-0
eob-tni/tp_123-4_tp_123-4
elu-tni/000-0_000-0
eob-tni/tp_123-4_tp_123-4
elu-tni/000-0_000-0
eob-tni/tp_123-4_tp_123-4
elu-tni/000-0_000-0
eob-tni/tp_123-4_tp_123-4
elu-tni/000-0_000-0
