 10  8  9  3 00  0  0  0  0
/home/johannesk/kette_repo/limit_cycles/src_python/../systems/2np1s/6.00/nnn_pot
  8                                                            Z1  BVs 1 - 8
  8  8
                                    15.663943   
                                    9.784970    
                                    8.525373    
                                    4.041143    
                                    1.379506    
                                    0.706404    
                                    0.425041    
                                    0.101841    
    8.463522    4.643228    1.615341    0.505291    0.314483    0.099106
    0.060501    0.014587
  1  1
          1.

  1  1
                      1.

  1  1
                                  1.

  1  1
                                              1.

  1  1
                                                          1.

  1  1
                                                                      1.

  1  1

          1.
  1  1

                      1.
  8                                                            Z2  BVs 9 - 16
  8  8
                                    10.009156   
                                    9.848480    
                                    8.088892    
                                    4.348722    
                                    3.716622    
                                    0.994865    
                                    0.994802    
                                    0.346170    
   10.570239    8.373634    5.777084    1.299459    0.935545    0.510357
    0.280238    0.118635
  1  1
          1.

  1  1
                      1.

  1  1
                                  1.

  1  1
                                              1.

  1  1
                                                          1.

  1  1
                                                                      1.

  1  1

          1.
  1  1

                      1.
eob-tni/t_no1_t_no1
elu-tni/000_000
eob-tni/t_no6_t_no1
elu-tni/000_000
eob-tni/t_no6_t_no6
elu-tni/000_000
