 10  8  9  3 00  0  0  0  0
nnn_pot
  8                                                            Z1  BVs 1 - 8
  8 10
                                                10.758183   7.642601    
                                                6.852222    3.862711    
                                                3.199513    2.442652    
                                                0.745260    0.577937    
                                                0.538415    0.346940    
                                                0.183721    0.116101    
                                                0.087480    0.029027    
                                                0.010192    0.001396    
   29.841661    3.300365    3.012780    1.130923    1.100045    0.267880
    0.057669    0.026899    0.022993    0.015458
  1  1
          1.

  1  1
                      1.

  1  1
                                  1.

  1  1
                                              1.

  1  1
                                                          1.

  1  1
                                                                      1.

  1  1

          1.
  1  1

                      1.
  8                                                            Z2  BVs 9 - 16
  8 10
                                                183.564102  7.874074    
                                                5.737248    0.839075    
                                                0.774564    0.553059    
                                                0.213632    0.188899    
                                                0.140067    0.140066    
                                                0.096109    0.043546    
                                                0.043531    0.028248    
                                                0.006007    0.003673    
   23.433863    6.608293    2.005679    1.282296    0.205595    0.160315
    0.104343    0.014985    0.008732    0.006523
  1  1
          1.

  1  1
                      1.

  1  1
                                  1.

  1  1
                                              1.

  1  1
                                                          1.

  1  1
                                                                      1.

  1  1

          1.
  1  1

                      1.
  8                                                            Z3  BVs 17 - 24
  8 10
                                                9.617470    7.999655    
                                                4.808389    2.996074    
                                                1.778885    1.134200    
                                                1.127612    0.668721    
                                                0.500886    0.413705    
                                                0.119691    0.072481    
                                                0.027786    0.007351    
                                                0.006674    0.003372    
    9.917711    3.611742    3.051347    0.890171    0.587747    0.105136
    0.095286    0.015091    0.009964    0.007576
  1  1
          1.

  1  1
                      1.

  1  1
                                  1.

  1  1
                                              1.

  1  1
                                                          1.

  1  1
                                                                      1.

  1  1

          1.
  1  1

                      1.
  8                                                            Z4  BVs 25 - 32
  8 10
                                                16.288509   12.206820   
                                                11.432368   10.144306   
                                                9.588942    7.926223    
                                                6.988564    2.725166    
                                                0.759821    0.087570    
                                                0.087508    0.086963    
                                                0.041255    0.041255    
                                                0.030223    0.013694    
   17.630377    4.624816    4.025243    4.025182    2.518057    0.105146
    0.095531    0.020083    0.013089    0.007057
  1  1
          1.

  1  1
                      1.

  1  1
                                  1.

  1  1
                                              1.

  1  1
                                                          1.

  1  1
                                                                      1.

  1  1

          1.
  1  1

                      1.
eob-tni/np3s_np3s_12-34_np3s_np3s_12-34
elu-tni/000-0_000-0
eob-tni/np3s_np3s_12-34_np3s_np3s_12-34
elu-tni/000-0_000-0
eob-tni/np3s_np3s_12-34_np3s_np3s_12-34
elu-tni/000-0_000-0
eob-tni/tp_123-4_np3s_np3s_12-34
elu-tni/000-0_000-0
eob-tni/tp_123-4_np3s_np3s_12-34
elu-tni/000-0_000-0
eob-tni/tp_123-4_tp_123-4
elu-tni/000-0_000-0
eob-tni/tp_123-4_np3s_np3s_12-34
elu-tni/000-0_000-0
eob-tni/tp_123-4_np3s_np3s_12-34
elu-tni/000-0_000-0
eob-tni/tp_123-4_tp_123-4
elu-tni/000-0_000-0
eob-tni/tp_123-4_tp_123-4
elu-tni/000-0_000-0
