 11  2 12 31  1  1 +2  0  0 -1
  1  1  1  1  0  0  0  0  0  0  0  0  0  0  1  1
   0.0000000   1.0000000   1.0000000   1.0000000   1.0000000   1.0000000   1.0000000
   1.0000000   1.0000000   1.0000000   1.0000000   1.0000000   1.0000000   1.0000000
   1.0000000   1.0000000   1.0000000   1.0000000   1.0000000   1.0000000   1.0000000
   1.0000000   1.0000000   1.0000000   1.0000000   1.0000000   1.0000000   1.0000000
   1.0000000   1.0000000
   0  51   0   0   0   1
 276
2.275368936         
1.172637456         
0.669646776         
0.250418209         
1.172637456         
0.604332151         
0.345110140         
0.129055894         
0.669646776         
0.345110140         
0.197078723         
0.073698706         
0.250418209         
0.129055894         
0.073698706         
0.027560049         
2.275368936         
2.345274912         
1.339293551         
0.500836418         
0.604332151         
0.690220280         
0.258111787         
0.197078723         
0.147397412         
0.027560049         
2.275368977         
2.345274954         
1.339293575         
0.500836427         
0.604332162         
0.690220292         
0.258111792         
0.197078726         
0.147397415         
0.027560049         
-0.134281600        
2.270969000         
0.546492700         
-0.746098000        
-0.206871800        
0.562306500         
-13.202070000       
-6.432202000        
2.551980000         
0.676042000         
-0.438466400        
11.727260000        
3.269891000         
-2.059131000        
-0.578075300        
0.016390400         
-0.115836200        
0.192906200         
-0.100894900        
-0.002613992        
0.000950793         
-0.002974796        
-0.096191210        
-0.176513500        
-0.047417320        
-0.000206044        
0.000838406         
0.016226900         
-0.014249380        
-0.003668616        
3.009115000         
-0.335771200        
-0.171491400        
-0.020568930        
0.000007600         
-0.137824200        
-0.041132750        
-0.117728200        
-0.015475120        
-0.000001823        
-0.007289335        
0.012967280         
-0.037405960        
-0.006091701        
-0.000007887        
-0.002058708        
-0.001771863        
-0.002686449        
-0.001049881        
-0.000002614        
0.000143133         
0.001802383         
-0.003116166        
-0.000946706        
-0.000017673        
-0.000117504        
-0.001245288        
0.002115938         
0.000483129         
0.000015399         
1.246271000         
-0.966377500        
0.122210900         
-0.000435375        
0.008373150         
-0.715170700        
-0.947522200        
0.602451700         
0.477025200         
0.011062570         
-0.035083010        
-2.457633000        
-0.314926100        
0.642722600         
0.019787980         
-0.030073090        
0.580081000         
-0.024884390        
-0.357320600        
0.019532290         
0.020716130         
-0.242584000        
-0.083961880        
0.201130500         
-0.007272766        
-0.000206454        
0.001702781         
0.005671730         
0.006740350         
0.004897529         
-1.368019000        
1.367766000         
0.184560900         
0.065588140         
0.002442479         
-1.649847000        
3.596303000         
0.269475800         
-0.948432800        
-0.001884608        
0.201679000         
0.217566400         
0.145301700         
0.046159630         
0.002537004         
0.039855240         
-0.374392300        
0.098800160         
0.237063100         
-0.000237957        
0.000487937         
-0.000520421        
-0.001734478        
0.007265172         
0.000069618         
-0.000013512        
0.000013496         
0.000004793         
-0.000012507        
0.000003179         
-0.134281600        
2.270969000         
0.546492700         
-0.746098000        
-0.206871800        
0.562306500         
-13.202070000       
-6.432202000        
2.551980000         
0.676042000         
-0.438466400        
11.727260000        
3.269891000         
-2.059131000        
-0.578075300        
0.016390400         
-0.115836200        
0.192906200         
-0.100894900        
-0.002613992        
0.000950793         
-0.002974796        
-0.096191210        
-0.176513500        
-0.047417320        
-0.000206044        
0.000838406         
0.016226900         
-0.014249380        
-0.003668616        
3.009115000         
-0.335771200        
-0.171491400        
-0.020568930        
0.000007600         
-0.137824200        
-0.041132750        
-0.117728200        
-0.015475120        
-0.000001823        
-0.007289335        
0.012967280         
-0.037405960        
-0.006091701        
-0.000007887        
-0.002058708        
-0.001771863        
-0.002686449        
-0.001049881        
-0.000002614        
0.000143133         
0.001802383         
-0.003116166        
-0.000946706        
-0.000017673        
-0.000117504        
-0.001245288        
0.002115938         
0.000483129         
0.000015399         
1.246271000         
-0.966377500        
0.122210900         
-0.000435375        
0.008373150         
-0.715170700        
-0.947522200        
0.602451700         
0.477025200         
0.011062570         
-0.035083010        
-2.457633000        
-0.314926100        
0.642722600         
0.019787980         
-0.030073090        
0.580081000         
-0.024884390        
-0.357320600        
0.019532290         
0.020716130         
-0.242584000        
-0.083961890        
0.201130500         
-0.007272766        
-0.000206454        
0.001702781         
0.005671730         
0.006740350         
0.004897529         
-1.368019000        
1.367766000         
0.184560900         
0.065588140         
0.002442479         
-1.649847000        
3.596303000         
0.269475800         
-0.948432800        
-0.001884608        
0.201679000         
0.217566400         
0.145301700         
0.046159630         
0.002537004         
0.039855240         
-0.374392300        
0.098800160         
0.237063100         
-0.000237957        
0.000487937         
-0.000520421        
-0.001734478        
0.007265172         
0.000069618         
-0.000013512        
0.000013496         
0.000004793         
-0.000012507        
0.000003179         
  2  2  0
  10  27  28  29  30  31  32  33  34  35  36
  27  28  29  30  31  32  33  34  35  36
  1  1  1  1  1  1  1  1  1  1  1  1  1  1  1  1  1  1  1  1  1  1  1  1  1
  0  0  0
  10  17  18  19  20  21  22  23  24  25  26
  17  18  19  20  21  22  23  24  25  26
  1  1  1  1  1  1  1  1  1  1  1  1  1  1  1  1  1  1  1  1  1  1  1  1  1
  0  0  0
  16   1   2   3   4   5   6   7   8   9  10  11  12  13  14  15  16
   1   2   3   4   5   6   7   8   9  10  11  12  13  14  15  16
  1  1  1  1  1  1  1  1  1  1  1  1  1  1  1  1  1  1  1  1  1  1  1  1  1
  0  0  0 -1
   1   1
175 
  1  0  1  0  1  0  1  0  0
  0  0  0
   1   2
25  
  1  0  1  0  1  0  1  0  0
  0  0  0
   1   3
133 
  1  0  1  0  1  0  1  0  0
  0  0  0
   1   4
44  
  1  0  1  0  1  0  1  0  0
  0  0  0
   1   5
18  
  1  0  1  0  1  0  1  0  0
  0  0  0
   1   6
49  
  1  0  1  0  1  0  1  0  0
  0  0  0
   1   7
28  
  1  0  1  0  1  0  1  0  0
  0  0  0
   1   8
34  
  1  0  1  0  1  0  1  0  0
  0  0  0
   1   9
97  
  1  0  1  0  1  0  1  0  0
  0  0  0
   1  10
175 
  1  0  1  0  1  0  1  0  0
  0  0  0
   1  11
25  
  1  0  1  0  1  0  1  0  0
  0  0  0
   1  17
32  
  1  0  1  0  1  0  1  0  0
  0  0  0
   1  18
43  
  1  0  1  0  1  0  1  0  0
  0  0  0
   1  19
158 
  1  0  1  0  1  0  1  0  0
  0  0  0
   1  20
257 
  1  0  1  0  1  0  1  0  0
  0  0  0
   1  21
32  
  1  0  1  0  1  0  1  0  0
  2  2  0
   1  27
23  
  1  0  1  0  1  0  1  0  0
  2  2  0
   1  28
50  
  1  0  1  0  1  0  1  0  0
  2  2  0
   1  29
10  
  1  0  1  0  1  0  1  0  0
  2  2  0
   1  30
170 
  1  0  1  0  1  0  1  0  0
  2  2  0
   1  31
115 
  1  0  1  0  1  0  1  0  0
  1  1  0
   1  37
69  
  1  0  1  0  1  0  1  0  0
  1  1  0
   1  38
170 
  1  0  1  0  1  0  1  0  0
  1  1  0
   1  39
170 
  1  0  1  0  1  0  1  0  0
  1  1  0
   1  40
110 
  1  0  1  0  1  0  1  0  0
  1  1  0
   1  41
219 
  1  0  1  0  1  0  1  0  0
  1  1  0
   1  42
43  
  1  0  1  0  1  0  1  0  0
  1  1  0
   1  43
14  
  1  0  1  0  1  0  1  0  0
  1  1  0
   1  44
169 
  1  0  1  0  1  0  1  0  0
  1  1  0
   1  45
4   
  1  0  1  0  1  0  1  0  0
  1  1  0
   1  46
99  
  1  0  1  0  1  0  1  0  0
  1  1  0
   1  47
33  
  1  0  1  0  1  0  1  0  0
  1  1  0
   1  48
192 
  1  0  1  0  1  0  1  0  0
  1  1  0
   1  49
228 
  1  0  1  0  1  0  1  0  0
  1  1  0
   1  50
14  
  1  0  1  0  1  0  1  0  0
  1  1  0
   1  51
9   
  1  0  1  0  1  0  1  0  0
  1  1  0
   1  52
43  
  1  0  1  0  1  0  1  0  0
  1  1  0
   1  53
7   
  1  0  1  0  1  0  1  0  0
  1  1  0
   1  54
240 
  1  0  1  0  1  0  1  0  0
  1  1  0
   1  55
259 
  1  0  1  0  1  0  1  0  0
  1  1  0
   1  56
138 
  1  0  1  0  1  0  1  0  0
  1  1  0
   1  57
249 
  1  0  1  0  1  0  1  0  0
  1  1  0
   1  58
47  
  1  0  1  0  1  0  1  0  0
  1  1  0
   1  59
6   
  1  0  1  0  1  0  1  0  0
  1  1  0
   1  60
23  
  1  0  1  0  1  0  1  0  0
  1  1  0
   1  61
258 
  1  0  1  0  1  0  1  0  0
  1  1  0
   1  62
233 
  1  0  1  0  1  0  1  0  0
  1  1  0
   1  63
128 
  1  0  1  0  1  0  1  0  0
  1  1  0
   1  64
162 
  1  0  1  0  1  0  1  0  0
  1  1  0
   1  65
225 
  1  0  1  0  1  0  1  0  0
  1  1  0
   1  66
44  
  1  0  1  0  1  0  1  0  0
  1  1  0
   1  67
19  
  1  0  1  0  1  0  1  0  0
  1  1  0
   1  68
19  
  1  0  1  0  1  0  1  0  0
  1  1  0
   1  69
248 
  1  0  1  0  1  0  1  0  0
  1  1  0
   1  70
47  
  1  0  1  0  1  0  1  0  0
  1  1  0
   1  71
48  
  1  0  1  0  1  0  1  0  0
  1  1  0
   1  72
224 
  1  0  1  0  1  0  1  0  0
  1  1  0
   1  73
46  
  1  0  1  0  1  0  1  0  0
  1  1  0
   1  74
98  
  1  0  1  0  1  0  1  0  0
  1  1  0
   1  75
170 
  1  0  1  0  1  0  1  0  0
  1  1  0
   1  76
105 
  1  0  1  0  1  0  1  0  0
  1  1  0
   1  77
11  
  1  0  1  0  1  0  1  0  0
  1  1  0
   1  78
109 
  1  0  1  0  1  0  1  0  0
  1  1  0
   1  79
8   
  1  0  1  0  1  0  1  0  0
  1  1  0
   1  80
28  
  1  0  1  0  1  0  1  0  0
  1  1  0
   1  81
18  
  1  0  1  0  1  0  1  0  0
  1  1  0
   1  82
115 
  1  0  1  0  1  0  1  0  0
  1  1  0
   1  83
167 
  1  0  1  0  1  0  1  0  0
  1  1  0
   1  84
170 
  1  0  1  0  1  0  1  0  0
  1  1  0
   1  85
41  
  1  0  1  0  1  0  1  0  0
  1  1  0
   1  86
163 
  1  0  1  0  1  0  1  0  0
  1  1  0
   1  87
17  
  1  0  1  0  1  0  1  0  0
  1  1  0
   1  88
43  
  1  0  1  0  1  0  1  0  0
  1  1  0
   1  89
187 
  1  0  1  0  1  0  1  0  0
  1  1  0
   1  90
4   
  1  0  1  0  1  0  1  0  0
  1  1  0
   1  91
53  
  1  0  1  0  1  0  1  0  0
  1  1  0
   1  92
145 
  1  0  1  0  1  0  1  0  0
  1  1  0
   1  93
253 
  1  0  1  0  1  0  1  0  0
  1  1  0
   1  94
97  
  1  0  1  0  1  0  1  0  0
  1  1  0
   1  95
133 
  1  0  1  0  1  0  1  0  0
  1  1  0
   1  96
33  
  1  0  1  0  1  0  1  0  0
  1  1  0
   1  97
160 
  1  0  1  0  1  0  1  0  0
  1  1  0
   1  98
17  
  1  0  1  0  1  0  1  0  0
  1  1  0
   1  99
257 
  1  0  1  0  1  0  1  0  0
  1  1  0
   1 100
225 
  1  0  1  0  1  0  1  0  0
  1  1  0
   1 101
247 
  1  0  1  0  1  0  1  0  0
  1  1  0
   1 102
145 
  1  0  1  0  1  0  1  0  0
  1  1  0
   1 103
159 
  1  0  1  0  1  0  1  0  0
  1  1  0
   1 104
102 
  1  0  1  0  1  0  1  0  0
  1  1  0
   1 105
175 
  1  0  1  0  1  0  1  0  0
  1  1  0
   1 106
5   
  1  0  1  0  1  0  1  0  0
  1  1  0
   1 107
105 
  1  0  1  0  1  0  1  0  0
  1  1  0
   1 108
105 
  1  0  1  0  1  0  1  0  0
  1  1  0
   1 109
72  
  1  0  1  0  1  0  1  0  0
  1  1  0
   1 110
28  
  1  0  1  0  1  0  1  0  0
  1  1  0
   1 111
3   
  1  0  1  0  1  0  1  0  0
  1  1  0
   1 112
99  
  1  0  1  0  1  0  1  0  0
  1  1  0
   1 113
169 
  1  0  1  0  1  0  1  0  0
  1  1  0
   1 114
253 
  1  0  1  0  1  0  1  0  0
  1  1  0
   1 115
165 
  1  0  1  0  1  0  1  0  0
  1  1  0
   1 116
189 
  1  0  1  0  1  0  1  0  0
  1  1  0
   1 117
44  
  1  0  1  0  1  0  1  0  0
  1  1  0
   1 118
110 
  1  0  1  0  1  0  1  0  0
  1  1  0
   1 119
47  
  1  0  1  0  1  0  1  0  0
  1  1  0
   1 120
218 
  1  0  1  0  1  0  1  0  0
  1  1  0
   1 121
222 
  1  0  1  0  1  0  1  0  0
  1  1  0
   1 122
161 
  1  0  1  0  1  0  1  0  0
  1  1  0
   1 123
32  
  1  0  1  0  1  0  1  0  0
  1  1  0
   1 124
135 
  1  0  1  0  1  0  1  0  0
  1  1  0
   1 125
187 
  1  0  1  0  1  0  1  0  0
  1  1  0
   1 126
157 
  1  0  1  0  1  0  1  0  0
  1  1  0
   1 127
13  
  1  0  1  0  1  0  1  0  0
  1  1  0
   1 128
160 
  1  0  1  0  1  0  1  0  0
  1  1  0
   1 129
233 
  1  0  1  0  1  0  1  0  0
  1  1  0
   1 130
188 
  1  0  1  0  1  0  1  0  0
  1  1  0
   1 131
48  
  1  0  1  0  1  0  1  0  0
  1  1  0
   1 132
263 
  1  0  1  0  1  0  1  0  0
  1  1  0
   1 133
39  
  1  0  1  0  1  0  1  0  0
  1  1  0
   1 134
171 
  1  0  1  0  1  0  1  0  0
  1  1  0
   1 135
233 
  1  0  1  0  1  0  1  0  0
  1  1  0
   1 136
137 
  1  0  1  0  1  0  1  0  0
  1  1  0
   1 137
32  
  1  0  1  0  1  0  1  0  0
  1  1  0
   1 138
35  
  1  0  1  0  1  0  1  0  0
  1  1  0
   1 139
98  
  1  0  1  0  1  0  1  0  0
  1  1  0
   1 140
47  
  1  0  1  0  1  0  1  0  0
  1  1  0
   1 141
225 
  1  0  1  0  1  0  1  0  0
  1  1  0
   1 142
159 
  1  0  1  0  1  0  1  0  0
  1  1  0
   1 143
10  
  1  0  1  0  1  0  1  0  0
  1  1  0
   1 144
44  
  1  0  1  0  1  0  1  0  0
  1  1  0
   1 145
163 
  1  0  1  0  1  0  1  0  0
  1  1  0
   1 146
169 
  1  0  1  0  1  0  1  0  0
  1  1  0
   1 147
72  
  1  0  1  0  1  0  1  0  0
  1  1  0
   1 148
115 
  1  0  1  0  1  0  1  0  0
  1  1  0
   1 149
127 
  1  0  1  0  1  0  1  0  0
  1  1  0
   1 150
223 
  1  0  1  0  1  0  1  0  0
  1  1  0
   1 151
249 
  1  0  1  0  1  0  1  0  0
  1  1  0
   1 157
255 
  1  0  1  0  1  0  1  0  0
  1  1  0
   1 158
60  
  1  0  1  0  1  0  1  0  0
  1  1  0
   1 159
33  
  1  0  1  0  1  0  1  0  0
  1  1  0
   1 160
51  
  1  0  1  0  1  0  1  0  0
  1  1  0
   1 161
43  
  1  0  1  0  1  0  1  0  0
  1  1  0
   1 162
22  
  1  0  1  0  1  0  1  0  0
  1  1  0
   1 163
263 
  1  0  1  0  1  0  1  0  0
  1  1  0
   1 164
11  
  1  0  1  0  1  0  1  0  0
  1  1  0
   1 165
166 
  1  0  1  0  1  0  1  0  0
  1  1  0
   1 166
5   
  1  0  1  0  1  0  1  0  0
  1  1  0
   1 167
161 
  1  0  1  0  1  0  1  0  0
  1  1  0
   1 168
7   
  1  0  1  0  1  0  1  0  0
  1  1  0
   1 169
223 
  1  0  1  0  1  0  1  0  0
  1  1  0
   1 170
159 
  1  0  1  0  1  0  1  0  0
  1  1  0
   1 171
44  
  1  0  1  0  1  0  1  0  0
  1  1  0
   1 172
109 
  1  0  1  0  1  0  1  0  0
  1  1  0
   1 173
49  
  1  0  1  0  1  0  1  0  0
  1  1  0
   1 174
194 
  1  0  1  0  1  0  1  0  0
  1  1  0
   1 175
145 
  1  0  1  0  1  0  1  0  0
  1  1  0
   1 176
28  
  1  0  1  0  1  0  1  0  0
  1  1  0
   1 177
105 
  1  0  1  0  1  0  1  0  0
  1  1  0
   1 178
118 
  1  0  1  0  1  0  1  0  0
  1  1  0
   1 179
228 
  1  0  1  0  1  0  1  0  0
  1  1  0
   1 180
103 
  1  0  1  0  1  0  1  0  0
  1  1  0
   1 181
6   
  1  0  1  0  1  0  1  0  0
  1  1  0
   1 182
21  
  1  0  1  0  1  0  1  0  0
  1  1  0
   1 183
17  
  1  0  1  0  1  0  1  0  0
  1  1  0
   1 184
143 
  1  0  1  0  1  0  1  0  0
  1  1  0
   1 185
133 
  1  0  1  0  1  0  1  0  0
  1  1  0
   1 186
6   
  1  0  1  0  1  0  1  0  0
  1  1  0
   1 187
20  
  1  0  1  0  1  0  1  0  0
  1  1  0
   1 188
10  
  1  0  1  0  1  0  1  0  0
  1  1  0
   1 189
166 
  1  0  1  0  1  0  1  0  0
  1  1  0
   1 190
180 
  1  0  1  0  1  0  1  0  0
  1  1  0
   1 191
29  
  1  0  1  0  1  0  1  0  0
  1  1  0
   1 192
137 
  1  0  1  0  1  0  1  0  0
  1  1  0
   1 193
161 
  1  0  1  0  1  0  1  0  0
  1  1  0
   1 194
258 
  1  0  1  0  1  0  1  0  0
  1  1  0
   1 195
259 
  1  0  1  0  1  0  1  0  0
  1  1  0
   1 196
6   
  1  0  1  0  1  0  1  0  0
  1  1  0
   1 197
28  
  1  0  1  0  1  0  1  0  0
  1  1  0
   1 198
173 
  1  0  1  0  1  0  1  0  0
  1  1  0
   1 199
252 
  1  0  1  0  1  0  1  0  0
  1  1  0
   1 200
9   
  1  0  1  0  1  0  1  0  0
  1  1  0
   1 201
162 
  1  0  1  0  1  0  1  0  0
  1  1  0
   1 202
99  
  1  0  1  0  1  0  1  0  0
  1  1  0
   1 203
34  
  1  0  1  0  1  0  1  0  0
  1  1  0
   1 204
235 
  1  0  1  0  1  0  1  0  0
  1  1  0
   1 205
222 
  1  0  1  0  1  0  1  0  0
  1  1  0
   1 206
257 
  1  0  1  0  1  0  1  0  0
  1  1  0
   1 207
259 
  1  0  1  0  1  0  1  0  0
  1  1  0
   1 208
50  
  1  0  1  0  1  0  1  0  0
  1  1  0
   1 209
43  
  1  0  1  0  1  0  1  0  0
  1  1  0
   1 210
39  
  1  0  1  0  1  0  1  0  0
  1  1  0
   1 211
25  
  1  0  1  0  1  0  1  0  0
  1  1  0
   1 212
68  
  1  0  1  0  1  0  1  0  0
  1  1  0
   1 213
169 
  1  0  1  0  1  0  1  0  0
  1  1  0
   1 214
115 
  1  0  1  0  1  0  1  0  0
  1  1  0
   1 215
253 
  1  0  1  0  1  0  1  0  0
  1  1  0
   1 216
69  
  1  0  1  0  1  0  1  0  0
  1  1  0
   1 217
33  
  1  0  1  0  1  0  1  0  0
  1  1  0
   1 218
29  
  1  0  1  0  1  0  1  0  0
  1  1  0
   1 219
9   
  1  0  1  0  1  0  1  0  0
  1  1  0
   1 220
34  
  1  0  1  0  1  0  1  0  0
  1  1  0
   1 221
108 
  1  0  1  0  1  0  1  0  0
  1  1  0
   1 222
170 
  1  0  1  0  1  0  1  0  0
  1  1  0
   1 223
74  
  1  0  1  0  1  0  1  0  0
  1  1  0
   1 224
69  
  1  0  1  0  1  0  1  0  0
  1  1  0
   1 225
103 
  1  0  1  0  1  0  1  0  0
  1  1  0
   1 226
192 
  1  0  1  0  1  0  1  0  0
  1  1  0
   1 227
6   
  1  0  1  0  1  0  1  0  0
  1  1  0
   1 228
157 
  1  0  1  0  1  0  1  0  0
  1  1  0
   1 229
49  
  1  0  1  0  1  0  1  0  0
  1  1  0
   1 230
25  
  1  0  1  0  1  0  1  0  0
  1  1  0
   1 231
240 
  1  0  1  0  1  0  1  0  0
  1  1  0
   1 232
115 
  1  0  1  0  1  0  1  0  0
  1  1  0
   1 233
35  
  1  0  1  0  1  0  1  0  0
  1  1  0
   1 234
192 
  1  0  1  0  1  0  1  0  0
  1  1  0
   1 235
138 
  1  0  1  0  1  0  1  0  0
  1  1  0
   1 236
69  
  1  0  1  0  1  0  1  0  0
  1  1  0
   1 237
22  
  1  0  1  0  1  0  1  0  0
  1  1  0
   1 238
40  
  1  0  1  0  1  0  1  0  0
  1  1  0
   1 239
118 
  1  0  1  0  1  0  1  0  0
  1  1  0
   1 240
72  
  1  0  1  0  1  0  1  0  0
  1  1  0
   1 241
48  
  1  0  1  0  1  0  1  0  0
  1  1  0
   1 242
223 
  1  0  1  0  1  0  1  0  0
  1  1  0
   1 243
43  
  1  0  1  0  1  0  1  0  0
  1  1  0
   1 244
257 
  1  0  1  0  1  0  1  0  0
  1  1  0
   1 245
18  
  1  0  1  0  1  0  1  0  0
  1  1  0
   1 246
263 
  1  0  1  0  1  0  1  0  0
  1  1  0
   1 247
225 
  1  0  1  0  1  0  1  0  0
  1  1  0
   1 248
240 
  1  0  1  0  1  0  1  0  0
  1  1  0
   1 249
109 
  1  0  1  0  1  0  1  0  0
  1  1  0
   1 250
118 
  1  0  1  0  1  0  1  0  0
  1  1  0
   1 251
1   
  1  0  1  0  1  0  1  0  0
  1  1  0
   1 252
11  
  1  0  1  0  1  0  1  0  0
  1  1  0
   1 253
240 
  1  0  1  0  1  0  1  0  0
  1  1  0
   1 254
34  
  1  0  1  0  1  0  1  0  0
  1  1  0
   1 255
229 
  1  0  1  0  1  0  1  0  0
  1  1  0
   1 256
158 
  1  0  1  0  1  0  1  0  0
  1  1  0
   1 257
60  
  1  0  1  0  1  0  1  0  0
  1  1  0
   1 258
37  
  1  0  1  0  1  0  1  0  0
  1  1  0
   1 259
37  
  1  0  1  0  1  0  1  0  0
  1  1  0
   1 260
35  
  1  0  1  0  1  0  1  0  0
  1  1  0
   1 261
230 
  1  0  1  0  1  0  1  0  0
  1  1  0
   1 262
265 
  1  0  1  0  1  0  1  0  0
  1  1  0
   1 263
240 
  1  0  1  0  1  0  1  0  0
  1  1  0
   1 264
7   
  1  0  1  0  1  0  1  0  0
  1  1  0
   1 265
54  
  1  0  1  0  1  0  1  0  0
  1  1  0
   1 266
109 
  1  0  1  0  1  0  1  0  0
  1  1  0
   1 267
165 
  1  0  1  0  1  0  1  0  0
  1  1  0
   1 268
257 
  1  0  1  0  1  0  1  0  0
  1  1  0
   1 269
98  
  1  0  1  0  1  0  1  0  0
  1  1  0
   1 270
18  
  1  0  1  0  1  0  1  0  0
  1  1  0
   1 271
139 
  1  0  1  0  1  0  1  0  0
