  0  2  2  1 -0
  1  1  1  1  1  1  1  1  1  1  1  1  1  1  1
  4
  7  4
  4 12  1  3   tp No1  S=0,T=0    z1
  1  1  1  1
  4  2  3  1
  4  1  4  1
  4  1  3  2
  2  4  3  1
  2  3  4  1
  2  3  3  2
  3  2  4  1
  3  2  3  2
  3  1  4  2
  1  4  4  1
  1  4  3  2
  1  3  4  2
  1 12
 -1 48
 -1 48
 -1 12
  1 48
  1 48
 -1 48
 -1 48
  1 12
  1 48
  1 48
 -1 12
  4 12  1  3   tp No6  S=0,T=0    z3
  1  1  1  1
  4  3  2  1
  4  3  1  2
  4  1  4  1
  4  1  3  2
  2  3  4  1
  2  3  3  2
  3  4  2  1
  3  4  1  2
  3  2  4  1
  3  2  3  2
  1  4  4  1
  1  4  3  2
  1 12
 -1 12
 -1 48
  1 48
 -1 48
  1 48
 -1 12
  1 12
  1 48
 -1 48
  1 48
 -1 48
  4 12  1  3   he3n No1 S=0, T=0  z2
  1  1  1  1
  4  2  1  3
  4  1  2  3
  4  1  1  4
  2  4  1  3
  2  3  2  3
  2  3  1  4
  3  2  2  3
  3  2  1  4
  3  1  2  4
  1  4  2  3
  1  4  1  4
  1  3  2  4
 -1 12
  1 48
  1 48
  1 12
 -1 48
 -1 48
  1 48
  1 48
 -1 12
 -1 48
 -1 48
  1 12
  4 12  1  3   he3n No6 S=0, T=0  z1
  1  1  1  1
  4  1  2  3
  4  1  1  4
  2  3  2  3
  2  3  1  4
  2  1  4  3
  2  1  3  4
  3  2  2  3
  3  2  1  4
  1  4  2  3
  1  4  1  4
  1  2  4  3
  1  2  3  4
 -1 48
  1 48
 -1 48
  1 48
  1 12
 -1 12
  1 48
 -1 48
  1 48
 -1 48
 -1 12
  1 12
  4 24  1  2        dd S=0          z5   
  1  1  1  1
  4  2  3  1
  4  2  1  3
  4  1  4  1
  4  1  2  3
  4  1  3  2
  4  1  1  4
  2  4  3  1
  2  4  1  3
  2  3  4  1
  2  3  2  3
  2  3  3  2
  2  3  1  4
  3  2  4  1
  3  2  2  3
  3  2  3  2
  3  2  1  4
  3  1  4  2
  3  1  2  4
  1  4  4  1
  1  4  2  3
  1  4  3  2
  1  4  1  4
  1  3  4  2
  1  3  2  4
  1 12
 -1 12
 -1 48
  1 48
 -1 48
  1 48
 -1 12
  1 12
  1 48
 -1 48
  1 48
 -1 48
 -1 48
  1 48
 -1 48
  1 48
  1 12
 -1 12
  1 48
 -1 48
  1 48
 -1 48
 -1 12
  1 12
  4 16  1  2        dq-dq S=0       z    
  1  1  1  1
  1  4  1  4  0  0
  1  4  2  3  0  0
  1  4  3  2  0  0
  1  4  4  1  0  0
  2  3  1  4  0  0
  2  3  2  3  0  0
  2  3  3  2  0  0
  2  3  4  1  0  0
  3  2  1  4  0  0
  3  2  2  3  0  0
  3  2  3  2  0  0
  3  2  4  1  0  0
  4  1  1  4  0  0
  4  1  2  3  0  0
  4  1  3  2  0  0
  4  1  4  1  0  0
 -1 48
  1 48
 -1 48
  1 48
  1 48
 -1 48
  1 48
 -1 48
 -1 48
  1 48
 -1 48
  1 48
  1 48
 -1 48
  1 48
 -1 48
  4  4  1  2        pp-nn S=0       z    
  1  1  1  1
  2  1  4  3
  2  1  3  4
  1  2  4  3
  1  2  3  4
  1 12
 -1 12
 -1 12
  1 12