 11  2 12 31  1  1 +2  0  0 -1
  1  1  1  1  0  0  0  0  0  0  0  0  0  0  1  1
   0.0000000   1.0000000   1.0000000   1.0000000   1.0000000   1.0000000   1.0000000
   1.0000000   1.0000000   1.0000000   1.0000000   1.0000000   1.0000000   1.0000000
   1.0000000   1.0000000   1.0000000   1.0000000   1.0000000   1.0000000   1.0000000
   1.0000000   1.0000000   1.0000000   1.0000000   1.0000000   1.0000000   1.0000000
   1.0000000   1.0000000
   0 235   0   0   0   1
 264
8.628949253         
5.631166431         
2.522081631         
1.295506079         
1.048421551         
0.550047286         
0.192820359         
0.019970733         
5.631166431         
3.674843187         
1.645885380         
0.845434378         
0.684189473         
0.358955386         
0.125832648         
0.013032701         
2.522081631         
1.645885380         
0.737157627         
0.378652370         
0.306434151         
0.160768608         
0.056357810         
0.005837074         
1.295506079         
0.845434378         
0.378652370         
0.194500622         
0.157404622         
0.082581272         
0.028949057         
0.002998303         
1.048421551         
0.684189473         
0.306434151         
0.157404622         
0.127383731         
0.066831014         
0.023427768         
0.002426454         
0.550047286         
0.358955386         
0.160768608         
0.082581272         
0.066831014         
0.035062440         
0.012291220         
0.001273023         
0.192820359         
0.125832648         
0.056357810         
0.028949057         
0.023427768         
0.012291220         
0.004308716         
0.000446261         
0.019970733         
0.013032701         
0.005837074         
0.002998303         
0.002426454         
0.001273023         
0.000446261         
0.000046220         
8.628949253         
11.262332860        
5.044163263         
2.591012158         
2.096843102         
1.100094572         
0.385640718         
0.039941465         
3.674843187         
3.291770760         
1.690868756         
1.368378946         
0.717910773         
0.251665296         
0.026065403         
0.737157627         
0.757304740         
0.612868301         
0.321537215         
0.112715621         
0.011674149         
0.194500622         
0.314809243         
0.165162543         
0.057898115         
0.005996606         
0.127383731         
0.133662028         
0.046855536         
0.004852908         
0.035062440         
0.024582440         
0.002546045         
0.004308716         
0.000892522         
0.000046220         
8.628949407         
11.262333060        
5.044163353         
2.591012205         
2.096843139         
1.100094592         
0.385640725         
0.039941466         
3.674843253         
3.291770819         
1.690868786         
1.368378971         
0.717910785         
0.251665301         
0.026065403         
0.737157640         
0.757304754         
0.612868312         
0.321537221         
0.112715623         
0.011674149         
0.194500626         
0.314809249         
0.165162546         
0.057898116         
0.005996606         
0.127383733         
0.133662031         
0.046855537         
0.004852908         
0.035062441         
0.024582441         
0.002546045         
0.004308716         
0.000892522         
0.000046220         
0.263731200         
-0.137741400        
-0.098878960        
-0.021745360        
-7.411487000        
-1.964250000        
-10.405270000       
-2.692056000        
5.703231000         
2.407814000         
17.113370000        
4.585891000         
9.141177000         
-2.974315000        
-8.573210000        
-2.408107000        
8.282015000         
-0.659330500        
-0.553429300        
-0.113961900        
-0.107302200        
0.684580100         
-0.344122600        
-0.125257800        
0.004408573         
-0.027153190        
-0.142609400        
-0.062903250        
0.001275319         
-0.002457782        
0.002953502         
-0.009916216        
0.358226500         
0.181923900         
0.447209600         
0.117241800         
-2.586160000        
1.659589000         
1.084110000         
0.315119600         
-18.016070000       
1.720600000         
0.018523280         
0.170462000         
22.011430000        
-0.590873600        
0.693030700         
0.033535410         
-1.555341000        
0.293626800         
0.159249400         
0.152229900         
0.924337300         
0.143244100         
0.251114100         
-0.016083140        
-0.099330770        
0.415915300         
0.073602180         
0.101465800         
0.001248847         
0.007831587         
-0.005366592        
0.040283850         
0.263731200         
-0.137741400        
-0.098878960        
-0.021745360        
-7.411487000        
-1.964250000        
-10.405270000       
-2.692056000        
5.703231000         
2.407814000         
17.113370000        
4.585891000         
9.141177000         
-2.974315000        
-8.573210000        
-2.408107000        
8.282015000         
-0.659330500        
-0.553429300        
-0.113961900        
-0.107302200        
0.684580100         
-0.344122600        
-0.125257800        
0.004408573         
-0.027153190        
-0.142609400        
-0.062903250        
0.001275319         
-0.002457782        
0.002953502         
-0.009916216        
0.358226500         
0.181923900         
0.447209600         
0.117241800         
-2.586160000        
1.659589000         
1.084110000         
0.315119600         
-18.016070000       
1.720600000         
0.018523280         
0.170462000         
22.011430000        
-0.590873600        
0.693030700         
0.033535410         
-1.555341000        
0.293626800         
0.159249400         
0.152229900         
0.924337300         
0.143244100         
0.251114100         
-0.016083140        
-0.099330770        
0.415915300         
0.073602180         
0.101465800         
0.001248847         
0.007831587         
-0.005366592        
0.040283850         
  1  1  0
  64 201 202 203 204 205 206 207 208 209 210 211 212 213 214 215 216 217 218 219
 220 221 222 223 224 225 226 227 228 229 230 231 232 233 234 235 236 237 238 239
 240 241 242 243 244 245 246 247 248 249 250 251 252 253 254 255 256 257 258 259
 260 261 262 263 264
 201 202 203 204 205 206 207 208 209 210 211 212 213 214 215 216 217 218 219 220
 221 222 223 224 225 226 227 228 229 230 231 232 233 234 235 236 237 238 239 240
 241 242 243 244 245 246 247 248 249 250 251 252 253 254 255 256 257 258 259 260
 261 262 263 264
  1  1  1  1  1  1  1  1  1  1  1  1  1  1  1  1  1  1  1  1  1  1  1  1  1  1  1  1  1  1
  1  1  0
  64 137 138 139 140 141 142 143 144 145 146 147 148 149 150 151 152 153 154 155
 156 157 158 159 160 161 162 163 164 165 166 167 168 169 170 171 172 173 174 175
 176 177 178 179 180 181 182 183 184 185 186 187 188 189 190 191 192 193 194 195
 196 197 198 199 200
 137 138 139 140 141 142 143 144 145 146 147 148 149 150 151 152 153 154 155 156
 157 158 159 160 161 162 163 164 165 166 167 168 169 170 171 172 173 174 175 176
 177 178 179 180 181 182 183 184 185 186 187 188 189 190 191 192 193 194 195 196
 197 198 199 200
  1  1  1  1  1  1  1  1  1  1  1  1  1  1  1  1  1  1  1  1  1  1  1  1  1  1  1  1  1  1
  2  2  0
  36 101 102 103 104 105 106 107 108 109 110 111 112 113 114 115 116 117 118 119
 120 121 122 123 124 125 126 127 128 129 130 131 132 133 134 135 136
 101 102 103 104 105 106 107 108 109 110 111 112 113 114 115 116 117 118 119 120
 121 122 123 124 125 126 127 128 129 130 131 132 133 134 135 136
  1  1  1  1  1  1  1  1  1  1  1  1  1  1  1  1  1  1  1  1  1  1  1  1  1  1  1  1  1  1
  0  0  0
  36  65  66  67  68  69  70  71  72  73  74  75  76  77  78  79  80  81  82  83
  84  85  86  87  88  89  90  91  92  93  94  95  96  97  98  99 100
  65  66  67  68  69  70  71  72  73  74  75  76  77  78  79  80  81  82  83  84
  85  86  87  88  89  90  91  92  93  94  95  96  97  98  99 100
  1  1  1  1  1  1  1  1  1  1  1  1  1  1  1  1  1  1  1  1  1  1  1  1  1  1  1  1  1  1
  0  0  0
  64   1   2   3   4   5   6   7   8   9  10  11  12  13  14  15  16  17  18  19
  20  21  22  23  24  25  26  27  28  29  30  31  32  33  34  35  36  37  38  39
  40  41  42  43  44  45  46  47  48  49  50  51  52  53  54  55  56  57  58  59
  60  61  62  63  64
   1   2   3   4   5   6   7   8   9  10  11  12  13  14  15  16  17  18  19  20
  21  22  23  24  25  26  27  28  29  30  31  32  33  34  35  36  37  38  39  40
  41  42  43  44  45  46  47  48  49  50  51  52  53  54  55  56  57  58  59  60
  61  62  63  64
  1  1  1  1  1  1  1  1  1  1  1  1  1  1  1  1  1  1  1  1  1  1  1  1  1  1  1  1  1  1
  0  0  0 -1
   1   1
83  
  0  1  0  1  0  1  0  1  0  1  0  1  0  1  0  1  0  1  0  1
  0  0  0
   1   2
92  
  0  1  0  1  0  1  0  1  0  1  0  1  0  1  0  1  0  1  0  1
  0  0  0
   1   3
187 
  0  1  0  1  0  1  0  1  0  1  0  1  0  1  0  1  0  1  0  1
  0  0  0
   1   4
7   
  0  1  0  1  0  1  0  1  0  1  0  1  0  1  0  1  0  1  0  1
  0  0  0
   1   5
182 
  0  1  0  1  0  1  0  1  0  1  0  1  0  1  0  1  0  1  0  1
  0  0  0
   1   6
153 
  0  1  0  1  0  1  0  1  0  1  0  1  0  1  0  1  0  1  0  1
  0  0  0
   1   7
238 
  0  1  0  1  0  1  0  1  0  1  0  1  0  1  0  1  0  1  0  1
  0  0  0
   1   8
217 
  0  1  0  1  0  1  0  1  0  1  0  1  0  1  0  1  0  1  0  1
  0  0  0
   1   9
258 
  0  1  0  1  0  1  0  1  0  1  0  1  0  1  0  1  0  1  0  1
  0  0  0
   1  10
74  
  0  1  0  1  0  1  0  1  0  1  0  1  0  1  0  1  0  1  0  1
  0  0  0
   1  11
258 
  0  1  0  1  0  1  0  1  0  1  0  1  0  1  0  1  0  1  0  1
  0  0  0
   1  12
17  
  0  1  0  1  0  1  0  1  0  1  0  1  0  1  0  1  0  1  0  1
  0  0  0
   1  13
11  
  0  1  0  1  0  1  0  1  0  1  0  1  0  1  0  1  0  1  0  1
  0  0  0
   1  14
26  
  0  1  0  1  0  1  0  1  0  1  0  1  0  1  0  1  0  1  0  1
  0  0  0
   1  15
146 
  0  1  0  1  0  1  0  1  0  1  0  1  0  1  0  1  0  1  0  1
  0  0  0
   1  16
102 
  0  1  0  1  0  1  0  1  0  1  0  1  0  1  0  1  0  1  0  1
  0  0  0
   1  17
110 
  0  1  0  1  0  1  0  1  0  1  0  1  0  1  0  1  0  1  0  1
  0  0  0
   1  18
172 
  0  1  0  1  0  1  0  1  0  1  0  1  0  1  0  1  0  1  0  1
  0  0  0
   1  19
111 
  0  1  0  1  0  1  0  1  0  1  0  1  0  1  0  1  0  1  0  1
  0  0  0
   1  20
73  
  0  1  0  1  0  1  0  1  0  1  0  1  0  1  0  1  0  1  0  1
  0  0  0
   1  21
10  
  0  1  0  1  0  1  0  1  0  1  0  1  0  1  0  1  0  1  0  1
  0  0  0
   1  22
233 
  0  1  0  1  0  1  0  1  0  1  0  1  0  1  0  1  0  1  0  1
  0  0  0
   1  23
36  
  0  1  0  1  0  1  0  1  0  1  0  1  0  1  0  1  0  1  0  1
  0  0  0
   1  24
251 
  0  1  0  1  0  1  0  1  0  1  0  1  0  1  0  1  0  1  0  1
  0  0  0
   1  25
260 
  0  1  0  1  0  1  0  1  0  1  0  1  0  1  0  1  0  1  0  1
  0  0  0
   1  26
74  
  0  1  0  1  0  1  0  1  0  1  0  1  0  1  0  1  0  1  0  1
  0  0  0
   1  27
119 
  0  1  0  1  0  1  0  1  0  1  0  1  0  1  0  1  0  1  0  1
  0  0  0
   1  28
153 
  0  1  0  1  0  1  0  1  0  1  0  1  0  1  0  1  0  1  0  1
  0  0  0
   1  29
87  
  0  1  0  1  0  1  0  1  0  1  0  1  0  1  0  1  0  1  0  1
  0  0  0
   1  30
175 
  0  1  0  1  0  1  0  1  0  1  0  1  0  1  0  1  0  1  0  1
  0  0  0
   1  31
201 
  0  1  0  1  0  1  0  1  0  1  0  1  0  1  0  1  0  1  0  1
  0  0  0
   1  32
88  
  0  1  0  1  0  1  0  1  0  1  0  1  0  1  0  1  0  1  0  1
  0  0  0
   1  33
12  
  0  1  0  1  0  1  0  1  0  1  0  1  0  1  0  1  0  1  0  1
  0  0  0
   1  34
14  
  0  1  0  1  0  1  0  1  0  1  0  1  0  1  0  1  0  1  0  1
  0  0  0
   1  35
138 
  0  1  0  1  0  1  0  1  0  1  0  1  0  1  0  1  0  1  0  1
  0  0  0
   1  36
14  
  0  1  0  1  0  1  0  1  0  1  0  1  0  1  0  1  0  1  0  1
  0  0  0
   1  37
127 
  0  1  0  1  0  1  0  1  0  1  0  1  0  1  0  1  0  1  0  1
  0  0  0
   1  38
159 
  0  1  0  1  0  1  0  1  0  1  0  1  0  1  0  1  0  1  0  1
  0  0  0
   1  39
180 
  0  1  0  1  0  1  0  1  0  1  0  1  0  1  0  1  0  1  0  1
  0  0  0
   1  40
150 
  0  1  0  1  0  1  0  1  0  1  0  1  0  1  0  1  0  1  0  1
  0  0  0
   1  41
258 
  0  1  0  1  0  1  0  1  0  1  0  1  0  1  0  1  0  1  0  1
  0  0  0
   1  42
146 
  0  1  0  1  0  1  0  1  0  1  0  1  0  1  0  1  0  1  0  1
  0  0  0
   1  43
88  
  0  1  0  1  0  1  0  1  0  1  0  1  0  1  0  1  0  1  0  1
  0  0  0
   1  44
255 
  0  1  0  1  0  1  0  1  0  1  0  1  0  1  0  1  0  1  0  1
  0  0  0
   1  45
80  
  0  1  0  1  0  1  0  1  0  1  0  1  0  1  0  1  0  1  0  1
  0  0  0
   1  46
186 
  0  1  0  1  0  1  0  1  0  1  0  1  0  1  0  1  0  1  0  1
  0  0  0
   1  47
67  
  0  1  0  1  0  1  0  1  0  1  0  1  0  1  0  1  0  1  0  1
  0  0  0
   1  48
176 
  0  1  0  1  0  1  0  1  0  1  0  1  0  1  0  1  0  1  0  1
  0  0  0
   1  49
190 
  0  1  0  1  0  1  0  1  0  1  0  1  0  1  0  1  0  1  0  1
  0  0  0
   1  50
77  
  0  1  0  1  0  1  0  1  0  1  0  1  0  1  0  1  0  1  0  1
  0  0  0
   1  51
86  
  0  1  0  1  0  1  0  1  0  1  0  1  0  1  0  1  0  1  0  1
  0  0  0
   1  52
254 
  0  1  0  1  0  1  0  1  0  1  0  1  0  1  0  1  0  1  0  1
  0  0  0
   1  53
70  
  0  1  0  1  0  1  0  1  0  1  0  1  0  1  0  1  0  1  0  1
  0  0  0
   1  54
42  
  0  1  0  1  0  1  0  1  0  1  0  1  0  1  0  1  0  1  0  1
  0  0  0
   1  55
251 
  0  1  0  1  0  1  0  1  0  1  0  1  0  1  0  1  0  1  0  1
  0  0  0
   1  56
75  
  0  1  0  1  0  1  0  1  0  1  0  1  0  1  0  1  0  1  0  1
  0  0  0
   1  57
159 
  0  1  0  1  0  1  0  1  0  1  0  1  0  1  0  1  0  1  0  1
  0  0  0
   1  58
210 
  0  1  0  1  0  1  0  1  0  1  0  1  0  1  0  1  0  1  0  1
  0  0  0
   1  59
76  
  0  1  0  1  0  1  0  1  0  1  0  1  0  1  0  1  0  1  0  1
  0  0  0
   1  65
207 
  0  1  0  1  0  1  0  1  0  1  0  1  0  1  0  1  0  1  0  1
  0  0  0
   1  66
15  
  0  1  0  1  0  1  0  1  0  1  0  1  0  1  0  1  0  1  0  1
  0  0  0
   1  67
155 
  0  1  0  1  0  1  0  1  0  1  0  1  0  1  0  1  0  1  0  1
  0  0  0
   1  68
18  
  0  1  0  1  0  1  0  1  0  1  0  1  0  1  0  1  0  1  0  1
  0  0  0
   1  69
12  
  0  1  0  1  0  1  0  1  0  1  0  1  0  1  0  1  0  1  0  1
  0  0  0
   1  70
239 
  0  1  0  1  0  1  0  1  0  1  0  1  0  1  0  1  0  1  0  1
  0  0  0
   1  71
258 
  0  1  0  1  0  1  0  1  0  1  0  1  0  1  0  1  0  1  0  1
  0  0  0
   1  72
201 
  0  1  0  1  0  1  0  1  0  1  0  1  0  1  0  1  0  1  0  1
  0  0  0
   1  73
213 
  0  1  0  1  0  1  0  1  0  1  0  1  0  1  0  1  0  1  0  1
  0  0  0
   1  74
105 
  0  1  0  1  0  1  0  1  0  1  0  1  0  1  0  1  0  1  0  1
  0  0  0
   1  75
152 
  0  1  0  1  0  1  0  1  0  1  0  1  0  1  0  1  0  1  0  1
  0  0  0
   1  76
128 
  0  1  0  1  0  1  0  1  0  1  0  1  0  1  0  1  0  1  0  1
  0  0  0
   1  77
67  
  0  1  0  1  0  1  0  1  0  1  0  1  0  1  0  1  0  1  0  1
  0  0  0
   1  78
18  
  0  1  0  1  0  1  0  1  0  1  0  1  0  1  0  1  0  1  0  1
  0  0  0
   1  79
171 
  0  1  0  1  0  1  0  1  0  1  0  1  0  1  0  1  0  1  0  1
  0  0  0
   1  80
145 
  0  1  0  1  0  1  0  1  0  1  0  1  0  1  0  1  0  1  0  1
  0  0  0
   1  81
42  
  0  1  0  1  0  1  0  1  0  1  0  1  0  1  0  1  0  1  0  1
  0  0  0
   1  82
252 
  0  1  0  1  0  1  0  1  0  1  0  1  0  1  0  1  0  1  0  1
  0  0  0
   1  83
1   
  0  1  0  1  0  1  0  1  0  1  0  1  0  1  0  1  0  1  0  1
  0  0  0
   1  84
141 
  0  1  0  1  0  1  0  1  0  1  0  1  0  1  0  1  0  1  0  1
  0  0  0
   1  85
118 
  0  1  0  1  0  1  0  1  0  1  0  1  0  1  0  1  0  1  0  1
  0  0  0
   1  86
155 
  0  1  0  1  0  1  0  1  0  1  0  1  0  1  0  1  0  1  0  1
  0  0  0
   1  87
205 
  0  1  0  1  0  1  0  1  0  1  0  1  0  1  0  1  0  1  0  1
  0  0  0
   1  88
42  
  0  1  0  1  0  1  0  1  0  1  0  1  0  1  0  1  0  1  0  1
  0  0  0
   1  89
75  
  0  1  0  1  0  1  0  1  0  1  0  1  0  1  0  1  0  1  0  1
  0  0  0
   1  90
10  
  0  1  0  1  0  1  0  1  0  1  0  1  0  1  0  1  0  1  0  1
  0  0  0
   1  91
251 
  0  1  0  1  0  1  0  1  0  1  0  1  0  1  0  1  0  1  0  1
  0  0  0
   1  92
224 
  0  1  0  1  0  1  0  1  0  1  0  1  0  1  0  1  0  1  0  1
  0  0  0
   1  93
156 
  0  1  0  1  0  1  0  1  0  1  0  1  0  1  0  1  0  1  0  1
  0  0  0
   1  94
241 
  0  1  0  1  0  1  0  1  0  1  0  1  0  1  0  1  0  1  0  1
  0  0  0
   1  95
217 
  0  1  0  1  0  1  0  1  0  1  0  1  0  1  0  1  0  1  0  1
  2  2  0
   1 101
180 
  0  1  0  1  0  1  0  1  0  1  0  1  0  1  0  1  0  1  0  1
  2  2  0
   1 102
156 
  0  1  0  1  0  1  0  1  0  1  0  1  0  1  0  1  0  1  0  1
  2  2  0
   1 103
68  
  0  1  0  1  0  1  0  1  0  1  0  1  0  1  0  1  0  1  0  1
  2  2  0
   1 104
43  
  0  1  0  1  0  1  0  1  0  1  0  1  0  1  0  1  0  1  0  1
  2  2  0
   1 105
205 
  0  1  0  1  0  1  0  1  0  1  0  1  0  1  0  1  0  1  0  1
  2  2  0
   1 106
154 
  0  1  0  1  0  1  0  1  0  1  0  1  0  1  0  1  0  1  0  1
  2  2  0
   1 107
146 
  0  1  0  1  0  1  0  1  0  1  0  1  0  1  0  1  0  1  0  1
  2  2  0
   1 108
68  
  0  1  0  1  0  1  0  1  0  1  0  1  0  1  0  1  0  1  0  1
  2  2  0
   1 109
81  
  0  1  0  1  0  1  0  1  0  1  0  1  0  1  0  1  0  1  0  1
  2  2  0
   1 110
149 
  0  1  0  1  0  1  0  1  0  1  0  1  0  1  0  1  0  1  0  1
  2  2  0
   1 111
217 
  0  1  0  1  0  1  0  1  0  1  0  1  0  1  0  1  0  1  0  1
  2  2  0
   1 112
209 
  0  1  0  1  0  1  0  1  0  1  0  1  0  1  0  1  0  1  0  1
  2  2  0
   1 113
177 
  0  1  0  1  0  1  0  1  0  1  0  1  0  1  0  1  0  1  0  1
  2  2  0
   1 114
124 
  0  1  0  1  0  1  0  1  0  1  0  1  0  1  0  1  0  1  0  1
  2  2  0
   1 115
128 
  0  1  0  1  0  1  0  1  0  1  0  1  0  1  0  1  0  1  0  1
  2  2  0
   1 116
50  
  0  1  0  1  0  1  0  1  0  1  0  1  0  1  0  1  0  1  0  1
  2  2  0
   1 117
20  
  0  1  0  1  0  1  0  1  0  1  0  1  0  1  0  1  0  1  0  1
  2  2  0
   1 118
190 
  0  1  0  1  0  1  0  1  0  1  0  1  0  1  0  1  0  1  0  1
  2  2  0
   1 119
211 
  0  1  0  1  0  1  0  1  0  1  0  1  0  1  0  1  0  1  0  1
  2  2  0
   1 120
194 
  0  1  0  1  0  1  0  1  0  1  0  1  0  1  0  1  0  1  0  1
  2  2  0
   1 121
172 
  0  1  0  1  0  1  0  1  0  1  0  1  0  1  0  1  0  1  0  1
  2  2  0
   1 122
2   
  0  1  0  1  0  1  0  1  0  1  0  1  0  1  0  1  0  1  0  1
  2  2  0
   1 123
86  
  0  1  0  1  0  1  0  1  0  1  0  1  0  1  0  1  0  1  0  1
  2  2  0
   1 124
178 
  0  1  0  1  0  1  0  1  0  1  0  1  0  1  0  1  0  1  0  1
  2  2  0
   1 125
171 
  0  1  0  1  0  1  0  1  0  1  0  1  0  1  0  1  0  1  0  1
  2  2  0
   1 126
235 
  0  1  0  1  0  1  0  1  0  1  0  1  0  1  0  1  0  1  0  1
  2  2  0
   1 127
3   
  0  1  0  1  0  1  0  1  0  1  0  1  0  1  0  1  0  1  0  1
  2  2  0
   1 128
78  
  0  1  0  1  0  1  0  1  0  1  0  1  0  1  0  1  0  1  0  1
  2  2  0
   1 129
153 
  0  1  0  1  0  1  0  1  0  1  0  1  0  1  0  1  0  1  0  1
  2  2  0
   1 130
245 
  0  1  0  1  0  1  0  1  0  1  0  1  0  1  0  1  0  1  0  1
  2  2  0
   1 131
245 
  0  1  0  1  0  1  0  1  0  1  0  1  0  1  0  1  0  1  0  1
  1  1  0
   1 137
138 
  0  1  0  1  0  1  0  1  0  1  0  1  0  1  0  1  0  1  0  1
  1  1  0
   1 138
11  
  0  1  0  1  0  1  0  1  0  1  0  1  0  1  0  1  0  1  0  1
  1  1  0
   1 139
143 
  0  1  0  1  0  1  0  1  0  1  0  1  0  1  0  1  0  1  0  1
  1  1  0
   1 140
152 
  0  1  0  1  0  1  0  1  0  1  0  1  0  1  0  1  0  1  0  1
  1  1  0
   1 141
29  
  0  1  0  1  0  1  0  1  0  1  0  1  0  1  0  1  0  1  0  1
  1  1  0
   1 142
122 
  0  1  0  1  0  1  0  1  0  1  0  1  0  1  0  1  0  1  0  1
  1  1  0
   1 143
260 
  0  1  0  1  0  1  0  1  0  1  0  1  0  1  0  1  0  1  0  1
  1  1  0
   1 144
26  
  0  1  0  1  0  1  0  1  0  1  0  1  0  1  0  1  0  1  0  1
  1  1  0
   1 145
196 
  0  1  0  1  0  1  0  1  0  1  0  1  0  1  0  1  0  1  0  1
  1  1  0
   1 146
28  
  0  1  0  1  0  1  0  1  0  1  0  1  0  1  0  1  0  1  0  1
  1  1  0
   1 147
227 
  0  1  0  1  0  1  0  1  0  1  0  1  0  1  0  1  0  1  0  1
  1  1  0
   1 148
222 
  0  1  0  1  0  1  0  1  0  1  0  1  0  1  0  1  0  1  0  1
  1  1  0
   1 149
260 
  0  1  0  1  0  1  0  1  0  1  0  1  0  1  0  1  0  1  0  1
  1  1  0
   1 150
88  
  0  1  0  1  0  1  0  1  0  1  0  1  0  1  0  1  0  1  0  1
  1  1  0
   1 151
146 
  0  1  0  1  0  1  0  1  0  1  0  1  0  1  0  1  0  1  0  1
  1  1  0
   1 152
209 
  0  1  0  1  0  1  0  1  0  1  0  1  0  1  0  1  0  1  0  1
  1  1  0
   1 153
260 
  0  1  0  1  0  1  0  1  0  1  0  1  0  1  0  1  0  1  0  1
  1  1  0
   1 154
18  
  0  1  0  1  0  1  0  1  0  1  0  1  0  1  0  1  0  1  0  1
  1  1  0
   1 155
223 
  0  1  0  1  0  1  0  1  0  1  0  1  0  1  0  1  0  1  0  1
  1  1  0
   1 156
118 
  0  1  0  1  0  1  0  1  0  1  0  1  0  1  0  1  0  1  0  1
  1  1  0
   1 157
206 
  0  1  0  1  0  1  0  1  0  1  0  1  0  1  0  1  0  1  0  1
  1  1  0
   1 158
15  
  0  1  0  1  0  1  0  1  0  1  0  1  0  1  0  1  0  1  0  1
  1  1  0
   1 159
215 
  0  1  0  1  0  1  0  1  0  1  0  1  0  1  0  1  0  1  0  1
  1  1  0
   1 160
145 
  0  1  0  1  0  1  0  1  0  1  0  1  0  1  0  1  0  1  0  1
  1  1  0
   1 161
205 
  0  1  0  1  0  1  0  1  0  1  0  1  0  1  0  1  0  1  0  1
  1  1  0
   1 162
212 
  0  1  0  1  0  1  0  1  0  1  0  1  0  1  0  1  0  1  0  1
  1  1  0
   1 163
202 
  0  1  0  1  0  1  0  1  0  1  0  1  0  1  0  1  0  1  0  1
  1  1  0
   1 164
187 
  0  1  0  1  0  1  0  1  0  1  0  1  0  1  0  1  0  1  0  1
  1  1  0
   1 165
181 
  0  1  0  1  0  1  0  1  0  1  0  1  0  1  0  1  0  1  0  1
  1  1  0
   1 166
67  
  0  1  0  1  0  1  0  1  0  1  0  1  0  1  0  1  0  1  0  1
  1  1  0
   1 167
17  
  0  1  0  1  0  1  0  1  0  1  0  1  0  1  0  1  0  1  0  1
  1  1  0
   1 168
205 
  0  1  0  1  0  1  0  1  0  1  0  1  0  1  0  1  0  1  0  1
  1  1  0
   1 169
173 
  0  1  0  1  0  1  0  1  0  1  0  1  0  1  0  1  0  1  0  1
  1  1  0
   1 170
76  
  0  1  0  1  0  1  0  1  0  1  0  1  0  1  0  1  0  1  0  1
  1  1  0
   1 171
37  
  0  1  0  1  0  1  0  1  0  1  0  1  0  1  0  1  0  1  0  1
  1  1  0
   1 172
214 
  0  1  0  1  0  1  0  1  0  1  0  1  0  1  0  1  0  1  0  1
  1  1  0
   1 173
189 
  0  1  0  1  0  1  0  1  0  1  0  1  0  1  0  1  0  1  0  1
  1  1  0
   1 174
43  
  0  1  0  1  0  1  0  1  0  1  0  1  0  1  0  1  0  1  0  1
  1  1  0
   1 175
183 
  0  1  0  1  0  1  0  1  0  1  0  1  0  1  0  1  0  1  0  1
  1  1  0
   1 176
71  
  0  1  0  1  0  1  0  1  0  1  0  1  0  1  0  1  0  1  0  1
  1  1  0
   1 177
223 
  0  1  0  1  0  1  0  1  0  1  0  1  0  1  0  1  0  1  0  1
  1  1  0
   1 178
158 
  0  1  0  1  0  1  0  1  0  1  0  1  0  1  0  1  0  1  0  1
  1  1  0
   1 179
13  
  0  1  0  1  0  1  0  1  0  1  0  1  0  1  0  1  0  1  0  1
  1  1  0
   1 180
149 
  0  1  0  1  0  1  0  1  0  1  0  1  0  1  0  1  0  1  0  1
  1  1  0
   1 181
218 
  0  1  0  1  0  1  0  1  0  1  0  1  0  1  0  1  0  1  0  1
  1  1  0
   1 182
74  
  0  1  0  1  0  1  0  1  0  1  0  1  0  1  0  1  0  1  0  1
  1  1  0
   1 183
82  
  0  1  0  1  0  1  0  1  0  1  0  1  0  1  0  1  0  1  0  1
  1  1  0
   1 184
66  
  0  1  0  1  0  1  0  1  0  1  0  1  0  1  0  1  0  1  0  1
  1  1  0
   1 185
137 
  0  1  0  1  0  1  0  1  0  1  0  1  0  1  0  1  0  1  0  1
  1  1  0
   1 186
251 
  0  1  0  1  0  1  0  1  0  1  0  1  0  1  0  1  0  1  0  1
  1  1  0
   1 187
26  
  0  1  0  1  0  1  0  1  0  1  0  1  0  1  0  1  0  1  0  1
  1  1  0
   1 188
159 
  0  1  0  1  0  1  0  1  0  1  0  1  0  1  0  1  0  1  0  1
  1  1  0
   1 189
177 
  0  1  0  1  0  1  0  1  0  1  0  1  0  1  0  1  0  1  0  1
  1  1  0
   1 190
2   
  0  1  0  1  0  1  0  1  0  1  0  1  0  1  0  1  0  1  0  1
  1  1  0
   1 191
80  
  0  1  0  1  0  1  0  1  0  1  0  1  0  1  0  1  0  1  0  1
  1  1  0
   1 192
68  
  0  1  0  1  0  1  0  1  0  1  0  1  0  1  0  1  0  1  0  1
  1  1  0
   1 193
122 
  0  1  0  1  0  1  0  1  0  1  0  1  0  1  0  1  0  1  0  1
  1  1  0
   1 194
189 
  0  1  0  1  0  1  0  1  0  1  0  1  0  1  0  1  0  1  0  1
  1  1  0
   1 195
106 
  0  1  0  1  0  1  0  1  0  1  0  1  0  1  0  1  0  1  0  1
  1  1  0
   1 201
154 
  0  1  0  1  0  1  0  1  0  1  0  1  0  1  0  1  0  1  0  1
  1  1  0
   1 202
215 
  0  1  0  1  0  1  0  1  0  1  0  1  0  1  0  1  0  1  0  1
  1  1  0
   1 203
236 
  0  1  0  1  0  1  0  1  0  1  0  1  0  1  0  1  0  1  0  1
  1  1  0
   1 204
145 
  0  1  0  1  0  1  0  1  0  1  0  1  0  1  0  1  0  1  0  1
  1  1  0
   1 205
151 
  0  1  0  1  0  1  0  1  0  1  0  1  0  1  0  1  0  1  0  1
  1  1  0
   1 206
86  
  0  1  0  1  0  1  0  1  0  1  0  1  0  1  0  1  0  1  0  1
  1  1  0
   1 207
4   
  0  1  0  1  0  1  0  1  0  1  0  1  0  1  0  1  0  1  0  1
  1  1  0
   1 208
74  
  0  1  0  1  0  1  0  1  0  1  0  1  0  1  0  1  0  1  0  1
  1  1  0
   1 209
210 
  0  1  0  1  0  1  0  1  0  1  0  1  0  1  0  1  0  1  0  1
  1  1  0
   1 210
6   
  0  1  0  1  0  1  0  1  0  1  0  1  0  1  0  1  0  1  0  1
  1  1  0
   1 211
220 
  0  1  0  1  0  1  0  1  0  1  0  1  0  1  0  1  0  1  0  1
  1  1  0
   1 212
111 
  0  1  0  1  0  1  0  1  0  1  0  1  0  1  0  1  0  1  0  1
  1  1  0
   1 213
120 
  0  1  0  1  0  1  0  1  0  1  0  1  0  1  0  1  0  1  0  1
  1  1  0
   1 214
88  
  0  1  0  1  0  1  0  1  0  1  0  1  0  1  0  1  0  1  0  1
  1  1  0
   1 215
151 
  0  1  0  1  0  1  0  1  0  1  0  1  0  1  0  1  0  1  0  1
  1  1  0
   1 216
212 
  0  1  0  1  0  1  0  1  0  1  0  1  0  1  0  1  0  1  0  1
  1  1  0
   1 217
159 
  0  1  0  1  0  1  0  1  0  1  0  1  0  1  0  1  0  1  0  1
  1  1  0
   1 218
201 
  0  1  0  1  0  1  0  1  0  1  0  1  0  1  0  1  0  1  0  1
  1  1  0
   1 219
234 
  0  1  0  1  0  1  0  1  0  1  0  1  0  1  0  1  0  1  0  1
  1  1  0
   1 220
220 
  0  1  0  1  0  1  0  1  0  1  0  1  0  1  0  1  0  1  0  1
  1  1  0
   1 221
196 
  0  1  0  1  0  1  0  1  0  1  0  1  0  1  0  1  0  1  0  1
  1  1  0
   1 222
247 
  0  1  0  1  0  1  0  1  0  1  0  1  0  1  0  1  0  1  0  1
  1  1  0
   1 223
5   
  0  1  0  1  0  1  0  1  0  1  0  1  0  1  0  1  0  1  0  1
  1  1  0
   1 224
81  
  0  1  0  1  0  1  0  1  0  1  0  1  0  1  0  1  0  1  0  1
  1  1  0
   1 225
253 
  0  1  0  1  0  1  0  1  0  1  0  1  0  1  0  1  0  1  0  1
  1  1  0
   1 226
75  
  0  1  0  1  0  1  0  1  0  1  0  1  0  1  0  1  0  1  0  1
  1  1  0
   1 227
142 
  0  1  0  1  0  1  0  1  0  1  0  1  0  1  0  1  0  1  0  1
  1  1  0
   1 228
246 
  0  1  0  1  0  1  0  1  0  1  0  1  0  1  0  1  0  1  0  1
  1  1  0
   1 229
181 
  0  1  0  1  0  1  0  1  0  1  0  1  0  1  0  1  0  1  0  1
  1  1  0
   1 230
69  
  0  1  0  1  0  1  0  1  0  1  0  1  0  1  0  1  0  1  0  1
  1  1  0
   1 231
252 
  0  1  0  1  0  1  0  1  0  1  0  1  0  1  0  1  0  1  0  1
  1  1  0
   1 232
181 
  0  1  0  1  0  1  0  1  0  1  0  1  0  1  0  1  0  1  0  1
  1  1  0
   1 233
34  
  0  1  0  1  0  1  0  1  0  1  0  1  0  1  0  1  0  1  0  1
  1  1  0
   1 234
36  
  0  1  0  1  0  1  0  1  0  1  0  1  0  1  0  1  0  1  0  1
  1  1  0
   1 235
187 
  0  1  0  1  0  1  0  1  0  1  0  1  0  1  0  1  0  1  0  1
  1  1  0
   1 236
118 
  0  1  0  1  0  1  0  1  0  1  0  1  0  1  0  1  0  1  0  1
  1  1  0
   1 237
124 
  0  1  0  1  0  1  0  1  0  1  0  1  0  1  0  1  0  1  0  1
  1  1  0
   1 238
237 
  0  1  0  1  0  1  0  1  0  1  0  1  0  1  0  1  0  1  0  1
  1  1  0
   1 239
150 
  0  1  0  1  0  1  0  1  0  1  0  1  0  1  0  1  0  1  0  1
  1  1  0
   1 240
172 
  0  1  0  1  0  1  0  1  0  1  0  1  0  1  0  1  0  1  0  1
  1  1  0
   1 241
80  
  0  1  0  1  0  1  0  1  0  1  0  1  0  1  0  1  0  1  0  1
  1  1  0
   1 242
174 
  0  1  0  1  0  1  0  1  0  1  0  1  0  1  0  1  0  1  0  1
  1  1  0
   1 243
117 
  0  1  0  1  0  1  0  1  0  1  0  1  0  1  0  1  0  1  0  1
  1  1  0
   1 244
4   
  0  1  0  1  0  1  0  1  0  1  0  1  0  1  0  1  0  1  0  1
  1  1  0
   1 245
118 
  0  1  0  1  0  1  0  1  0  1  0  1  0  1  0  1  0  1  0  1
  1  1  0
   1 246
5   
  0  1  0  1  0  1  0  1  0  1  0  1  0  1  0  1  0  1  0  1
  1  1  0
   1 247
171 
  0  1  0  1  0  1  0  1  0  1  0  1  0  1  0  1  0  1  0  1
  1  1  0
   1 248
233 
  0  1  0  1  0  1  0  1  0  1  0  1  0  1  0  1  0  1  0  1
  1  1  0
   1 249
170 
  0  1  0  1  0  1  0  1  0  1  0  1  0  1  0  1  0  1  0  1
  1  1  0
   1 250
105 
  0  1  0  1  0  1  0  1  0  1  0  1  0  1  0  1  0  1  0  1
  1  1  0
   1 251
27  
  0  1  0  1  0  1  0  1  0  1  0  1  0  1  0  1  0  1  0  1
  1  1  0
   1 252
19  
  0  1  0  1  0  1  0  1  0  1  0  1  0  1  0  1  0  1  0  1
  1  1  0
   1 253
13  
  0  1  0  1  0  1  0  1  0  1  0  1  0  1  0  1  0  1  0  1
  1  1  0
   1 254
137 
  0  1  0  1  0  1  0  1  0  1  0  1  0  1  0  1  0  1  0  1
  1  1  0
   1 255
124 
  0  1  0  1  0  1  0  1  0  1  0  1  0  1  0  1  0  1  0  1
  1  1  0
   1 256
175 
  0  1  0  1  0  1  0  1  0  1  0  1  0  1  0  1  0  1  0  1
  1  1  0
   1 257
68  
  0  1  0  1  0  1  0  1  0  1  0  1  0  1  0  1  0  1  0  1
  1  1  0
   1 258
27  
  0  1  0  1  0  1  0  1  0  1  0  1  0  1  0  1  0  1  0  1
  1  1  0
   1 259
156 
  0  1  0  1  0  1  0  1  0  1  0  1  0  1  0  1  0  1  0  1
