 10  8  9  3 00  0  0  0  0
nnn_pot
  8                                                            Z1  BVs 1 - 8
  8 10
                                                23.251593   7.676988    
                                                38.901073   0.328692    
                                                0.173537    0.073962    
                                                0.041858    6.667936    
                                                9.480976    0.132015    
                                                0.043907    0.255546    
                                                0.505072    0.518697    
                                                1.473558    0.106412    
   16.961821    3.896446    1.803038    0.658122    0.466795    0.102944
    0.086101    0.040139    0.017453    0.005866
  1  1
          1.

  1  1
                      1.

  1  1
                                  1.

  1  1
                                              1.

  1  1
                                                          1.

  1  1
                                                                      1.

  1  1

          1.
  1  1

                      1.
  4                                                            Z2  BVs 9 - 12
  4 10
                                                14.791487   1.650684    
                                                0.105669    8.453852    
                                                5.956542    0.148017    
                                                8.856185    0.456835    
    2.557971   92.682365    1.678378    1.488119    0.466286    0.118706
    0.090007    0.040144    0.005851    0.001782
  1  1
          1.
  1  1
                      1.
  1  1
                                  1.
  1  1
                                              1.
  8                                                            Z3  BVs 13 - 20
  8 10
                                                4.237017    2.039443    
                                                1.047751    0.669654    
                                                16.259140   18.188036   
                                                0.036922    24.750311   
                                                1.109356    11.103822   
                                                0.977040    0.113265    
                                                0.019506    0.272978    
                                                8.014967    0.707320    
   12.369235    2.311869    8.775141    0.870995    0.411109    0.245789
    0.039524    0.045604    0.008453    0.007337
  1  1
          1.

  1  1
                      1.

  1  1
                                  1.

  1  1
                                              1.

  1  1
                                                          1.

  1  1
                                                                      1.

  1  1

          1.
  1  1

                      1.
  4                                                            Z4  BVs 21 - 24
  4 10
                                                3.996901    1.342903    
                                                0.294988    0.025926    
                                                15.521264   0.555126    
                                                10.468250   4.460322    
   12.322360    6.910115    2.655639    1.437376    0.332984    0.214539
    0.073101    0.018477    0.010406    0.005597
  1  1
          1.
  1  1
                      1.
  1  1
                                  1.
  1  1
                                              1.
eob-tni/np3s_np3s_12-34_np3s_np3s_12-34
elu-tni/000-0_000-0
eob-tni/np3s_np3s_12-34_np3s_np3s_12-34
elu-tni/000-0_000-0
eob-tni/np3s_np3s_12-34_np3s_np3s_12-34
elu-tni/000-0_000-0
eob-tni/tp_123-4_np3s_np3s_12-34
elu-tni/000-0_000-0
eob-tni/tp_123-4_np3s_np3s_12-34
elu-tni/000-0_000-0
eob-tni/tp_123-4_tp_123-4
elu-tni/000-0_000-0
eob-tni/tp_123-4_np3s_np3s_12-34
elu-tni/000-0_000-0
eob-tni/tp_123-4_np3s_np3s_12-34
elu-tni/000-0_000-0
eob-tni/tp_123-4_tp_123-4
elu-tni/000-0_000-0
eob-tni/tp_123-4_tp_123-4
elu-tni/000-0_000-0
