 10  8  9  3 00  0  0  0  0
nnn_pot
  8                                                            Z1  BVs 1 - 8
  8 10
                                                0.075891    1.935051    
                                                0.223528    0.456842    
                                                2.581928    0.122583    
                                                47.190567   3.384002    
                                                1.375096    0.217824    
                                                2.534866    0.611483    
                                                0.834908    0.379668    
                                                2.558085    137.891571  
   11.613727    6.237338    0.904803    0.762919    0.520053    0.133225
    9.360730    0.076044    0.016944    0.007134
  1  1
          1.

  1  1
                      1.

  1  1
                                  1.

  1  1
                                              1.

  1  1
                                                          1.

  1  1
                                                                      1.

  1  1

          1.
  1  1

                      1.
  4                                                            Z2  BVs 9 - 12
  4 10
                                                0.091605    27.912226   
                                                1.262627    11.789857   
                                                7.933858    13.697134   
                                                0.552246    3.856832    
    8.894736    4.674328    0.789758    0.359949    0.436834    0.066494
    0.025997    5.837941    0.021220    0.007179
  1  1
          1.
  1  1
                      1.
  1  1
                                  1.
  1  1
                                              1.
  8                                                            Z3  BVs 13 - 20
  8 10
                                                0.256524    14.642340   
                                                7.698897    1.949536    
                                                2.058704    3.623862    
                                                2.167559    5.355323    
                                                19.885704   1.434668    
                                                8.194977    0.037469    
                                                1.788885    0.326870    
                                                0.803383    0.727895    
    9.871851    4.133033    2.163365    1.191629    0.631688    0.051820
    0.044157    0.041798    0.013229    0.004785
  1  1
          1.

  1  1
                      1.

  1  1
                                  1.

  1  1
                                              1.

  1  1
                                                          1.

  1  1
                                                                      1.

  1  1

          1.
  1  1

                      1.
  4                                                            Z4  BVs 21 - 24
  4 10
                                                0.526779    0.107808    
                                                7.964008    0.486075    
                                                11.978249   0.333675    
                                                12.186015   1.634659    
   21.236130    4.769251    2.403469    1.142556    6.130484    0.052362
    0.057334    0.016016    0.013221    0.007861
  1  1
          1.
  1  1
                      1.
  1  1
                                  1.
  1  1
                                              1.
eob-tni/np3s_np3s_12-34_np3s_np3s_12-34
elu-tni/000-0_000-0
eob-tni/np3s_np3s_12-34_np3s_np3s_12-34
elu-tni/000-0_000-0
eob-tni/np3s_np3s_12-34_np3s_np3s_12-34
elu-tni/000-0_000-0
eob-tni/tp_123-4_np3s_np3s_12-34
elu-tni/000-0_000-0
eob-tni/tp_123-4_np3s_np3s_12-34
elu-tni/000-0_000-0
eob-tni/tp_123-4_tp_123-4
elu-tni/000-0_000-0
eob-tni/tp_123-4_np3s_np3s_12-34
elu-tni/000-0_000-0
eob-tni/tp_123-4_np3s_np3s_12-34
elu-tni/000-0_000-0
eob-tni/tp_123-4_tp_123-4
elu-tni/000-0_000-0
eob-tni/tp_123-4_tp_123-4
elu-tni/000-0_000-0
