 11  2 12 31  1  1 +2  0  0 -1
  1  1  1  1  0  0  0  0  0  0  0  0  0  0  1  1
   0.0000000   1.0000000   0.0000000   0.0000000   0.0000000   0.0000000   0.0000000
   0.0000000   0.0000000   0.0000000   0.0000000   0.0000000   0.0000000   1.0000000
   0.0000000   0.0000000   0.0000000   0.0000000   0.0000000   0.0000000   0.0000000
   0.0000000   0.0000000   0.0000000   0.0000000   0.0000000   0.0000000   0.0000000
   0.0000000   0.0000000
   0  16   0   0   0   1
  36
0.001842168         
-0.058314952        
-0.065561269        
-0.034435432        
-0.014749025        
-0.013103496        
-0.005693869        
-0.002306565        
0.461498796         
1.037690862         
0.545037249         
0.233444668         
0.207399557         
0.090121440         
0.036507855         
0.583318059         
0.612764516         
0.262452904         
0.233171384         
0.101320085         
0.041044384         
0.160924365         
0.137850890         
0.122471050         
0.053217410         
0.021558172         
0.029521427         
0.052455522         
0.022793526         
0.009233571         
0.023301565         
0.020250483         
0.008203394         
0.004399726         
0.003564625         
0.000722008         
  0  0  0
  36   1   2   3   4   5   6   7   8   9  10  11  12  13  14  15  16  17  18  19
  20  21  22  23  24  25  26  27  28  29  30  31  32  33  34  35  36
   1   2   3   4   5   6   7   8   9  10  11  12  13  14  15  16  17  18  19  20
  21  22  23  24  25  26  27  28  29  30  31  32  33  34  35  36
  1  1  1  1  1  1  1  1  1  1  1  1  1  1  1  1  1  1  1  1
  0  0  0 -1
   1   2
24  
  0  1  0  1  0  1  0
  0  0  0
   1   3
24  
  0  1  0  1  0  1  0
  0  0  0
   1   4
13  
  0  1  0  1  0  1  0
  0  0  0
   1   5
24  
  0  1  0  1  0  1  0
  0  0  0
   1   6
9   
  0  1  0  1  0  1  0
  0  0  0
   1   7
22  
  0  1  0  1  0  1  0
  0  0  0
   1   8
24  
  0  1  0  1  0  1  0
  0  0  0
   1   9
20  
  0  1  0  1  0  1  0
  0  0  0
   1  10
13  
  0  1  0  1  0  1  0
  0  0  0
   1  11
20  
  0  1  0  1  0  1  0
  0  0  0
   1  12
12  
  0  1  0  1  0  1  0
  0  0  0
   1  13
23  
  0  1  0  1  0  1  0
  0  0  0
   1  14
22  
  0  1  0  1  0  1  0
  0  0  0
   1  15
9   
  0  1  0  1  0  1  0
  0  0  0
   1  16
17  
  0  1  0  1  0  1  0
  0  0  0
   1  17
11  
  0  1  0  1  0  1  0
  0  0  0
   1  18
20  
  0  1  0  1  0  1  0
  0  0  0
   1  19
18  
  0  1  0  1  0  1  0
  0  0  0
   1  20
22  
  0  1  0  1  0  1  0
  0  0  0
   1  21
13  
  0  1  0  1  0  1  0
  0  0  0
   1  22
17  
  0  1  0  1  0  1  0
  0  0  0
   1  23
13  
  0  1  0  1  0  1  0
  0  0  0
   1  24
19  
  0  1  0  1  0  1  0
  0  0  0
   1  25
17  
  0  1  0  1  0  1  0
  0  0  0
   1  26
23  
  0  1  0  1  0  1  0
  0  0  0
   1  27
13  
  0  1  0  1  0  1  0
  0  0  0
   1  28
16  
  0  1  0  1  0  1  0
  0  0  0
   1  29
19  
  0  1  0  1  0  1  0
  0  0  0
   1  30
18  
  0  1  0  1  0  1  0
  0  0  0
   1  31
17  
  0  1  0  1  0  1  0
  0  0  0
   1  32
16  
  0  1  0  1  0  1  0
  0  0  0
   1  33
24  
  0  1  0  1  0  1  0
