 10  8  9  3 00  0  0  0  0
nnn_pot
  8
  8 20
                                                5.073693    5.073693    
                                                5.073693    4.932787    
                                                5.073693    1.998468    
                                                5.073693    0.574425    
                                                5.073693    0.122646    
                                                5.073693    0.025574    
                                                4.932787    4.932787    
                                                4.932787    1.998468    
  129.566500   51.346700   29.472870   13.423390    8.214456    4.447413
    2.939000    1.690174    1.185236    0.843000    0.500110    0.257369
    0.138520    0.071429    0.038519    0.018573    0.009726    0.005619
    0.002765    0.001010
  1  1
          1.

  1  1
                      1.

  1  1
                                  1.

  1  1
                                              1.

  1  1
                                                          1.

  1  1
                                                                      1.

  1  1

          1.
  1  1

                      1.
  8
  8 20
                                                4.932787    0.574425    
                                                4.932787    0.122646    
                                                4.932787    0.025574    
                                                1.998468    1.998468    
                                                1.998468    0.574425    
                                                1.998468    0.122646    
                                                1.998468    0.025574    
                                                0.574425    0.574425    
  129.566500   51.346700   29.472870   13.423390    8.214456    4.447413
    2.939000    1.690174    1.185236    0.843000    0.500110    0.257369
    0.138520    0.071429    0.038519    0.018573    0.009726    0.005619
    0.002765    0.001010
  1  1
          1.

  1  1
                      1.

  1  1
                                  1.

  1  1
                                              1.

  1  1
                                                          1.

  1  1
                                                                      1.

  1  1

          1.
  1  1

                      1.
  5
  5 20
                                                0.574425    0.122646    
                                                0.574425    0.025574    
                                                0.122646    0.122646    
                                                0.122646    0.025574    
                                                0.025574    0.025574    
  129.566500   51.346700   29.472870   13.423390    8.214456    4.447413
    2.939000    1.690174    1.185236    0.843000    0.500110    0.257369
    0.138520    0.071429    0.038519    0.018573    0.009726    0.005619
    0.002765    0.001010
  1  1
          1.
  1  1
                      1.
  1  1
                                  1.
  1  1
                                              1.
  1  1
                                                          1.
  8
  8 20
                                                7.934874    4.950976    
                                                7.934874    0.541777    
                                                7.934874    0.114528    
                                                3.737631    4.950976    
                                                3.737631    0.541777    
                                                3.737631    0.114528    
                                                1.736262    4.950976    
                                                1.736262    0.541777    
  129.566500   51.346700   29.472870   13.423390    8.214456    4.447413
    2.939000    1.690174    1.185236    0.843000    0.500110    0.257369
    0.138520    0.071429    0.038519    0.018573    0.009726    0.005619
    0.002765    0.001010
  1  1
          1.

  1  1
                      1.

  1  1
                                  1.

  1  1
                                              1.

  1  1
                                                          1.

  1  1
                                                                      1.

  1  1

          1.
  1  1

                      1.
  8
  8 20
                                                1.736262    0.114528    
                                                1.173522    4.950976    
                                                1.173522    0.541777    
                                                1.173522    0.114528    
                                                0.862730    4.950976    
                                                0.862730    0.541777    
                                                0.862730    0.114528    
                                                0.307539    4.950976    
  129.566500   51.346700   29.472870   13.423390    8.214456    4.447413
    2.939000    1.690174    1.185236    0.843000    0.500110    0.257369
    0.138520    0.071429    0.038519    0.018573    0.009726    0.005619
    0.002765    0.001010
  1  1
          1.

  1  1
                      1.

  1  1
                                  1.

  1  1
                                              1.

  1  1
                                                          1.

  1  1
                                                                      1.

  1  1

          1.
  1  1

                      1.
  8
  8 20
                                                0.307539    0.541777    
                                                0.307539    0.114528    
                                                0.208892    4.950976    
                                                0.208892    0.541777    
                                                0.208892    0.114528    
                                                0.054658    4.950976    
                                                0.054658    0.541777    
                                                0.054658    0.114528    
  129.566500   51.346700   29.472870   13.423390    8.214456    4.447413
    2.939000    1.690174    1.185236    0.843000    0.500110    0.257369
    0.138520    0.071429    0.038519    0.018573    0.009726    0.005619
    0.002765    0.001010
  1  1
          1.

  1  1
                      1.

  1  1
                                  1.

  1  1
                                              1.

  1  1
                                                          1.

  1  1
                                                                      1.

  1  1

          1.
  1  1

                      1.
  8
  8 20
                                                7.273059    0.623564    
                                                7.273059    0.309829    
                                                7.273059    0.119551    
                                                3.970075    0.623564    
                                                3.970075    0.309829    
                                                3.970075    0.119551    
                                                1.467895    0.623564    
                                                1.467895    0.309829    
  129.566500   51.346700   29.472870   13.423390    8.214456    4.447413
    2.939000    1.690174    1.185236    0.843000    0.500110    0.257369
    0.138520    0.071429    0.038519    0.018573    0.009726    0.005619
    0.002765    0.001010
  1  1
          1.

  1  1
                      1.

  1  1
                                  1.

  1  1
                                              1.

  1  1
                                                          1.

  1  1
                                                                      1.

  1  1

          1.
  1  1

                      1.
  8
  8 20
                                                1.467895    0.119551    
                                                0.999194    0.623564    
                                                0.999194    0.309829    
                                                0.999194    0.119551    
                                                0.366913    0.623564    
                                                0.366913    0.309829    
                                                0.366913    0.119551    
                                                0.308552    0.623564    
  129.566500   51.346700   29.472870   13.423390    8.214456    4.447413
    2.939000    1.690174    1.185236    0.843000    0.500110    0.257369
    0.138520    0.071429    0.038519    0.018573    0.009726    0.005619
    0.002765    0.001010
  1  1
          1.

  1  1
                      1.

  1  1
                                  1.

  1  1
                                              1.

  1  1
                                                          1.

  1  1
                                                                      1.

  1  1

          1.
  1  1

                      1.
  8
  8 20
                                                0.308552    0.309829    
                                                0.308552    0.119551    
                                                0.122967    0.623564    
                                                0.122967    0.309829    
                                                0.122967    0.119551    
                                                0.059310    0.623564    
                                                0.059310    0.309829    
                                                0.059310    0.119551    
  129.566500   51.346700   29.472870   13.423390    8.214456    4.447413
    2.939000    1.690174    1.185236    0.843000    0.500110    0.257369
    0.138520    0.071429    0.038519    0.018573    0.009726    0.005619
    0.002765    0.001010
  1  1
          1.

  1  1
                      1.

  1  1
                                  1.

  1  1
                                              1.

  1  1
                                                          1.

  1  1
                                                                      1.

  1  1

          1.
  1  1

                      1.
  8
  8 20
                                                7.183551    4.472762    
                                                7.183551    0.358999    
                                                7.183551    0.079266    
                                                4.075687    4.472762    
                                                4.075687    0.358999    
                                                4.075687    0.079266    
                                                2.860133    4.472762    
                                                2.860133    0.358999    
  129.566500   51.346700   29.472870   13.423390    8.214456    4.447413
    2.939000    1.690174    1.185236    0.843000    0.500110    0.257369
    0.138520    0.071429    0.038519    0.018573    0.009726    0.005619
    0.002765    0.001010
  1  1
          1.

  1  1
                      1.

  1  1
                                  1.

  1  1
                                              1.

  1  1
                                                          1.

  1  1
                                                                      1.

  1  1

          1.
  1  1

                      1.
  8
  8 20
                                                2.860133    0.079266    
                                                1.619612    4.472762    
                                                1.619612    0.358999    
                                                1.619612    0.079266    
                                                0.983364    4.472762    
                                                0.983364    0.358999    
                                                0.983364    0.079266    
                                                0.874020    4.472762    
  129.566500   51.346700   29.472870   13.423390    8.214456    4.447413
    2.939000    1.690174    1.185236    0.843000    0.500110    0.257369
    0.138520    0.071429    0.038519    0.018573    0.009726    0.005619
    0.002765    0.001010
  1  1
          1.

  1  1
                      1.

  1  1
                                  1.

  1  1
                                              1.

  1  1
                                                          1.

  1  1
                                                                      1.

  1  1

          1.
  1  1

                      1.
  8
  8 20
                                                0.874020    0.358999    
                                                0.874020    0.079266    
                                                0.234171    4.472762    
                                                0.234171    0.358999    
                                                0.234171    0.079266    
                                                0.165614    4.472762    
                                                0.165614    0.358999    
                                                0.165614    0.079266    
  129.566500   51.346700   29.472870   13.423390    8.214456    4.447413
    2.939000    1.690174    1.185236    0.843000    0.500110    0.257369
    0.138520    0.071429    0.038519    0.018573    0.009726    0.005619
    0.002765    0.001010
  1  1
          1.

  1  1
                      1.

  1  1
                                  1.

  1  1
                                              1.

  1  1
                                                          1.

  1  1
                                                                      1.

  1  1

          1.
  1  1

                      1.
  8
  8 20
                                                7.923441    1.998478    
                                                7.923441    0.328058    
                                                7.923441    0.062498    
                                                3.982417    1.998478    
                                                3.982417    0.328058    
                                                3.982417    0.062498    
                                                1.999963    1.998478    
                                                1.999963    0.328058    
  129.566500   51.346700   29.472870   13.423390    8.214456    4.447413
    2.939000    1.690174    1.185236    0.843000    0.500110    0.257369
    0.138520    0.071429    0.038519    0.018573    0.009726    0.005619
    0.002765    0.001010
  1  1
          1.

  1  1
                      1.

  1  1
                                  1.

  1  1
                                              1.

  1  1
                                                          1.

  1  1
                                                                      1.

  1  1

          1.
  1  1

                      1.
  8
  8 20
                                                1.999963    0.062498    
                                                1.437070    1.998478    
                                                1.437070    0.328058    
                                                1.437070    0.062498    
                                                0.945175    1.998478    
                                                0.945175    0.328058    
                                                0.945175    0.062498    
                                                0.233639    1.998478    
  129.566500   51.346700   29.472870   13.423390    8.214456    4.447413
    2.939000    1.690174    1.185236    0.843000    0.500110    0.257369
    0.138520    0.071429    0.038519    0.018573    0.009726    0.005619
    0.002765    0.001010
  1  1
          1.

  1  1
                      1.

  1  1
                                  1.

  1  1
                                              1.

  1  1
                                                          1.

  1  1
                                                                      1.

  1  1

          1.
  1  1

                      1.
  8
  8 20
                                                0.233639    0.328058    
                                                0.233639    0.062498    
                                                0.048827    1.998478    
                                                0.048827    0.328058    
                                                0.048827    0.062498    
                                                0.025146    1.998478    
                                                0.025146    0.328058    
                                                0.025146    0.062498    
  129.566500   51.346700   29.472870   13.423390    8.214456    4.447413
    2.939000    1.690174    1.185236    0.843000    0.500110    0.257369
    0.138520    0.071429    0.038519    0.018573    0.009726    0.005619
    0.002765    0.001010
  1  1
          1.

  1  1
                      1.

  1  1
                                  1.

  1  1
                                              1.

  1  1
                                                          1.

  1  1
                                                                      1.

  1  1

          1.
  1  1

                      1.
eob-tni/np3s_np3s_S0_np3s_np3s_S0
elu-tni/000-0_000-0
eob-tni/np3s_np3s_S0_np3s_np3s_S0
elu-tni/000-0_000-0
eob-tni/np3s_np3s_S0_np3s_np3s_S0
elu-tni/000-0_000-0
eob-tni/np3s_np3s_S0_np3s_np3s_S0
elu-tni/000-0_000-0
eob-tni/np3s_np3s_S0_np3s_np3s_S0
elu-tni/000-0_000-0
eob-tni/np3s_np3s_S0_np3s_np3s_S0
elu-tni/000-0_000-0
eob-tni/hen_1s0_np3s_np3s_S0
elu-tni/000-0_000-0
eob-tni/hen_1s0_np3s_np3s_S0
elu-tni/000-0_000-0
eob-tni/hen_1s0_np3s_np3s_S0
elu-tni/000-0_000-0
eob-tni/hen_1s0_hen_1s0
elu-tni/000-0_000-0
eob-tni/hen_1s0_np3s_np3s_S0
elu-tni/000-0_000-0
eob-tni/hen_1s0_np3s_np3s_S0
elu-tni/000-0_000-0
eob-tni/hen_1s0_np3s_np3s_S0
elu-tni/000-0_000-0
eob-tni/hen_1s0_hen_1s0
elu-tni/000-0_000-0
eob-tni/hen_1s0_hen_1s0
elu-tni/000-0_000-0
eob-tni/hen_1s0_np3s_np3s_S0
elu-tni/000-0_000-0
eob-tni/hen_1s0_np3s_np3s_S0
elu-tni/000-0_000-0
eob-tni/hen_1s0_np3s_np3s_S0
elu-tni/000-0_000-0
eob-tni/hen_1s0_hen_1s0
elu-tni/000-0_000-0
eob-tni/hen_1s0_hen_1s0
elu-tni/000-0_000-0
eob-tni/hen_1s0_hen_1s0
elu-tni/000-0_000-0
eob-tni/hen_6s0_np3s_np3s_S0
elu-tni/000-0_000-0
eob-tni/hen_6s0_np3s_np3s_S0
elu-tni/000-0_000-0
eob-tni/hen_6s0_np3s_np3s_S0
elu-tni/000-0_000-0
eob-tni/hen_6s0_hen_1s0
elu-tni/000-0_000-0
eob-tni/hen_6s0_hen_1s0
elu-tni/000-0_000-0
eob-tni/hen_6s0_hen_1s0
elu-tni/000-0_000-0
eob-tni/hen_6s0_hen_6s0
elu-tni/000-0_000-0
eob-tni/hen_6s0_np3s_np3s_S0
elu-tni/000-0_000-0
eob-tni/hen_6s0_np3s_np3s_S0
elu-tni/000-0_000-0
eob-tni/hen_6s0_np3s_np3s_S0
elu-tni/000-0_000-0
eob-tni/hen_6s0_hen_1s0
elu-tni/000-0_000-0
eob-tni/hen_6s0_hen_1s0
elu-tni/000-0_000-0
eob-tni/hen_6s0_hen_1s0
elu-tni/000-0_000-0
eob-tni/hen_6s0_hen_6s0
elu-tni/000-0_000-0
eob-tni/hen_6s0_hen_6s0
elu-tni/000-0_000-0
eob-tni/hen_6s0_np3s_np3s_S0
elu-tni/000-0_000-0
eob-tni/hen_6s0_np3s_np3s_S0
elu-tni/000-0_000-0
eob-tni/hen_6s0_np3s_np3s_S0
elu-tni/000-0_000-0
eob-tni/hen_6s0_hen_1s0
elu-tni/000-0_000-0
eob-tni/hen_6s0_hen_1s0
elu-tni/000-0_000-0
eob-tni/hen_6s0_hen_1s0
elu-tni/000-0_000-0
eob-tni/hen_6s0_hen_6s0
elu-tni/000-0_000-0
eob-tni/hen_6s0_hen_6s0
elu-tni/000-0_000-0
eob-tni/hen_6s0_hen_6s0
elu-tni/000-0_000-0
eob-tni/hen_1s0_np3s_np3s_S0
elu-tni/000-0_000-0
eob-tni/hen_1s0_np3s_np3s_S0
elu-tni/000-0_000-0
eob-tni/hen_1s0_np3s_np3s_S0
elu-tni/000-0_000-0
eob-tni/hen_1s0_hen_1s0
elu-tni/000-0_000-0
eob-tni/hen_1s0_hen_1s0
elu-tni/000-0_000-0
eob-tni/hen_1s0_hen_1s0
elu-tni/000-0_000-0
eob-tni/hen_1s0_hen_6s0
elu-tni/000-0_000-0
eob-tni/hen_1s0_hen_6s0
elu-tni/000-0_000-0
eob-tni/hen_1s0_hen_6s0
elu-tni/000-0_000-0
eob-tni/hen_1s0_hen_1s0
elu-tni/000-0_000-0
eob-tni/hen_1s0_np3s_np3s_S0
elu-tni/000-0_000-0
eob-tni/hen_1s0_np3s_np3s_S0
elu-tni/000-0_000-0
eob-tni/hen_1s0_np3s_np3s_S0
elu-tni/000-0_000-0
eob-tni/hen_1s0_hen_1s0
elu-tni/000-0_000-0
eob-tni/hen_1s0_hen_1s0
elu-tni/000-0_000-0
eob-tni/hen_1s0_hen_1s0
elu-tni/000-0_000-0
eob-tni/hen_1s0_hen_6s0
elu-tni/000-0_000-0
eob-tni/hen_1s0_hen_6s0
elu-tni/000-0_000-0
eob-tni/hen_1s0_hen_6s0
elu-tni/000-0_000-0
eob-tni/hen_1s0_hen_1s0
elu-tni/000-0_000-0
eob-tni/hen_1s0_hen_1s0
elu-tni/000-0_000-0
eob-tni/hen_1s0_np3s_np3s_S0
elu-tni/000-0_000-0
eob-tni/hen_1s0_np3s_np3s_S0
elu-tni/000-0_000-0
eob-tni/hen_1s0_np3s_np3s_S0
elu-tni/000-0_000-0
eob-tni/hen_1s0_hen_1s0
elu-tni/000-0_000-0
eob-tni/hen_1s0_hen_1s0
elu-tni/000-0_000-0
eob-tni/hen_1s0_hen_1s0
elu-tni/000-0_000-0
eob-tni/hen_1s0_hen_6s0
elu-tni/000-0_000-0
eob-tni/hen_1s0_hen_6s0
elu-tni/000-0_000-0
eob-tni/hen_1s0_hen_6s0
elu-tni/000-0_000-0
eob-tni/hen_1s0_hen_1s0
elu-tni/000-0_000-0
eob-tni/hen_1s0_hen_1s0
elu-tni/000-0_000-0
eob-tni/hen_1s0_hen_1s0
elu-tni/000-0_000-0
eob-tni/hen_6s0_np3s_np3s_S0
elu-tni/000-0_000-0
eob-tni/hen_6s0_np3s_np3s_S0
elu-tni/000-0_000-0
eob-tni/hen_6s0_np3s_np3s_S0
elu-tni/000-0_000-0
eob-tni/hen_6s0_hen_1s0
elu-tni/000-0_000-0
eob-tni/hen_6s0_hen_1s0
elu-tni/000-0_000-0
eob-tni/hen_6s0_hen_1s0
elu-tni/000-0_000-0
eob-tni/hen_6s0_hen_6s0
elu-tni/000-0_000-0
eob-tni/hen_6s0_hen_6s0
elu-tni/000-0_000-0
eob-tni/hen_6s0_hen_6s0
elu-tni/000-0_000-0
eob-tni/hen_6s0_hen_1s0
elu-tni/000-0_000-0
eob-tni/hen_6s0_hen_1s0
elu-tni/000-0_000-0
eob-tni/hen_6s0_hen_1s0
elu-tni/000-0_000-0
eob-tni/hen_6s0_hen_6s0
elu-tni/000-0_000-0
eob-tni/hen_6s0_np3s_np3s_S0
elu-tni/000-0_000-0
eob-tni/hen_6s0_np3s_np3s_S0
elu-tni/000-0_000-0
eob-tni/hen_6s0_np3s_np3s_S0
elu-tni/000-0_000-0
eob-tni/hen_6s0_hen_1s0
elu-tni/000-0_000-0
eob-tni/hen_6s0_hen_1s0
elu-tni/000-0_000-0
eob-tni/hen_6s0_hen_1s0
elu-tni/000-0_000-0
eob-tni/hen_6s0_hen_6s0
elu-tni/000-0_000-0
eob-tni/hen_6s0_hen_6s0
elu-tni/000-0_000-0
eob-tni/hen_6s0_hen_6s0
elu-tni/000-0_000-0
eob-tni/hen_6s0_hen_1s0
elu-tni/000-0_000-0
eob-tni/hen_6s0_hen_1s0
elu-tni/000-0_000-0
eob-tni/hen_6s0_hen_1s0
elu-tni/000-0_000-0
eob-tni/hen_6s0_hen_6s0
elu-tni/000-0_000-0
eob-tni/hen_6s0_hen_6s0
elu-tni/000-0_000-0
eob-tni/hen_6s0_np3s_np3s_S0
elu-tni/000-0_000-0
eob-tni/hen_6s0_np3s_np3s_S0
elu-tni/000-0_000-0
eob-tni/hen_6s0_np3s_np3s_S0
elu-tni/000-0_000-0
eob-tni/hen_6s0_hen_1s0
elu-tni/000-0_000-0
eob-tni/hen_6s0_hen_1s0
elu-tni/000-0_000-0
eob-tni/hen_6s0_hen_1s0
elu-tni/000-0_000-0
eob-tni/hen_6s0_hen_6s0
elu-tni/000-0_000-0
eob-tni/hen_6s0_hen_6s0
elu-tni/000-0_000-0
eob-tni/hen_6s0_hen_6s0
elu-tni/000-0_000-0
eob-tni/hen_6s0_hen_1s0
elu-tni/000-0_000-0
eob-tni/hen_6s0_hen_1s0
elu-tni/000-0_000-0
eob-tni/hen_6s0_hen_1s0
elu-tni/000-0_000-0
eob-tni/hen_6s0_hen_6s0
elu-tni/000-0_000-0
eob-tni/hen_6s0_hen_6s0
elu-tni/000-0_000-0
eob-tni/hen_6s0_hen_6s0
elu-tni/000-0_000-0
