 11  2 12 31  1  1 +2  0  0 -1
  1  1  1  1  0  0  0  0  0  0  0  0  0  0  1  1
   0.0000000   1.0000000   1.0000000   1.0000000   1.0000000   1.0000000   1.0000000
   1.0000000   1.0000000   1.0000000   1.0000000   1.0000000   1.0000000   1.0000000
   1.0000000   1.0000000   1.0000000   1.0000000   1.0000000   1.0000000   1.0000000
   1.0000000   1.0000000   1.0000000   1.0000000   1.0000000   1.0000000   1.0000000
   1.0000000   1.0000000
   0 235   0   0   0   1
 264
4.806259309         
1.990878531         
2.551709218         
1.880650557         
0.953422876         
0.393807996         
0.113911170         
0.065502922         
1.990878531         
0.824674049         
1.056984814         
0.779014734         
0.394932735         
0.163125590         
0.047184991         
0.027133027         
2.551709218         
1.056984814         
1.354737544         
0.998463265         
0.506185327         
0.209078085         
0.060477008         
0.034776403         
1.880650557         
0.779014734         
0.998463265         
0.735883416         
0.373066692         
0.154093897         
0.044572523         
0.025630766         
0.953422876         
0.394932735         
0.506185327         
0.373066692         
0.189131531         
0.078120120         
0.022596682         
0.012993886         
0.393807996         
0.163125590         
0.209078085         
0.154093897         
0.078120120         
0.032267243         
0.009333481         
0.005367079         
0.113911170         
0.047184991         
0.060477008         
0.044572523         
0.022596682         
0.009333481         
0.002699762         
0.001552458         
0.065502922         
0.027133027         
0.034776403         
0.025630766         
0.012993886         
0.005367079         
0.001552458         
0.000892718         
4.806259309         
3.981757062         
5.103418436         
3.761301114         
1.906845751         
0.787615993         
0.227822340         
0.131005845         
0.824674049         
2.113969627         
1.558029469         
0.789865470         
0.326251180         
0.094369982         
0.054266053         
1.354737544         
1.996926530         
1.012370654         
0.418156171         
0.120954016         
0.069552806         
0.735883416         
0.746133384         
0.308187794         
0.089145047         
0.051261532         
0.189131531         
0.156240239         
0.045193365         
0.025987772         
0.032267243         
0.018666962         
0.010734158         
0.002699762         
0.003104916         
0.000892718         
4.806259395         
3.981757134         
5.103418528         
3.761301182         
1.906845785         
0.787616007         
0.227822344         
0.131005847         
0.824674064         
2.113969665         
1.558029497         
0.789865484         
0.326251186         
0.094369984         
0.054266054         
1.354737569         
1.996926566         
1.012370672         
0.418156178         
0.120954018         
0.069552807         
0.735883429         
0.746133398         
0.308187800         
0.089145048         
0.051261533         
0.189131534         
0.156240242         
0.045193366         
0.025987772         
0.032267244         
0.018666962         
0.010734159         
0.002699762         
0.003104916         
0.000892718         
5.119404000         
-1.837127000        
-0.895103100        
-0.228075900        
-7.749430000        
5.609073000         
-3.729115000        
-0.646194200        
39.503560000        
-20.163910000       
5.682557000         
0.703546400         
-29.377750000       
16.599930000        
-3.010383000        
-0.215692500        
5.010054000         
-3.179324000        
-0.268960400        
-0.159321000        
-0.237098800        
0.380170800         
-0.301896100        
-0.082753760        
0.014502510         
-0.008572494        
-0.176565000        
-0.045513790        
0.000200726         
-0.000896273        
0.001649783         
-0.010791830        
5.636263000         
-4.938053000        
1.083901000         
0.286617200         
45.408740000        
-39.143130000       
0.942357400         
0.312667700         
-48.312810000       
39.795490000        
0.115646700         
-0.058656630        
21.277540000        
-5.957167000        
-0.442669900        
0.105732200         
-15.734960000       
4.880654000         
0.917407200         
0.072933890         
0.240549800         
-0.022113290        
0.307695600         
0.114705000         
-0.113039600        
-0.035644450        
-0.330788400        
-0.080550200        
0.074381400         
0.022587150         
0.162659300         
0.123133800         
5.119404000         
-1.837127000        
-0.895103100        
-0.228075900        
-7.749430000        
5.609073000         
-3.729115000        
-0.646194200        
39.503560000        
-20.163910000       
5.682557000         
0.703546400         
-29.377750000       
16.599930000        
-3.010383000        
-0.215692500        
5.010054000         
-3.179324000        
-0.268960400        
-0.159321000        
-0.237098800        
0.380170800         
-0.301896100        
-0.082753760        
0.014502510         
-0.008572494        
-0.176565000        
-0.045513790        
0.000200726         
-0.000896273        
0.001649783         
-0.010791830        
5.636263000         
-4.938053000        
1.083901000         
0.286617200         
45.408740000        
-39.143130000       
0.942357400         
0.312667700         
-48.312810000       
39.795490000        
0.115646700         
-0.058656630        
21.277540000        
-5.957167000        
-0.442669900        
0.105732200         
-15.734960000       
4.880654000         
0.917407200         
0.072933890         
0.240549800         
-0.022113290        
0.307695600         
0.114705000         
-0.113039600        
-0.035644450        
-0.330788400        
-0.080550200        
0.074381400         
0.022587150         
0.162659300         
0.123133800         
  1  1  0
  64 201 202 203 204 205 206 207 208 209 210 211 212 213 214 215 216 217 218 219
 220 221 222 223 224 225 226 227 228 229 230 231 232 233 234 235 236 237 238 239
 240 241 242 243 244 245 246 247 248 249 250 251 252 253 254 255 256 257 258 259
 260 261 262 263 264
 201 202 203 204 205 206 207 208 209 210 211 212 213 214 215 216 217 218 219 220
 221 222 223 224 225 226 227 228 229 230 231 232 233 234 235 236 237 238 239 240
 241 242 243 244 245 246 247 248 249 250 251 252 253 254 255 256 257 258 259 260
 261 262 263 264
  1  1  1  1  1  1  1  1  1  1  1  1  1  1  1  1  1  1  1  1  1  1  1  1  1  1  1  1  1  1
  1  1  0
  64 137 138 139 140 141 142 143 144 145 146 147 148 149 150 151 152 153 154 155
 156 157 158 159 160 161 162 163 164 165 166 167 168 169 170 171 172 173 174 175
 176 177 178 179 180 181 182 183 184 185 186 187 188 189 190 191 192 193 194 195
 196 197 198 199 200
 137 138 139 140 141 142 143 144 145 146 147 148 149 150 151 152 153 154 155 156
 157 158 159 160 161 162 163 164 165 166 167 168 169 170 171 172 173 174 175 176
 177 178 179 180 181 182 183 184 185 186 187 188 189 190 191 192 193 194 195 196
 197 198 199 200
  1  1  1  1  1  1  1  1  1  1  1  1  1  1  1  1  1  1  1  1  1  1  1  1  1  1  1  1  1  1
  2  2  0
  36 101 102 103 104 105 106 107 108 109 110 111 112 113 114 115 116 117 118 119
 120 121 122 123 124 125 126 127 128 129 130 131 132 133 134 135 136
 101 102 103 104 105 106 107 108 109 110 111 112 113 114 115 116 117 118 119 120
 121 122 123 124 125 126 127 128 129 130 131 132 133 134 135 136
  1  1  1  1  1  1  1  1  1  1  1  1  1  1  1  1  1  1  1  1  1  1  1  1  1  1  1  1  1  1
  0  0  0
  36  65  66  67  68  69  70  71  72  73  74  75  76  77  78  79  80  81  82  83
  84  85  86  87  88  89  90  91  92  93  94  95  96  97  98  99 100
  65  66  67  68  69  70  71  72  73  74  75  76  77  78  79  80  81  82  83  84
  85  86  87  88  89  90  91  92  93  94  95  96  97  98  99 100
  1  1  1  1  1  1  1  1  1  1  1  1  1  1  1  1  1  1  1  1  1  1  1  1  1  1  1  1  1  1
  0  0  0
  64   1   2   3   4   5   6   7   8   9  10  11  12  13  14  15  16  17  18  19
  20  21  22  23  24  25  26  27  28  29  30  31  32  33  34  35  36  37  38  39
  40  41  42  43  44  45  46  47  48  49  50  51  52  53  54  55  56  57  58  59
  60  61  62  63  64
   1   2   3   4   5   6   7   8   9  10  11  12  13  14  15  16  17  18  19  20
  21  22  23  24  25  26  27  28  29  30  31  32  33  34  35  36  37  38  39  40
  41  42  43  44  45  46  47  48  49  50  51  52  53  54  55  56  57  58  59  60
  61  62  63  64
  1  1  1  1  1  1  1  1  1  1  1  1  1  1  1  1  1  1  1  1  1  1  1  1  1  1  1  1  1  1
  0  0  0 -1
   1   1
215 
  0  1  0  1  0  1  0  1  0  1  0  1  0  1  0  1  0  1  0  1
  0  0  0
   1   2
41  
  0  1  0  1  0  1  0  1  0  1  0  1  0  1  0  1  0  1  0  1
  0  0  0
   1   3
214 
  0  1  0  1  0  1  0  1  0  1  0  1  0  1  0  1  0  1  0  1
  0  0  0
   1   4
205 
  0  1  0  1  0  1  0  1  0  1  0  1  0  1  0  1  0  1  0  1
  0  0  0
   1   5
28  
  0  1  0  1  0  1  0  1  0  1  0  1  0  1  0  1  0  1  0  1
  0  0  0
   1   6
170 
  0  1  0  1  0  1  0  1  0  1  0  1  0  1  0  1  0  1  0  1
  0  0  0
   1   7
172 
  0  1  0  1  0  1  0  1  0  1  0  1  0  1  0  1  0  1  0  1
  0  0  0
   1   8
193 
  0  1  0  1  0  1  0  1  0  1  0  1  0  1  0  1  0  1  0  1
  0  0  0
   1   9
35  
  0  1  0  1  0  1  0  1  0  1  0  1  0  1  0  1  0  1  0  1
  0  0  0
   1  10
243 
  0  1  0  1  0  1  0  1  0  1  0  1  0  1  0  1  0  1  0  1
  0  0  0
   1  11
41  
  0  1  0  1  0  1  0  1  0  1  0  1  0  1  0  1  0  1  0  1
  0  0  0
   1  12
156 
  0  1  0  1  0  1  0  1  0  1  0  1  0  1  0  1  0  1  0  1
  0  0  0
   1  13
187 
  0  1  0  1  0  1  0  1  0  1  0  1  0  1  0  1  0  1  0  1
  0  0  0
   1  14
169 
  0  1  0  1  0  1  0  1  0  1  0  1  0  1  0  1  0  1  0  1
  0  0  0
   1  15
101 
  0  1  0  1  0  1  0  1  0  1  0  1  0  1  0  1  0  1  0  1
  0  0  0
   1  16
152 
  0  1  0  1  0  1  0  1  0  1  0  1  0  1  0  1  0  1  0  1
  0  0  0
   1  17
202 
  0  1  0  1  0  1  0  1  0  1  0  1  0  1  0  1  0  1  0  1
  0  0  0
   1  18
6   
  0  1  0  1  0  1  0  1  0  1  0  1  0  1  0  1  0  1  0  1
  0  0  0
   1  19
120 
  0  1  0  1  0  1  0  1  0  1  0  1  0  1  0  1  0  1  0  1
  0  0  0
   1  20
2   
  0  1  0  1  0  1  0  1  0  1  0  1  0  1  0  1  0  1  0  1
  0  0  0
   1  21
208 
  0  1  0  1  0  1  0  1  0  1  0  1  0  1  0  1  0  1  0  1
  0  0  0
   1  22
182 
  0  1  0  1  0  1  0  1  0  1  0  1  0  1  0  1  0  1  0  1
  0  0  0
   1  23
177 
  0  1  0  1  0  1  0  1  0  1  0  1  0  1  0  1  0  1  0  1
  0  0  0
   1  24
84  
  0  1  0  1  0  1  0  1  0  1  0  1  0  1  0  1  0  1  0  1
  0  0  0
   1  25
144 
  0  1  0  1  0  1  0  1  0  1  0  1  0  1  0  1  0  1  0  1
  0  0  0
   1  26
74  
  0  1  0  1  0  1  0  1  0  1  0  1  0  1  0  1  0  1  0  1
  0  0  0
   1  27
43  
  0  1  0  1  0  1  0  1  0  1  0  1  0  1  0  1  0  1  0  1
  0  0  0
   1  28
236 
  0  1  0  1  0  1  0  1  0  1  0  1  0  1  0  1  0  1  0  1
  0  0  0
   1  29
26  
  0  1  0  1  0  1  0  1  0  1  0  1  0  1  0  1  0  1  0  1
  0  0  0
   1  30
236 
  0  1  0  1  0  1  0  1  0  1  0  1  0  1  0  1  0  1  0  1
  0  0  0
   1  31
3   
  0  1  0  1  0  1  0  1  0  1  0  1  0  1  0  1  0  1  0  1
  0  0  0
   1  32
71  
  0  1  0  1  0  1  0  1  0  1  0  1  0  1  0  1  0  1  0  1
  0  0  0
   1  33
204 
  0  1  0  1  0  1  0  1  0  1  0  1  0  1  0  1  0  1  0  1
  0  0  0
   1  34
253 
  0  1  0  1  0  1  0  1  0  1  0  1  0  1  0  1  0  1  0  1
  0  0  0
   1  35
211 
  0  1  0  1  0  1  0  1  0  1  0  1  0  1  0  1  0  1  0  1
  0  0  0
   1  36
209 
  0  1  0  1  0  1  0  1  0  1  0  1  0  1  0  1  0  1  0  1
  0  0  0
   1  37
247 
  0  1  0  1  0  1  0  1  0  1  0  1  0  1  0  1  0  1  0  1
  0  0  0
   1  38
221 
  0  1  0  1  0  1  0  1  0  1  0  1  0  1  0  1  0  1  0  1
  0  0  0
   1  39
185 
  0  1  0  1  0  1  0  1  0  1  0  1  0  1  0  1  0  1  0  1
  0  0  0
   1  40
19  
  0  1  0  1  0  1  0  1  0  1  0  1  0  1  0  1  0  1  0  1
  0  0  0
   1  41
103 
  0  1  0  1  0  1  0  1  0  1  0  1  0  1  0  1  0  1  0  1
  0  0  0
   1  42
214 
  0  1  0  1  0  1  0  1  0  1  0  1  0  1  0  1  0  1  0  1
  0  0  0
   1  43
3   
  0  1  0  1  0  1  0  1  0  1  0  1  0  1  0  1  0  1  0  1
  0  0  0
   1  44
120 
  0  1  0  1  0  1  0  1  0  1  0  1  0  1  0  1  0  1  0  1
  0  0  0
   1  45
107 
  0  1  0  1  0  1  0  1  0  1  0  1  0  1  0  1  0  1  0  1
  0  0  0
   1  46
178 
  0  1  0  1  0  1  0  1  0  1  0  1  0  1  0  1  0  1  0  1
  0  0  0
   1  47
92  
  0  1  0  1  0  1  0  1  0  1  0  1  0  1  0  1  0  1  0  1
  0  0  0
   1  48
26  
  0  1  0  1  0  1  0  1  0  1  0  1  0  1  0  1  0  1  0  1
  0  0  0
   1  49
11  
  0  1  0  1  0  1  0  1  0  1  0  1  0  1  0  1  0  1  0  1
  0  0  0
   1  50
11  
  0  1  0  1  0  1  0  1  0  1  0  1  0  1  0  1  0  1  0  1
  0  0  0
   1  51
22  
  0  1  0  1  0  1  0  1  0  1  0  1  0  1  0  1  0  1  0  1
  0  0  0
   1  52
37  
  0  1  0  1  0  1  0  1  0  1  0  1  0  1  0  1  0  1  0  1
  0  0  0
   1  53
43  
  0  1  0  1  0  1  0  1  0  1  0  1  0  1  0  1  0  1  0  1
  0  0  0
   1  54
243 
  0  1  0  1  0  1  0  1  0  1  0  1  0  1  0  1  0  1  0  1
  0  0  0
   1  55
27  
  0  1  0  1  0  1  0  1  0  1  0  1  0  1  0  1  0  1  0  1
  0  0  0
   1  56
155 
  0  1  0  1  0  1  0  1  0  1  0  1  0  1  0  1  0  1  0  1
  0  0  0
   1  57
29  
  0  1  0  1  0  1  0  1  0  1  0  1  0  1  0  1  0  1  0  1
  0  0  0
   1  58
113 
  0  1  0  1  0  1  0  1  0  1  0  1  0  1  0  1  0  1  0  1
  0  0  0
   1  59
7   
  0  1  0  1  0  1  0  1  0  1  0  1  0  1  0  1  0  1  0  1
  0  0  0
   1  65
257 
  0  1  0  1  0  1  0  1  0  1  0  1  0  1  0  1  0  1  0  1
  0  0  0
   1  66
11  
  0  1  0  1  0  1  0  1  0  1  0  1  0  1  0  1  0  1  0  1
  0  0  0
   1  67
74  
  0  1  0  1  0  1  0  1  0  1  0  1  0  1  0  1  0  1  0  1
  0  0  0
   1  68
11  
  0  1  0  1  0  1  0  1  0  1  0  1  0  1  0  1  0  1  0  1
  0  0  0
   1  69
248 
  0  1  0  1  0  1  0  1  0  1  0  1  0  1  0  1  0  1  0  1
  0  0  0
   1  70
83  
  0  1  0  1  0  1  0  1  0  1  0  1  0  1  0  1  0  1  0  1
  0  0  0
   1  71
106 
  0  1  0  1  0  1  0  1  0  1  0  1  0  1  0  1  0  1  0  1
  0  0  0
   1  72
20  
  0  1  0  1  0  1  0  1  0  1  0  1  0  1  0  1  0  1  0  1
  0  0  0
   1  73
185 
  0  1  0  1  0  1  0  1  0  1  0  1  0  1  0  1  0  1  0  1
  0  0  0
   1  74
71  
  0  1  0  1  0  1  0  1  0  1  0  1  0  1  0  1  0  1  0  1
  0  0  0
   1  75
71  
  0  1  0  1  0  1  0  1  0  1  0  1  0  1  0  1  0  1  0  1
  0  0  0
   1  76
65  
  0  1  0  1  0  1  0  1  0  1  0  1  0  1  0  1  0  1  0  1
  0  0  0
   1  77
65  
  0  1  0  1  0  1  0  1  0  1  0  1  0  1  0  1  0  1  0  1
  0  0  0
   1  78
159 
  0  1  0  1  0  1  0  1  0  1  0  1  0  1  0  1  0  1  0  1
  0  0  0
   1  79
70  
  0  1  0  1  0  1  0  1  0  1  0  1  0  1  0  1  0  1  0  1
  0  0  0
   1  80
44  
  0  1  0  1  0  1  0  1  0  1  0  1  0  1  0  1  0  1  0  1
  0  0  0
   1  81
222 
  0  1  0  1  0  1  0  1  0  1  0  1  0  1  0  1  0  1  0  1
  0  0  0
   1  82
73  
  0  1  0  1  0  1  0  1  0  1  0  1  0  1  0  1  0  1  0  1
  0  0  0
   1  83
70  
  0  1  0  1  0  1  0  1  0  1  0  1  0  1  0  1  0  1  0  1
  0  0  0
   1  84
33  
  0  1  0  1  0  1  0  1  0  1  0  1  0  1  0  1  0  1  0  1
  0  0  0
   1  85
9   
  0  1  0  1  0  1  0  1  0  1  0  1  0  1  0  1  0  1  0  1
  0  0  0
   1  86
159 
  0  1  0  1  0  1  0  1  0  1  0  1  0  1  0  1  0  1  0  1
  0  0  0
   1  87
143 
  0  1  0  1  0  1  0  1  0  1  0  1  0  1  0  1  0  1  0  1
  0  0  0
   1  88
112 
  0  1  0  1  0  1  0  1  0  1  0  1  0  1  0  1  0  1  0  1
  0  0  0
   1  89
106 
  0  1  0  1  0  1  0  1  0  1  0  1  0  1  0  1  0  1  0  1
  0  0  0
   1  90
103 
  0  1  0  1  0  1  0  1  0  1  0  1  0  1  0  1  0  1  0  1
  0  0  0
   1  91
179 
  0  1  0  1  0  1  0  1  0  1  0  1  0  1  0  1  0  1  0  1
  0  0  0
   1  92
140 
  0  1  0  1  0  1  0  1  0  1  0  1  0  1  0  1  0  1  0  1
  0  0  0
   1  93
29  
  0  1  0  1  0  1  0  1  0  1  0  1  0  1  0  1  0  1  0  1
  0  0  0
   1  94
128 
  0  1  0  1  0  1  0  1  0  1  0  1  0  1  0  1  0  1  0  1
  0  0  0
   1  95
185 
  0  1  0  1  0  1  0  1  0  1  0  1  0  1  0  1  0  1  0  1
  2  2  0
   1 101
20  
  0  1  0  1  0  1  0  1  0  1  0  1  0  1  0  1  0  1  0  1
  2  2  0
   1 102
141 
  0  1  0  1  0  1  0  1  0  1  0  1  0  1  0  1  0  1  0  1
  2  2  0
   1 103
192 
  0  1  0  1  0  1  0  1  0  1  0  1  0  1  0  1  0  1  0  1
  2  2  0
   1 104
6   
  0  1  0  1  0  1  0  1  0  1  0  1  0  1  0  1  0  1  0  1
  2  2  0
   1 105
191 
  0  1  0  1  0  1  0  1  0  1  0  1  0  1  0  1  0  1  0  1
  2  2  0
   1 106
148 
  0  1  0  1  0  1  0  1  0  1  0  1  0  1  0  1  0  1  0  1
  2  2  0
   1 107
237 
  0  1  0  1  0  1  0  1  0  1  0  1  0  1  0  1  0  1  0  1
  2  2  0
   1 108
191 
  0  1  0  1  0  1  0  1  0  1  0  1  0  1  0  1  0  1  0  1
  2  2  0
   1 109
195 
  0  1  0  1  0  1  0  1  0  1  0  1  0  1  0  1  0  1  0  1
  2  2  0
   1 110
70  
  0  1  0  1  0  1  0  1  0  1  0  1  0  1  0  1  0  1  0  1
  2  2  0
   1 111
199 
  0  1  0  1  0  1  0  1  0  1  0  1  0  1  0  1  0  1  0  1
  2  2  0
   1 112
28  
  0  1  0  1  0  1  0  1  0  1  0  1  0  1  0  1  0  1  0  1
  2  2  0
   1 113
159 
  0  1  0  1  0  1  0  1  0  1  0  1  0  1  0  1  0  1  0  1
  2  2  0
   1 114
236 
  0  1  0  1  0  1  0  1  0  1  0  1  0  1  0  1  0  1  0  1
  2  2  0
   1 115
152 
  0  1  0  1  0  1  0  1  0  1  0  1  0  1  0  1  0  1  0  1
  2  2  0
   1 116
128 
  0  1  0  1  0  1  0  1  0  1  0  1  0  1  0  1  0  1  0  1
  2  2  0
   1 117
170 
  0  1  0  1  0  1  0  1  0  1  0  1  0  1  0  1  0  1  0  1
  2  2  0
   1 118
151 
  0  1  0  1  0  1  0  1  0  1  0  1  0  1  0  1  0  1  0  1
  2  2  0
   1 119
4   
  0  1  0  1  0  1  0  1  0  1  0  1  0  1  0  1  0  1  0  1
  2  2  0
   1 120
70  
  0  1  0  1  0  1  0  1  0  1  0  1  0  1  0  1  0  1  0  1
  2  2  0
   1 121
107 
  0  1  0  1  0  1  0  1  0  1  0  1  0  1  0  1  0  1  0  1
  2  2  0
   1 122
219 
  0  1  0  1  0  1  0  1  0  1  0  1  0  1  0  1  0  1  0  1
  2  2  0
   1 123
128 
  0  1  0  1  0  1  0  1  0  1  0  1  0  1  0  1  0  1  0  1
  2  2  0
   1 124
21  
  0  1  0  1  0  1  0  1  0  1  0  1  0  1  0  1  0  1  0  1
  2  2  0
   1 125
118 
  0  1  0  1  0  1  0  1  0  1  0  1  0  1  0  1  0  1  0  1
  2  2  0
   1 126
249 
  0  1  0  1  0  1  0  1  0  1  0  1  0  1  0  1  0  1  0  1
  2  2  0
   1 127
149 
  0  1  0  1  0  1  0  1  0  1  0  1  0  1  0  1  0  1  0  1
  2  2  0
   1 128
158 
  0  1  0  1  0  1  0  1  0  1  0  1  0  1  0  1  0  1  0  1
  2  2  0
   1 129
236 
  0  1  0  1  0  1  0  1  0  1  0  1  0  1  0  1  0  1  0  1
  2  2  0
   1 130
35  
  0  1  0  1  0  1  0  1  0  1  0  1  0  1  0  1  0  1  0  1
  2  2  0
   1 131
1   
  0  1  0  1  0  1  0  1  0  1  0  1  0  1  0  1  0  1  0  1
  1  1  0
   1 137
128 
  0  1  0  1  0  1  0  1  0  1  0  1  0  1  0  1  0  1  0  1
  1  1  0
   1 138
122 
  0  1  0  1  0  1  0  1  0  1  0  1  0  1  0  1  0  1  0  1
  1  1  0
   1 139
199 
  0  1  0  1  0  1  0  1  0  1  0  1  0  1  0  1  0  1  0  1
  1  1  0
   1 140
212 
  0  1  0  1  0  1  0  1  0  1  0  1  0  1  0  1  0  1  0  1
  1  1  0
   1 141
37  
  0  1  0  1  0  1  0  1  0  1  0  1  0  1  0  1  0  1  0  1
  1  1  0
   1 142
28  
  0  1  0  1  0  1  0  1  0  1  0  1  0  1  0  1  0  1  0  1
  1  1  0
   1 143
242 
  0  1  0  1  0  1  0  1  0  1  0  1  0  1  0  1  0  1  0  1
  1  1  0
   1 144
150 
  0  1  0  1  0  1  0  1  0  1  0  1  0  1  0  1  0  1  0  1
  1  1  0
   1 145
68  
  0  1  0  1  0  1  0  1  0  1  0  1  0  1  0  1  0  1  0  1
  1  1  0
   1 146
216 
  0  1  0  1  0  1  0  1  0  1  0  1  0  1  0  1  0  1  0  1
  1  1  0
   1 147
142 
  0  1  0  1  0  1  0  1  0  1  0  1  0  1  0  1  0  1  0  1
  1  1  0
   1 148
150 
  0  1  0  1  0  1  0  1  0  1  0  1  0  1  0  1  0  1  0  1
  1  1  0
   1 149
9   
  0  1  0  1  0  1  0  1  0  1  0  1  0  1  0  1  0  1  0  1
  1  1  0
   1 150
102 
  0  1  0  1  0  1  0  1  0  1  0  1  0  1  0  1  0  1  0  1
  1  1  0
   1 151
70  
  0  1  0  1  0  1  0  1  0  1  0  1  0  1  0  1  0  1  0  1
  1  1  0
   1 152
84  
  0  1  0  1  0  1  0  1  0  1  0  1  0  1  0  1  0  1  0  1
  1  1  0
   1 153
13  
  0  1  0  1  0  1  0  1  0  1  0  1  0  1  0  1  0  1  0  1
  1  1  0
   1 154
141 
  0  1  0  1  0  1  0  1  0  1  0  1  0  1  0  1  0  1  0  1
  1  1  0
   1 155
208 
  0  1  0  1  0  1  0  1  0  1  0  1  0  1  0  1  0  1  0  1
  1  1  0
   1 156
22  
  0  1  0  1  0  1  0  1  0  1  0  1  0  1  0  1  0  1  0  1
  1  1  0
   1 157
13  
  0  1  0  1  0  1  0  1  0  1  0  1  0  1  0  1  0  1  0  1
  1  1  0
   1 158
153 
  0  1  0  1  0  1  0  1  0  1  0  1  0  1  0  1  0  1  0  1
  1  1  0
   1 159
139 
  0  1  0  1  0  1  0  1  0  1  0  1  0  1  0  1  0  1  0  1
  1  1  0
   1 160
236 
  0  1  0  1  0  1  0  1  0  1  0  1  0  1  0  1  0  1  0  1
  1  1  0
   1 161
264 
  0  1  0  1  0  1  0  1  0  1  0  1  0  1  0  1  0  1  0  1
  1  1  0
   1 162
247 
  0  1  0  1  0  1  0  1  0  1  0  1  0  1  0  1  0  1  0  1
  1  1  0
   1 163
148 
  0  1  0  1  0  1  0  1  0  1  0  1  0  1  0  1  0  1  0  1
  1  1  0
   1 164
87  
  0  1  0  1  0  1  0  1  0  1  0  1  0  1  0  1  0  1  0  1
  1  1  0
   1 165
107 
  0  1  0  1  0  1  0  1  0  1  0  1  0  1  0  1  0  1  0  1
  1  1  0
   1 166
11  
  0  1  0  1  0  1  0  1  0  1  0  1  0  1  0  1  0  1  0  1
  1  1  0
   1 167
182 
  0  1  0  1  0  1  0  1  0  1  0  1  0  1  0  1  0  1  0  1
  1  1  0
   1 168
177 
  0  1  0  1  0  1  0  1  0  1  0  1  0  1  0  1  0  1  0  1
  1  1  0
   1 169
86  
  0  1  0  1  0  1  0  1  0  1  0  1  0  1  0  1  0  1  0  1
  1  1  0
   1 170
263 
  0  1  0  1  0  1  0  1  0  1  0  1  0  1  0  1  0  1  0  1
  1  1  0
   1 171
246 
  0  1  0  1  0  1  0  1  0  1  0  1  0  1  0  1  0  1  0  1
  1  1  0
   1 172
249 
  0  1  0  1  0  1  0  1  0  1  0  1  0  1  0  1  0  1  0  1
  1  1  0
   1 173
184 
  0  1  0  1  0  1  0  1  0  1  0  1  0  1  0  1  0  1  0  1
  1  1  0
   1 174
3   
  0  1  0  1  0  1  0  1  0  1  0  1  0  1  0  1  0  1  0  1
  1  1  0
   1 175
127 
  0  1  0  1  0  1  0  1  0  1  0  1  0  1  0  1  0  1  0  1
  1  1  0
   1 176
42  
  0  1  0  1  0  1  0  1  0  1  0  1  0  1  0  1  0  1  0  1
  1  1  0
   1 177
233 
  0  1  0  1  0  1  0  1  0  1  0  1  0  1  0  1  0  1  0  1
  1  1  0
   1 178
33  
  0  1  0  1  0  1  0  1  0  1  0  1  0  1  0  1  0  1  0  1
  1  1  0
   1 179
29  
  0  1  0  1  0  1  0  1  0  1  0  1  0  1  0  1  0  1  0  1
  1  1  0
   1 180
155 
  0  1  0  1  0  1  0  1  0  1  0  1  0  1  0  1  0  1  0  1
  1  1  0
   1 181
77  
  0  1  0  1  0  1  0  1  0  1  0  1  0  1  0  1  0  1  0  1
  1  1  0
   1 182
108 
  0  1  0  1  0  1  0  1  0  1  0  1  0  1  0  1  0  1  0  1
  1  1  0
   1 183
103 
  0  1  0  1  0  1  0  1  0  1  0  1  0  1  0  1  0  1  0  1
  1  1  0
   1 184
209 
  0  1  0  1  0  1  0  1  0  1  0  1  0  1  0  1  0  1  0  1
  1  1  0
   1 185
83  
  0  1  0  1  0  1  0  1  0  1  0  1  0  1  0  1  0  1  0  1
  1  1  0
   1 186
109 
  0  1  0  1  0  1  0  1  0  1  0  1  0  1  0  1  0  1  0  1
  1  1  0
   1 187
70  
  0  1  0  1  0  1  0  1  0  1  0  1  0  1  0  1  0  1  0  1
  1  1  0
   1 188
83  
  0  1  0  1  0  1  0  1  0  1  0  1  0  1  0  1  0  1  0  1
  1  1  0
   1 189
256 
  0  1  0  1  0  1  0  1  0  1  0  1  0  1  0  1  0  1  0  1
  1  1  0
   1 190
240 
  0  1  0  1  0  1  0  1  0  1  0  1  0  1  0  1  0  1  0  1
  1  1  0
   1 191
174 
  0  1  0  1  0  1  0  1  0  1  0  1  0  1  0  1  0  1  0  1
  1  1  0
   1 192
163 
  0  1  0  1  0  1  0  1  0  1  0  1  0  1  0  1  0  1  0  1
  1  1  0
   1 193
139 
  0  1  0  1  0  1  0  1  0  1  0  1  0  1  0  1  0  1  0  1
  1  1  0
   1 194
116 
  0  1  0  1  0  1  0  1  0  1  0  1  0  1  0  1  0  1  0  1
  1  1  0
   1 195
163 
  0  1  0  1  0  1  0  1  0  1  0  1  0  1  0  1  0  1  0  1
  1  1  0
   1 201
217 
  0  1  0  1  0  1  0  1  0  1  0  1  0  1  0  1  0  1  0  1
  1  1  0
   1 202
105 
  0  1  0  1  0  1  0  1  0  1  0  1  0  1  0  1  0  1  0  1
  1  1  0
   1 203
11  
  0  1  0  1  0  1  0  1  0  1  0  1  0  1  0  1  0  1  0  1
  1  1  0
   1 204
181 
  0  1  0  1  0  1  0  1  0  1  0  1  0  1  0  1  0  1  0  1
  1  1  0
   1 205
152 
  0  1  0  1  0  1  0  1  0  1  0  1  0  1  0  1  0  1  0  1
  1  1  0
   1 206
201 
  0  1  0  1  0  1  0  1  0  1  0  1  0  1  0  1  0  1  0  1
  1  1  0
   1 207
212 
  0  1  0  1  0  1  0  1  0  1  0  1  0  1  0  1  0  1  0  1
  1  1  0
   1 208
243 
  0  1  0  1  0  1  0  1  0  1  0  1  0  1  0  1  0  1  0  1
  1  1  0
   1 209
218 
  0  1  0  1  0  1  0  1  0  1  0  1  0  1  0  1  0  1  0  1
  1  1  0
   1 210
172 
  0  1  0  1  0  1  0  1  0  1  0  1  0  1  0  1  0  1  0  1
  1  1  0
   1 211
214 
  0  1  0  1  0  1  0  1  0  1  0  1  0  1  0  1  0  1  0  1
  1  1  0
   1 212
207 
  0  1  0  1  0  1  0  1  0  1  0  1  0  1  0  1  0  1  0  1
  1  1  0
   1 213
141 
  0  1  0  1  0  1  0  1  0  1  0  1  0  1  0  1  0  1  0  1
  1  1  0
   1 214
25  
  0  1  0  1  0  1  0  1  0  1  0  1  0  1  0  1  0  1  0  1
  1  1  0
   1 215
150 
  0  1  0  1  0  1  0  1  0  1  0  1  0  1  0  1  0  1  0  1
  1  1  0
   1 216
13  
  0  1  0  1  0  1  0  1  0  1  0  1  0  1  0  1  0  1  0  1
  1  1  0
   1 217
170 
  0  1  0  1  0  1  0  1  0  1  0  1  0  1  0  1  0  1  0  1
  1  1  0
   1 218
186 
  0  1  0  1  0  1  0  1  0  1  0  1  0  1  0  1  0  1  0  1
  1  1  0
   1 219
120 
  0  1  0  1  0  1  0  1  0  1  0  1  0  1  0  1  0  1  0  1
  1  1  0
   1 220
4   
  0  1  0  1  0  1  0  1  0  1  0  1  0  1  0  1  0  1  0  1
  1  1  0
   1 221
142 
  0  1  0  1  0  1  0  1  0  1  0  1  0  1  0  1  0  1  0  1
  1  1  0
   1 222
67  
  0  1  0  1  0  1  0  1  0  1  0  1  0  1  0  1  0  1  0  1
  1  1  0
   1 223
26  
  0  1  0  1  0  1  0  1  0  1  0  1  0  1  0  1  0  1  0  1
  1  1  0
   1 224
13  
  0  1  0  1  0  1  0  1  0  1  0  1  0  1  0  1  0  1  0  1
  1  1  0
   1 225
220 
  0  1  0  1  0  1  0  1  0  1  0  1  0  1  0  1  0  1  0  1
  1  1  0
   1 226
204 
  0  1  0  1  0  1  0  1  0  1  0  1  0  1  0  1  0  1  0  1
  1  1  0
   1 227
243 
  0  1  0  1  0  1  0  1  0  1  0  1  0  1  0  1  0  1  0  1
  1  1  0
   1 228
128 
  0  1  0  1  0  1  0  1  0  1  0  1  0  1  0  1  0  1  0  1
  1  1  0
   1 229
74  
  0  1  0  1  0  1  0  1  0  1  0  1  0  1  0  1  0  1  0  1
  1  1  0
   1 230
248 
  0  1  0  1  0  1  0  1  0  1  0  1  0  1  0  1  0  1  0  1
  1  1  0
   1 231
36  
  0  1  0  1  0  1  0  1  0  1  0  1  0  1  0  1  0  1  0  1
  1  1  0
   1 232
222 
  0  1  0  1  0  1  0  1  0  1  0  1  0  1  0  1  0  1  0  1
  1  1  0
   1 233
33  
  0  1  0  1  0  1  0  1  0  1  0  1  0  1  0  1  0  1  0  1
  1  1  0
   1 234
3   
  0  1  0  1  0  1  0  1  0  1  0  1  0  1  0  1  0  1  0  1
  1  1  0
   1 235
35  
  0  1  0  1  0  1  0  1  0  1  0  1  0  1  0  1  0  1  0  1
  1  1  0
   1 236
146 
  0  1  0  1  0  1  0  1  0  1  0  1  0  1  0  1  0  1  0  1
  1  1  0
   1 237
122 
  0  1  0  1  0  1  0  1  0  1  0  1  0  1  0  1  0  1  0  1
  1  1  0
   1 238
257 
  0  1  0  1  0  1  0  1  0  1  0  1  0  1  0  1  0  1  0  1
  1  1  0
   1 239
264 
  0  1  0  1  0  1  0  1  0  1  0  1  0  1  0  1  0  1  0  1
  1  1  0
   1 240
233 
  0  1  0  1  0  1  0  1  0  1  0  1  0  1  0  1  0  1  0  1
  1  1  0
   1 241
122 
  0  1  0  1  0  1  0  1  0  1  0  1  0  1  0  1  0  1  0  1
  1  1  0
   1 242
34  
  0  1  0  1  0  1  0  1  0  1  0  1  0  1  0  1  0  1  0  1
  1  1  0
   1 243
120 
  0  1  0  1  0  1  0  1  0  1  0  1  0  1  0  1  0  1  0  1
  1  1  0
   1 244
158 
  0  1  0  1  0  1  0  1  0  1  0  1  0  1  0  1  0  1  0  1
  1  1  0
   1 245
239 
  0  1  0  1  0  1  0  1  0  1  0  1  0  1  0  1  0  1  0  1
  1  1  0
   1 246
193 
  0  1  0  1  0  1  0  1  0  1  0  1  0  1  0  1  0  1  0  1
  1  1  0
   1 247
75  
  0  1  0  1  0  1  0  1  0  1  0  1  0  1  0  1  0  1  0  1
  1  1  0
   1 248
146 
  0  1  0  1  0  1  0  1  0  1  0  1  0  1  0  1  0  1  0  1
  1  1  0
   1 249
251 
  0  1  0  1  0  1  0  1  0  1  0  1  0  1  0  1  0  1  0  1
  1  1  0
   1 250
41  
  0  1  0  1  0  1  0  1  0  1  0  1  0  1  0  1  0  1  0  1
  1  1  0
   1 251
137 
  0  1  0  1  0  1  0  1  0  1  0  1  0  1  0  1  0  1  0  1
  1  1  0
   1 252
186 
  0  1  0  1  0  1  0  1  0  1  0  1  0  1  0  1  0  1  0  1
  1  1  0
   1 253
238 
  0  1  0  1  0  1  0  1  0  1  0  1  0  1  0  1  0  1  0  1
  1  1  0
   1 254
203 
  0  1  0  1  0  1  0  1  0  1  0  1  0  1  0  1  0  1  0  1
  1  1  0
   1 255
207 
  0  1  0  1  0  1  0  1  0  1  0  1  0  1  0  1  0  1  0  1
  1  1  0
   1 256
9   
  0  1  0  1  0  1  0  1  0  1  0  1  0  1  0  1  0  1  0  1
  1  1  0
   1 257
37  
  0  1  0  1  0  1  0  1  0  1  0  1  0  1  0  1  0  1  0  1
  1  1  0
   1 258
246 
  0  1  0  1  0  1  0  1  0  1  0  1  0  1  0  1  0  1  0  1
  1  1  0
   1 259
9   
  0  1  0  1  0  1  0  1  0  1  0  1  0  1  0  1  0  1  0  1
