 10  8  9  3 00  0  0  0
nn_pot
  8
  8 30
                                                24.748285   24.748285   
                                                24.748285   6.230094    
                                                24.748285   1.794893    
                                                24.748285   0.559270    
                                                24.748285   0.184743    
                                                24.748285   0.058270    
                                                24.748285   0.014395    
                                                24.748285   0.000490    
   31.622777   19.638280   12.195705    7.573739    4.703420    2.920904
    1.813931    1.126482    0.699564    0.434441    0.269795    0.167547
    0.104050    0.064617    0.040128    0.024920    0.015476    0.009611
    0.005968    0.003707    0.002302    0.001429    0.000888    0.000551
    0.000342    0.000213    0.000132    0.000082    0.000051    0.000032
  1  1
          1.

  1  1
                      1.

  1  1
                                  1.

  1  1
                                              1.

  1  1
                                                          1.

  1  1
                                                                      1.

  1  1

          1.
  1  1

                      1.
  8
  8 30
                                                6.230094    24.748285   
                                                6.230094    6.230094    
                                                6.230094    1.794893    
                                                6.230094    0.559270    
                                                6.230094    0.184743    
                                                6.230094    0.058270    
                                                6.230094    0.014395    
                                                6.230094    0.000490    
   31.622777   19.638280   12.195705    7.573739    4.703420    2.920904
    1.813931    1.126482    0.699564    0.434441    0.269795    0.167547
    0.104050    0.064617    0.040128    0.024920    0.015476    0.009611
    0.005968    0.003707    0.002302    0.001429    0.000888    0.000551
    0.000342    0.000213    0.000132    0.000082    0.000051    0.000032
  1  1
          1.

  1  1
                      1.

  1  1
                                  1.

  1  1
                                              1.

  1  1
                                                          1.

  1  1
                                                                      1.

  1  1

          1.
  1  1

                      1.
  8
  8 30
                                                1.794893    24.748285   
                                                1.794893    6.230094    
                                                1.794893    1.794893    
                                                1.794893    0.559270    
                                                1.794893    0.184743    
                                                1.794893    0.058270    
                                                1.794893    0.014395    
                                                1.794893    0.000490    
   31.622777   19.638280   12.195705    7.573739    4.703420    2.920904
    1.813931    1.126482    0.699564    0.434441    0.269795    0.167547
    0.104050    0.064617    0.040128    0.024920    0.015476    0.009611
    0.005968    0.003707    0.002302    0.001429    0.000888    0.000551
    0.000342    0.000213    0.000132    0.000082    0.000051    0.000032
  1  1
          1.

  1  1
                      1.

  1  1
                                  1.

  1  1
                                              1.

  1  1
                                                          1.

  1  1
                                                                      1.

  1  1

          1.
  1  1

                      1.
  8
  8 30
                                                0.559270    24.748285   
                                                0.559270    6.230094    
                                                0.559270    1.794893    
                                                0.559270    0.559270    
                                                0.559270    0.184743    
                                                0.559270    0.058270    
                                                0.559270    0.014395    
                                                0.559270    0.000490    
   31.622777   19.638280   12.195705    7.573739    4.703420    2.920904
    1.813931    1.126482    0.699564    0.434441    0.269795    0.167547
    0.104050    0.064617    0.040128    0.024920    0.015476    0.009611
    0.005968    0.003707    0.002302    0.001429    0.000888    0.000551
    0.000342    0.000213    0.000132    0.000082    0.000051    0.000032
  1  1
          1.

  1  1
                      1.

  1  1
                                  1.

  1  1
                                              1.

  1  1
                                                          1.

  1  1
                                                                      1.

  1  1

          1.
  1  1

                      1.
  8
  8 30
                                                0.184743    24.748285   
                                                0.184743    6.230094    
                                                0.184743    1.794893    
                                                0.184743    0.559270    
                                                0.184743    0.184743    
                                                0.184743    0.058270    
                                                0.184743    0.014395    
                                                0.184743    0.000490    
   31.622777   19.638280   12.195705    7.573739    4.703420    2.920904
    1.813931    1.126482    0.699564    0.434441    0.269795    0.167547
    0.104050    0.064617    0.040128    0.024920    0.015476    0.009611
    0.005968    0.003707    0.002302    0.001429    0.000888    0.000551
    0.000342    0.000213    0.000132    0.000082    0.000051    0.000032
  1  1
          1.

  1  1
                      1.

  1  1
                                  1.

  1  1
                                              1.

  1  1
                                                          1.

  1  1
                                                                      1.

  1  1

          1.
  1  1

                      1.
  8
  8 30
                                                0.058270    24.748285   
                                                0.058270    6.230094    
                                                0.058270    1.794893    
                                                0.058270    0.559270    
                                                0.058270    0.184743    
                                                0.058270    0.058270    
                                                0.058270    0.014395    
                                                0.058270    0.000490    
   31.622777   19.638280   12.195705    7.573739    4.703420    2.920904
    1.813931    1.126482    0.699564    0.434441    0.269795    0.167547
    0.104050    0.064617    0.040128    0.024920    0.015476    0.009611
    0.005968    0.003707    0.002302    0.001429    0.000888    0.000551
    0.000342    0.000213    0.000132    0.000082    0.000051    0.000032
  1  1
          1.

  1  1
                      1.

  1  1
                                  1.

  1  1
                                              1.

  1  1
                                                          1.

  1  1
                                                                      1.

  1  1

          1.
  1  1

                      1.
  8
  8 30
                                                0.014395    24.748285   
                                                0.014395    6.230094    
                                                0.014395    1.794893    
                                                0.014395    0.559270    
                                                0.014395    0.184743    
                                                0.014395    0.058270    
                                                0.014395    0.014395    
                                                0.014395    0.000490    
   31.622777   19.638280   12.195705    7.573739    4.703420    2.920904
    1.813931    1.126482    0.699564    0.434441    0.269795    0.167547
    0.104050    0.064617    0.040128    0.024920    0.015476    0.009611
    0.005968    0.003707    0.002302    0.001429    0.000888    0.000551
    0.000342    0.000213    0.000132    0.000082    0.000051    0.000032
  1  1
          1.

  1  1
                      1.

  1  1
                                  1.

  1  1
                                              1.

  1  1
                                                          1.

  1  1
                                                                      1.

  1  1

          1.
  1  1

                      1.
  8
  8 30
                                                0.000490    24.748285   
                                                0.000490    6.230094    
                                                0.000490    1.794893    
                                                0.000490    0.559270    
                                                0.000490    0.184743    
                                                0.000490    0.058270    
                                                0.000490    0.014395    
                                                0.000490    0.000490    
   31.622777   19.638280   12.195705    7.573739    4.703420    2.920904
    1.813931    1.126482    0.699564    0.434441    0.269795    0.167547
    0.104050    0.064617    0.040128    0.024920    0.015476    0.009611
    0.005968    0.003707    0.002302    0.001429    0.000888    0.000551
    0.000342    0.000213    0.000132    0.000082    0.000051    0.000032
  1  1
          1.

  1  1
                      1.

  1  1
                                  1.

  1  1
                                              1.

  1  1
                                                          1.

  1  1
                                                                      1.

  1  1

          1.
  1  1

                      1.
  8
  8 30
                                                24.748285   24.748285   
                                                24.748285   6.230094    
                                                24.748285   1.794893    
                                                24.748285   0.559270    
                                                24.748285   0.184743    
                                                24.748285   0.058270    
                                                24.748285   0.014395    
                                                24.748285   0.000490    
   31.622777   19.638280   12.195705    7.573739    4.703420    2.920904
    1.813931    1.126482    0.699564    0.434441    0.269795    0.167547
    0.104050    0.064617    0.040128    0.024920    0.015476    0.009611
    0.005968    0.003707    0.002302    0.001429    0.000888    0.000551
    0.000342    0.000213    0.000132    0.000082    0.000051    0.000032
  1  1
          1.

  1  1
                      1.

  1  1
                                  1.

  1  1
                                              1.

  1  1
                                                          1.

  1  1
                                                                      1.

  1  1

          1.
  1  1

                      1.
  8
  8 30
                                                6.230094    6.230094    
                                                6.230094    1.794893    
                                                6.230094    0.559270    
                                                6.230094    0.184743    
                                                6.230094    0.058270    
                                                6.230094    0.014395    
                                                6.230094    0.000490    
                                                1.794893    1.794893    
   31.622777   19.638280   12.195705    7.573739    4.703420    2.920904
    1.813931    1.126482    0.699564    0.434441    0.269795    0.167547
    0.104050    0.064617    0.040128    0.024920    0.015476    0.009611
    0.005968    0.003707    0.002302    0.001429    0.000888    0.000551
    0.000342    0.000213    0.000132    0.000082    0.000051    0.000032
  1  1
          1.

  1  1
                      1.

  1  1
                                  1.

  1  1
                                              1.

  1  1
                                                          1.

  1  1
                                                                      1.

  1  1

          1.
  1  1

                      1.
  8
  8 30
                                                1.794893    0.559270    
                                                1.794893    0.184743    
                                                1.794893    0.058270    
                                                1.794893    0.014395    
                                                1.794893    0.000490    
                                                0.559270    0.559270    
                                                0.559270    0.184743    
                                                0.559270    0.058270    
   31.622777   19.638280   12.195705    7.573739    4.703420    2.920904
    1.813931    1.126482    0.699564    0.434441    0.269795    0.167547
    0.104050    0.064617    0.040128    0.024920    0.015476    0.009611
    0.005968    0.003707    0.002302    0.001429    0.000888    0.000551
    0.000342    0.000213    0.000132    0.000082    0.000051    0.000032
  1  1
          1.

  1  1
                      1.

  1  1
                                  1.

  1  1
                                              1.

  1  1
                                                          1.

  1  1
                                                                      1.

  1  1

          1.
  1  1

                      1.
  8
  8 30
                                                0.559270    0.014395    
                                                0.559270    0.000490    
                                                0.184743    0.184743    
                                                0.184743    0.058270    
                                                0.184743    0.014395    
                                                0.184743    0.000490    
                                                0.058270    0.058270    
                                                0.058270    0.014395    
   31.622777   19.638280   12.195705    7.573739    4.703420    2.920904
    1.813931    1.126482    0.699564    0.434441    0.269795    0.167547
    0.104050    0.064617    0.040128    0.024920    0.015476    0.009611
    0.005968    0.003707    0.002302    0.001429    0.000888    0.000551
    0.000342    0.000213    0.000132    0.000082    0.000051    0.000032
  1  1
          1.

  1  1
                      1.

  1  1
                                  1.

  1  1
                                              1.

  1  1
                                                          1.

  1  1
                                                                      1.

  1  1

          1.
  1  1

                      1.
  4
  4 30
                                                0.058270    0.000490    
                                                0.014395    0.014395    
                                                0.014395    0.000490    
                                                0.000490    0.000490    
   31.622777   19.638280   12.195705    7.573739    4.703420    2.920904
    1.813931    1.126482    0.699564    0.434441    0.269795    0.167547
    0.104050    0.064617    0.040128    0.024920    0.015476    0.009611
    0.005968    0.003707    0.002302    0.001429    0.000888    0.000551
    0.000342    0.000213    0.000132    0.000082    0.000051    0.000032
  1  1
          1.
  1  1
                      1.
  1  1
                                  1.
  1  1
                                              1.
  8
  8 30
                                                24.748285   24.748285   
                                                24.748285   6.230094    
                                                24.748285   1.794893    
                                                24.748285   0.559270    
                                                24.748285   0.184743    
                                                24.748285   0.058270    
                                                24.748285   0.014395    
                                                24.748285   0.000490    
   31.622777   19.638280   12.195705    7.573739    4.703420    2.920904
    1.813931    1.126482    0.699564    0.434441    0.269795    0.167547
    0.104050    0.064617    0.040128    0.024920    0.015476    0.009611
    0.005968    0.003707    0.002302    0.001429    0.000888    0.000551
    0.000342    0.000213    0.000132    0.000082    0.000051    0.000032
  1  1
          1.

  1  1
                      1.

  1  1
                                  1.

  1  1
                                              1.

  1  1
                                                          1.

  1  1
                                                                      1.

  1  1

          1.
  1  1

                      1.
  8
  8 30
                                                6.230094    6.230094    
                                                6.230094    1.794893    
                                                6.230094    0.559270    
                                                6.230094    0.184743    
                                                6.230094    0.058270    
                                                6.230094    0.014395    
                                                6.230094    0.000490    
                                                1.794893    1.794893    
   31.622777   19.638280   12.195705    7.573739    4.703420    2.920904
    1.813931    1.126482    0.699564    0.434441    0.269795    0.167547
    0.104050    0.064617    0.040128    0.024920    0.015476    0.009611
    0.005968    0.003707    0.002302    0.001429    0.000888    0.000551
    0.000342    0.000213    0.000132    0.000082    0.000051    0.000032
  1  1
          1.

  1  1
                      1.

  1  1
                                  1.

  1  1
                                              1.

  1  1
                                                          1.

  1  1
                                                                      1.

  1  1

          1.
  1  1

                      1.
  8
  8 30
                                                1.794893    0.559270    
                                                1.794893    0.184743    
                                                1.794893    0.058270    
                                                1.794893    0.014395    
                                                1.794893    0.000490    
                                                0.559270    0.559270    
                                                0.559270    0.184743    
                                                0.559270    0.058270    
   31.622777   19.638280   12.195705    7.573739    4.703420    2.920904
    1.813931    1.126482    0.699564    0.434441    0.269795    0.167547
    0.104050    0.064617    0.040128    0.024920    0.015476    0.009611
    0.005968    0.003707    0.002302    0.001429    0.000888    0.000551
    0.000342    0.000213    0.000132    0.000082    0.000051    0.000032
  1  1
          1.

  1  1
                      1.

  1  1
                                  1.

  1  1
                                              1.

  1  1
                                                          1.

  1  1
                                                                      1.

  1  1

          1.
  1  1

                      1.
  8
  8 30
                                                0.559270    0.014395    
                                                0.559270    0.000490    
                                                0.184743    0.184743    
                                                0.184743    0.058270    
                                                0.184743    0.014395    
                                                0.184743    0.000490    
                                                0.058270    0.058270    
                                                0.058270    0.014395    
   31.622777   19.638280   12.195705    7.573739    4.703420    2.920904
    1.813931    1.126482    0.699564    0.434441    0.269795    0.167547
    0.104050    0.064617    0.040128    0.024920    0.015476    0.009611
    0.005968    0.003707    0.002302    0.001429    0.000888    0.000551
    0.000342    0.000213    0.000132    0.000082    0.000051    0.000032
  1  1
          1.

  1  1
                      1.

  1  1
                                  1.

  1  1
                                              1.

  1  1
                                                          1.

  1  1
                                                                      1.

  1  1

          1.
  1  1

                      1.
  4
  4 30
                                                0.058270    0.000490    
                                                0.014395    0.014395    
                                                0.014395    0.000490    
                                                0.000490    0.000490    
   31.622777   19.638280   12.195705    7.573739    4.703420    2.920904
    1.813931    1.126482    0.699564    0.434441    0.269795    0.167547
    0.104050    0.064617    0.040128    0.024920    0.015476    0.009611
    0.005968    0.003707    0.002302    0.001429    0.000888    0.000551
    0.000342    0.000213    0.000132    0.000082    0.000051    0.000032
  1  1
          1.
  1  1
                      1.
  1  1
                                  1.
  1  1
                                              1.
  8
  8 30
                                                31.934746   5.998893    
                                                31.934746   2.385064    
                                                31.934746   0.401779    
                                                31.934746   0.074829    
                                                9.675258    5.998893    
                                                9.675258    2.385064    
                                                9.675258    0.401779    
                                                9.675258    0.074829    
   31.622777   19.638280   12.195705    7.573739    4.703420    2.920904
    1.813931    1.126482    0.699564    0.434441    0.269795    0.167547
    0.104050    0.064617    0.040128    0.024920    0.015476    0.009611
    0.005968    0.003707    0.002302    0.001429    0.000888    0.000551
    0.000342    0.000213    0.000132    0.000082    0.000051    0.000032
  1  1
          1.

  1  1
                      1.

  1  1
                                  1.

  1  1
                                              1.

  1  1
                                                          1.

  1  1
                                                                      1.

  1  1

          1.
  1  1

                      1.
  8
  8 30
                                                7.998519    5.998893    
                                                7.998519    2.385064    
                                                7.998519    0.401779    
                                                7.998519    0.074829    
                                                6.765202    5.998893    
                                                6.765202    2.385064    
                                                6.765202    0.401779    
                                                6.765202    0.074829    
   31.622777   19.638280   12.195705    7.573739    4.703420    2.920904
    1.813931    1.126482    0.699564    0.434441    0.269795    0.167547
    0.104050    0.064617    0.040128    0.024920    0.015476    0.009611
    0.005968    0.003707    0.002302    0.001429    0.000888    0.000551
    0.000342    0.000213    0.000132    0.000082    0.000051    0.000032
  1  1
          1.

  1  1
                      1.

  1  1
                                  1.

  1  1
                                              1.

  1  1
                                                          1.

  1  1
                                                                      1.

  1  1

          1.
  1  1

                      1.
  8
  8 30
                                                4.833920    5.998893    
                                                4.833920    2.385064    
                                                4.833920    0.401779    
                                                4.833920    0.074829    
                                                1.442870    5.998893    
                                                1.442870    2.385064    
                                                1.442870    0.401779    
                                                1.442870    0.074829    
   31.622777   19.638280   12.195705    7.573739    4.703420    2.920904
    1.813931    1.126482    0.699564    0.434441    0.269795    0.167547
    0.104050    0.064617    0.040128    0.024920    0.015476    0.009611
    0.005968    0.003707    0.002302    0.001429    0.000888    0.000551
    0.000342    0.000213    0.000132    0.000082    0.000051    0.000032
  1  1
          1.

  1  1
                      1.

  1  1
                                  1.

  1  1
                                              1.

  1  1
                                                          1.

  1  1
                                                                      1.

  1  1

          1.
  1  1

                      1.
  8
  8 30
                                                0.374048    5.998893    
                                                0.374048    2.385064    
                                                0.374048    0.401779    
                                                0.374048    0.074829    
                                                0.062219    5.998893    
                                                0.062219    2.385064    
                                                0.062219    0.401779    
                                                0.062219    0.074829    
   31.622777   19.638280   12.195705    7.573739    4.703420    2.920904
    1.813931    1.126482    0.699564    0.434441    0.269795    0.167547
    0.104050    0.064617    0.040128    0.024920    0.015476    0.009611
    0.005968    0.003707    0.002302    0.001429    0.000888    0.000551
    0.000342    0.000213    0.000132    0.000082    0.000051    0.000032
  1  1
          1.

  1  1
                      1.

  1  1
                                  1.

  1  1
                                              1.

  1  1
                                                          1.

  1  1
                                                                      1.

  1  1

          1.
  1  1

                      1.
  8
  8 30
                                                31.838747   25.241022   
                                                31.838747   12.993428   
                                                31.838747   0.496214    
                                                31.838747   0.091292    
                                                11.961373   25.241022   
                                                11.961373   12.993428   
                                                11.961373   0.496214    
                                                11.961373   0.091292    
   31.622777   19.638280   12.195705    7.573739    4.703420    2.920904
    1.813931    1.126482    0.699564    0.434441    0.269795    0.167547
    0.104050    0.064617    0.040128    0.024920    0.015476    0.009611
    0.005968    0.003707    0.002302    0.001429    0.000888    0.000551
    0.000342    0.000213    0.000132    0.000082    0.000051    0.000032
  1  1
          1.

  1  1
                      1.

  1  1
                                  1.

  1  1
                                              1.

  1  1
                                                          1.

  1  1
                                                                      1.

  1  1

          1.
  1  1

                      1.
  8
  8 30
                                                9.921854    25.241022   
                                                9.921854    12.993428   
                                                9.921854    0.496214    
                                                9.921854    0.091292    
                                                4.702752    25.241022   
                                                4.702752    12.993428   
                                                4.702752    0.496214    
                                                4.702752    0.091292    
   31.622777   19.638280   12.195705    7.573739    4.703420    2.920904
    1.813931    1.126482    0.699564    0.434441    0.269795    0.167547
    0.104050    0.064617    0.040128    0.024920    0.015476    0.009611
    0.005968    0.003707    0.002302    0.001429    0.000888    0.000551
    0.000342    0.000213    0.000132    0.000082    0.000051    0.000032
  1  1
          1.

  1  1
                      1.

  1  1
                                  1.

  1  1
                                              1.

  1  1
                                                          1.

  1  1
                                                                      1.

  1  1

          1.
  1  1

                      1.
  8
  8 30
                                                4.161473    25.241022   
                                                4.161473    12.993428   
                                                4.161473    0.496214    
                                                4.161473    0.091292    
                                                1.310985    25.241022   
                                                1.310985    12.993428   
                                                1.310985    0.496214    
                                                1.310985    0.091292    
   31.622777   19.638280   12.195705    7.573739    4.703420    2.920904
    1.813931    1.126482    0.699564    0.434441    0.269795    0.167547
    0.104050    0.064617    0.040128    0.024920    0.015476    0.009611
    0.005968    0.003707    0.002302    0.001429    0.000888    0.000551
    0.000342    0.000213    0.000132    0.000082    0.000051    0.000032
  1  1
          1.

  1  1
                      1.

  1  1
                                  1.

  1  1
                                              1.

  1  1
                                                          1.

  1  1
                                                                      1.

  1  1

          1.
  1  1

                      1.
  8
  8 30
                                                0.493411    25.241022   
                                                0.493411    12.993428   
                                                0.493411    0.496214    
                                                0.493411    0.091292    
                                                0.417596    25.241022   
                                                0.417596    12.993428   
                                                0.417596    0.496214    
                                                0.417596    0.091292    
   31.622777   19.638280   12.195705    7.573739    4.703420    2.920904
    1.813931    1.126482    0.699564    0.434441    0.269795    0.167547
    0.104050    0.064617    0.040128    0.024920    0.015476    0.009611
    0.005968    0.003707    0.002302    0.001429    0.000888    0.000551
    0.000342    0.000213    0.000132    0.000082    0.000051    0.000032
  1  1
          1.

  1  1
                      1.

  1  1
                                  1.

  1  1
                                              1.

  1  1
                                                          1.

  1  1
                                                                      1.

  1  1

          1.
  1  1

                      1.
  8
  8 30
                                                31.934746   5.998893    
                                                31.934746   2.385064    
                                                31.934746   0.401779    
                                                31.934746   0.074829    
                                                9.675258    5.998893    
                                                9.675258    2.385064    
                                                9.675258    0.401779    
                                                9.675258    0.074829    
   31.622777   19.638280   12.195705    7.573739    4.703420    2.920904
    1.813931    1.126482    0.699564    0.434441    0.269795    0.167547
    0.104050    0.064617    0.040128    0.024920    0.015476    0.009611
    0.005968    0.003707    0.002302    0.001429    0.000888    0.000551
    0.000342    0.000213    0.000132    0.000082    0.000051    0.000032
  1  1
          1.

  1  1
                      1.

  1  1
                                  1.

  1  1
                                              1.

  1  1
                                                          1.

  1  1
                                                                      1.

  1  1

          1.
  1  1

                      1.
  8
  8 30
                                                7.998519    5.998893    
                                                7.998519    2.385064    
                                                7.998519    0.401779    
                                                7.998519    0.074829    
                                                6.765202    5.998893    
                                                6.765202    2.385064    
                                                6.765202    0.401779    
                                                6.765202    0.074829    
   31.622777   19.638280   12.195705    7.573739    4.703420    2.920904
    1.813931    1.126482    0.699564    0.434441    0.269795    0.167547
    0.104050    0.064617    0.040128    0.024920    0.015476    0.009611
    0.005968    0.003707    0.002302    0.001429    0.000888    0.000551
    0.000342    0.000213    0.000132    0.000082    0.000051    0.000032
  1  1
          1.

  1  1
                      1.

  1  1
                                  1.

  1  1
                                              1.

  1  1
                                                          1.

  1  1
                                                                      1.

  1  1

          1.
  1  1

                      1.
  8
  8 30
                                                4.833920    5.998893    
                                                4.833920    2.385064    
                                                4.833920    0.401779    
                                                4.833920    0.074829    
                                                1.442870    5.998893    
                                                1.442870    2.385064    
                                                1.442870    0.401779    
                                                1.442870    0.074829    
   31.622777   19.638280   12.195705    7.573739    4.703420    2.920904
    1.813931    1.126482    0.699564    0.434441    0.269795    0.167547
    0.104050    0.064617    0.040128    0.024920    0.015476    0.009611
    0.005968    0.003707    0.002302    0.001429    0.000888    0.000551
    0.000342    0.000213    0.000132    0.000082    0.000051    0.000032
  1  1
          1.

  1  1
                      1.

  1  1
                                  1.

  1  1
                                              1.

  1  1
                                                          1.

  1  1
                                                                      1.

  1  1

          1.
  1  1

                      1.
  8
  8 30
                                                0.374048    5.998893    
                                                0.374048    2.385064    
                                                0.374048    0.401779    
                                                0.374048    0.074829    
                                                0.062219    5.998893    
                                                0.062219    2.385064    
                                                0.062219    0.401779    
                                                0.062219    0.074829    
   31.622777   19.638280   12.195705    7.573739    4.703420    2.920904
    1.813931    1.126482    0.699564    0.434441    0.269795    0.167547
    0.104050    0.064617    0.040128    0.024920    0.015476    0.009611
    0.005968    0.003707    0.002302    0.001429    0.000888    0.000551
    0.000342    0.000213    0.000132    0.000082    0.000051    0.000032
  1  1
          1.

  1  1
                      1.

  1  1
                                  1.

  1  1
                                              1.

  1  1
                                                          1.

  1  1
                                                                      1.

  1  1

          1.
  1  1

                      1.
  8
  8 30
                                                31.838747   25.241022   
                                                31.838747   12.993428   
                                                31.838747   0.496214    
                                                31.838747   0.091292    
                                                11.961373   25.241022   
                                                11.961373   12.993428   
                                                11.961373   0.496214    
                                                11.961373   0.091292    
   31.622777   19.638280   12.195705    7.573739    4.703420    2.920904
    1.813931    1.126482    0.699564    0.434441    0.269795    0.167547
    0.104050    0.064617    0.040128    0.024920    0.015476    0.009611
    0.005968    0.003707    0.002302    0.001429    0.000888    0.000551
    0.000342    0.000213    0.000132    0.000082    0.000051    0.000032
  1  1
          1.

  1  1
                      1.

  1  1
                                  1.

  1  1
                                              1.

  1  1
                                                          1.

  1  1
                                                                      1.

  1  1

          1.
  1  1

                      1.
  8
  8 30
                                                9.921854    25.241022   
                                                9.921854    12.993428   
                                                9.921854    0.496214    
                                                9.921854    0.091292    
                                                4.702752    25.241022   
                                                4.702752    12.993428   
                                                4.702752    0.496214    
                                                4.702752    0.091292    
   31.622777   19.638280   12.195705    7.573739    4.703420    2.920904
    1.813931    1.126482    0.699564    0.434441    0.269795    0.167547
    0.104050    0.064617    0.040128    0.024920    0.015476    0.009611
    0.005968    0.003707    0.002302    0.001429    0.000888    0.000551
    0.000342    0.000213    0.000132    0.000082    0.000051    0.000032
  1  1
          1.

  1  1
                      1.

  1  1
                                  1.

  1  1
                                              1.

  1  1
                                                          1.

  1  1
                                                                      1.

  1  1

          1.
  1  1

                      1.
  8
  8 30
                                                4.161473    25.241022   
                                                4.161473    12.993428   
                                                4.161473    0.496214    
                                                4.161473    0.091292    
                                                1.310985    25.241022   
                                                1.310985    12.993428   
                                                1.310985    0.496214    
                                                1.310985    0.091292    
   31.622777   19.638280   12.195705    7.573739    4.703420    2.920904
    1.813931    1.126482    0.699564    0.434441    0.269795    0.167547
    0.104050    0.064617    0.040128    0.024920    0.015476    0.009611
    0.005968    0.003707    0.002302    0.001429    0.000888    0.000551
    0.000342    0.000213    0.000132    0.000082    0.000051    0.000032
  1  1
          1.

  1  1
                      1.

  1  1
                                  1.

  1  1
                                              1.

  1  1
                                                          1.

  1  1
                                                                      1.

  1  1

          1.
  1  1

                      1.
  8
  8 30
                                                0.493411    25.241022   
                                                0.493411    12.993428   
                                                0.493411    0.496214    
                                                0.493411    0.091292    
                                                0.417596    25.241022   
                                                0.417596    12.993428   
                                                0.417596    0.496214    
                                                0.417596    0.091292    
   31.622777   19.638280   12.195705    7.573739    4.703420    2.920904
    1.813931    1.126482    0.699564    0.434441    0.269795    0.167547
    0.104050    0.064617    0.040128    0.024920    0.015476    0.009611
    0.005968    0.003707    0.002302    0.001429    0.000888    0.000551
    0.000342    0.000213    0.000132    0.000082    0.000051    0.000032
  1  1
          1.

  1  1
                      1.

  1  1
                                  1.

  1  1
                                              1.

  1  1
                                                          1.

  1  1
                                                                      1.

  1  1

          1.
  1  1

                      1.
