 10  8  9  3 00  0  0  0  0
nn_pot
  8                                                            Z1  BVs 1 - 8
  8  8
                                    13.355925   
                                    7.825176    
                                    3.319019    
                                    1.615927    
                                    1.497748    
                                    0.436630    
                                    0.123744    
                                    0.031198    
    3.796386    3.795776    0.683567    0.431148    0.186840    0.093372
    0.053744    0.053016
  1  1
          1.

  1  1
                      1.

  1  1
                                  1.

  1  1
                                              1.

  1  1
                                                          1.

  1  1
                                                                      1.

  1  1

          1.
  1  1

                      1.
  8                                                            Z2  BVs 9 - 16
  8  8
                                    10.933591   
                                    7.051755    
                                    4.643855    
                                    1.834811    
                                    1.663528    
                                    0.651602    
                                    0.214729    
                                    0.123045    
   21.990137    2.603782    1.869444    1.347777    0.373739    0.288867
    0.206244    0.070968
  1  1
          1.

  1  1
                      1.

  1  1
                                  1.

  1  1
                                              1.

  1  1
                                                          1.

  1  1
                                                                      1.

  1  1

          1.
  1  1

                      1.
eob/t_no1_t_no1
elu/000_000
eob/t_no6_t_no1
elu/000_000
eob/t_no6_t_no6
elu/000_000
