 10  8  9  3 00  0  0  0  0
nnn_pot
  6                                                            Z1  BVs 1 - 6
  6  5
                                    23.837719   
                                    7.489615    
                                    1.701999    
                                    0.341971    
                                    0.062421    
                                    0.007721    
   23.989956    1.449194    0.441383    0.393547    0.007807
  1  1
          1.
  1  1
                      1.
  1  1
                                  1.
  1  1
                                              1.
  1  1
                                                          1.
  1  1
                                                                      1.
  6                                                            Z2  BVs 7 - 12
  6  5
                                    11.967269   
                                    2.938963    
                                    1.273303    
                                    0.979359    
                                    0.222528    
                                    0.045112    
   15.437352    1.971427    0.155818    0.066189    0.065741
  1  1
          1.
  1  1
                      1.
  1  1
                                  1.
  1  1
                                              1.
  1  1
                                                          1.
  1  1
                                                                      1.
eob-tni/123_123
elu-tni/000_000
eob-tni/123_123
elu-tni/000_000
eob-tni/123_123
elu-tni/000_000
