 11  2 12 31  1  0 +0  0  0 -1  0 +0
  1  1  1  1  0  0  0  0  0  0  0  0  0  0  1  1
   0.0000000   1.0000000   0.0000000   0.0000000   0.0000000   0.0000000   0.0000000
   0.0000000   0.0000000   0.0000000   0.0000000   0.0000000   0.0000000   0.0000000
   0.0000000   0.0000000   0.0000000   0.0000000   0.0000000   0.0000000   0.0000000
   0.0000000   0.0000000   0.0000000   0.0000000   0.0000000   0.0000000   0.0000000
   0.0000000   0.0000000
   1  85   1  -1   0
   1   1
  0  0  0  1  0  1  0  1  0  1  0  1  0  1  0  1  0  1  0  0
   1   2
  1  0  1  0  1  0  1  0  1  0  1  0  1  0  1  0  1  0  1  0
   1   3
  0  0  0  1  0  1  0  1  0  1  0  1  0  1  0  1  0  1  0  0
   1   4
  1  0  1  0  1  0  1  0  1  0  1  0  1  0  1  0  1  0  1  0
   1   5
  0  0  0  1  0  1  0  1  0  1  0  1  0  1  0  1  0  1  0  0
   1   6
  1  0  1  0  1  0  1  0  1  0  1  0  1  0  1  0  1  0  1  0
   1   7
  0  0  0  1  0  1  0  1  0  1  0  1  0  1  0  1  0  1  0  0
   1   8
  1  0  1  0  1  0  1  0  1  0  1  0  1  0  1  0  1  0  1  0
   1   9
  0  0  0  1  0  1  0  1  0  1  0  1  0  1  0  1  0  1  0  0
   1  10
  1  0  1  0  1  0  1  0  1  0  1  0  1  0  1  0  1  0  1  0
   1  11
  0  0  0  1  0  1  0  1  0  1  0  1  0  1  0  1  0  1  0  0
   1  12
  1  0  1  0  1  0  1  0  1  0  1  0  1  0  1  0  1  0  1  0
   1  13
  0  0  0  1  0  1  0  1  0  1  0  1  0  1  0  1  0  1  0  0
   1  14
  1  0  1  0  1  0  1  0  1  0  1  0  1  0  1  0  1  0  1  0
   1  15
  0  0  0  1  0  1  0  1  0  1  0  1  0  1  0  1  0  1  0  0
   1  16
  1  0  1  0  1  0  1  0  1  0  1  0  1  0  1  0  1  0  1  0
   1  17
  0  0  0  1  0  1  0  1  0  1  0  1  0  1  0  1  0  1  0  0
   1  18
  1  0  1  0  1  0  1  0  1  0  1  0  1  0  1  0  1  0  1  0
   1  19
  0  0  0  1  0  1  0  1  0  1  0  1  0  1  0  1  0  1  0  0
   1  20
  1  0  1  0  1  0  1  0  1  0  1  0  1  0  1  0  1  0  1  0
   1  21
  0  0  0  1  0  1  0  1  0  1  0  1  0  1  0  1  0  1  0  0
   1  22
  1  0  1  0  1  0  1  0  1  0  1  0  1  0  1  0  1  0  1  0
   1  23
  0  0  0  1  0  1  0  1  0  1  0  1  0  1  0  1  0  1  0  0
   1  24
  1  0  1  0  1  0  1  0  1  0  1  0  1  0  1  0  1  0  1  0
   1  25
  0  0  0  1  0  1  0  1  0  1  0  1  0  1  0  1  0  1  0  0
   1  26
  1  0  1  0  1  0  1  0  1  0  1  0  1  0  1  0  1  0  1  0
   1  27
  0  0  0  1  0  1  0  1  0  1  0  1  0  1  0  1  0  1  0  0
   1  28
  1  0  1  0  1  0  1  0  1  0  1  0  1  0  1  0  1  0  1  0
   1  29
  0  0  0  1  0  1  0  1  0  1  0  1  0  1  0  1  0  1  0  0
   1  30
  1  0  1  0  1  0  1  0  1  0  1  0  1  0  1  0  1  0  1  0
   1  31
  0  0  0  1  0  1  0  1  0  1  0  1  0  1  0  1  0  1  0  0
   1  32
  1  0  1  0  1  0  1  0  1  0  1  0  1  0  1  0  1  0  1  0
   1  33
  0  0  0  1  0  1  0  1  0  1  0  1  0  1  0  1  0  1  0  0
   1  34
  1  0  1  0  1  0  1  0  1  0  1  0  1  0  1  0  1  0  1  0
   1  35
  0  0  0  1  0  1  0  1  0  1  0  1  0  1  0  1  0  1  0  0
   1  36
  1  0  1  0  1  0  1  0  1  0  1  0  1  0  1  0  1  0  1  0
   1  37
  0  0  0  1  0  1  0  1  0  1  0  1  0  1  0  1  0  1  0  0
   1  38
  1  0  1  0  1  0  1  0  1  0  1  0  1  0  1  0  1  0  1  0
   1  39
  0  0  0  1  0  1  0  1  0  1  0  1  0  1  0  1  0  1  0  0
   1  40
  1  0  1  0  1  0  1  0  1  0  1  0  1  0  1  0  1  0  1  0
   1  41
  0  0  0  1  0  1  0  1  0  1  0  1  0  1  0  1  0  1  0  0
   1  42
  1  0  1  0  1  0  1  0  1  0  1  0  1  0  1  0  1  0  1  0
   1  43
  0  0  0  1  0  1  0  1  0  1  0  1  0  1  0  1  0  1  0  0
   1  44
  1  0  1  0  1  0  1  0  1  0  1  0  1  0  1  0  1  0  1  0
   1  45
  0  0  0  1  0  1  0  1  0  1  0  1  0  1  0  1  0  1  0  0
   1  46
  1  0  1  0  1  0  1  0  1  0  1  0  1  0  1  0  1  0  1  0
   1  47
  0  0  0  1  0  1  0  1  0  1  0  1  0  1  0  1  0  1  0  0
   1  48
  1  0  1  0  1  0  1  0  1  0  1  0  1  0  1  0  1  0  1  0
   1  49
  0  0  0  1  0  1  0  1  0  1  0  1  0  1  0  1  0  1  0  0
   1  50
  1  0  1  0  1  0  1  0  1  0  1  0  1  0  1  0  1  0  1  0
   1  51
  0  0  0  1  0  1  0  1  0  1  0  1  0  1  0  1  0  1  0  0
   1  52
  1  0  1  0  1  0  1  0  1  0  1  0  1  0  1  0  1  0  1  0
   1  53
  0  0  0  1  0  1  0  1  0  1  0  1  0  1  0  1  0  1  0  0
   1  54
  1  0  1  0  1  0  1  0  1  0  1  0  1  0  1  0  1  0  1  0
   1  55
  0  0  0  1  0  1  0  1  0  1  0  1  0  1  0  1  0  1  0  0
   1  56
  1  0  1  0  1  0  1  0  1  0  1  0  1  0  1  0  1  0  1  0
   1  57
  0  0  0  1  0  1  0  1  0  1  0  1  0  1  0  1  0  1  0  0
   1  58
  1  0  1  0  1  0  1  0  1  0  1  0  1  0  1  0  1  0  1  0
   1  59
  0  0  0  1  0  1  0  1  0  1  0  1  0  1  0  1  0  1  0  0
   1  60
  1  0  1  0  1  0  1  0  1  0  1  0  1  0  1  0  1  0  1  0
   1  61
  0  0  0  1  0  1  0  1  0  1  0  1  0  1  0  1  0  1  0  0
   1  62
  1  0  1  0  1  0  1  0  1  0  1  0  1  0  1  0  1  0  1  0
   1  63
  0  0  0  1  0  1  0  1  0  1  0  1  0  1  0  1  0  1  0  0
   1  64
  1  0  1  0  1  0  1  0  1  0  1  0  1  0  1  0  1  0  1  0
   1  65
  0  0  0  1  0  1  0  1  0  1  0  1  0  1  0  1  0  1  0  0
   1  66
  1  0  1  0  1  0  1  0  1  0  1  0  1  0  1  0  1  0  1  0
   1  67
  0  0  0  1  0  1  0  1  0  1  0  1  0  1  0  1  0  1  0  0
   1  68
  1  0  1  0  1  0  1  0  1  0  1  0  1  0  1  0  1  0  1  0
   1  69
  0  0  0  1  0  1  0  1  0  1  0  1  0  1  0  1  0  1  0  0
   1  70
  1  0  1  0  1  0  1  0  1  0  1  0  1  0  1  0  1  0  1  0
   1  71
  0  0  0  1  0  1  0  1  0  1  0  1  0  1  0  1  0  1  0  0
   1  72
  1  0  1  0  1  0  1  0  1  0  1  0  1  0  1  0  1  0  1  0
   1  73
  0  0  0  1  0  1  0  1  0  1  0  1  0  1  0  1  0  1  0  0
   1  74
  1  0  1  0  1  0  1  0  1  0  1  0  1  0  1  0  1  0  1  0
   1  75
  0  0  0  1  0  1  0  1  0  1  0  1  0  1  0  1  0  1  0  0
   1  76
  1  0  1  0  1  0  1  0  1  0  1  0  1  0  1  0  1  0  1  0
   1  77
  0  0  0  1  0  1  0  1  0  1  0  1  0  1  0  1  0  1  0  0
   1  78
  1  0  1  0  1  0  1  0  1  0  1  0  1  0  1  0  1  0  1  0
   1  79
  0  0  0  1  0  1  0  1  0  1  0  1  0  1  0  1  0  1  0  0
   1  80
  1  0  1  0  1  0  1  0  1  0  1  0  1  0  1  0  1  0  1  0
   1  81
  0  0  0  1  0  1  0  1  0  1  0  1  0  1  0  1  0  1  0  0
   1  82
  1  0  1  0  1  0  1  0  1  0  1  0  1  0  1  0  1  0  1  0
   1  83
  0  0  0  1  0  1  0  1  0  1  0  1  0  1  0  1  0  1  0  0
   1  84
  1  0  1  0  1  0  1  0  1  0  1  0  1  0  1  0  1  0  1  0
   1  85
  0  0  0  1  0  1  0  1  0  1  0  1  0  1  0  1  0  1  0  0
   1  86
  1  0  1  0  1  0  1  0  1  0  1  0  1  0  1  0  1  0  1  0
   1  87
  0  0  0  1  0  1  0  1  0  1  0  1  0  1  0  1  0  1  0  0
   1  88
  1  0  1  0  1  0  1  0  1  0  1  0  1  0  1  0  1  0  1  0
   1  89
  0  0  0  1  0  1  0  1  0  1  0  1  0  1  0  1  0  1  0  0
   1  90
  1  0  1  0  1  0  1  0  1  0  1  0  1  0  1  0  1  0  1  0
   1  91
  0  0  0  1  0  1  0  1  0  1  0  1  0  1  0  1  0  1  0  0
   1  92
  1  0  1  0  1  0  1  0  1  0  1  0  1  0  1  0  1  0  1  0
   1  93
  0  0  0  1  0  1  0  1  0  1  0  1  0  1  0  1  0  1  0  0
   1  94
  1  0  1  0  1  0  1  0  1  0  1  0  1  0  1  0  1  0  1  0
   1  95
  0  0  0  1  0  1  0  1  0  1  0  1  0  1  0  1  0  1  0  0
   1  96
  1  0  1  0  1  0  1  0  1  0  1  0  1  0  1  0  1  0  1  0
   1  97
  0  0  0  1  0  1  0  1  0  1  0  1  0  1  0  1  0  1  0  0
   1  98
  1  0  1  0  1  0  1  0  1  0  1  0  1  0  1  0  1  0  1  0
   1  99
  0  0  0  1  0  1  0  1  0  1  0  1  0  1  0  1  0  1  0  0
   1 100
  1  0  1  0  1  0  1  0  1  0  1  0  1  0  1  0  1  0  1  0
   1 101
  0  0  0  1  0  1  0  1  0  1  0  1  0  1  0  1  0  1  0  0
   1 102
  1  0  1  0  1  0  1  0  1  0  1  0  1  0  1  0  1  0  1  0
   1 103
  0  0  0  1  0  1  0  1  0  1  0  1  0  1  0  1  0  1  0  0
   1 104
  1  0  1  0  1  0  1  0  1  0  1  0  1  0  1  0  1  0  1  0
   1 105
  0  0  0  1  0  1  0  1  0  1  0  1  0  1  0  1  0  1  0  0
   1 106
  1  0  1  0  1  0  1  0  1  0  1  0  1  0  1  0  1  0  1  0
   1 107
  0  0  0  1  0  1  0  1  0  1  0  1  0  1  0  1  0  1  0  0
   1 108
  1  0  1  0  1  0  1  0  1  0  1  0  1  0  1  0  1  0  1  0
   1 109
  0  0  0  1  0  1  0  1  0  1  0  1  0  1  0  1  0  1  0  0
   1 110
  1  0  1  0  1  0  1  0  1  0  1  0  1  0  1  0  1  0  1  0
   1 111
  0  0  0  1  0  1  0  1  0  1  0  1  0  1  0  1  0  1  0  0
   1 112
  1  0  1  0  1  0  1  0  1  0  1  0  1  0  1  0  1  0  1  0
   1 113
  0  0  0  1  0  1  0  1  0  1  0  1  0  1  0  1  0  1  0  0
   1 114
  1  0  1  0  1  0  1  0  1  0  1  0  1  0  1  0  1  0  1  0
