 11  2 12 31  1  1 +2  0  0 -1
  1  1  1  1  0  0  0  0  0  0  0  0  0  0  1  1
   0.0000000   1.0000000   1.0000000   1.0000000   1.0000000   1.0000000   1.0000000
   1.0000000   1.0000000   1.0000000   1.0000000   1.0000000   1.0000000   1.0000000
   1.0000000   1.0000000   1.0000000   1.0000000   1.0000000   1.0000000   1.0000000
   1.0000000   1.0000000   1.0000000   1.0000000   1.0000000   1.0000000   1.0000000
   1.0000000   1.0000000
   0  83   0   0   0   1
 117
1.394814567         
2.019778182         
0.973783937         
0.443406470         
0.165402316         
0.041522713         
0.731191085         
0.705049832         
0.321040063         
0.119756417         
0.030063734         
0.169960793         
0.154781183         
0.057737466         
0.014494454         
0.035239325         
0.026290397         
0.006599960         
0.004903506         
0.002461959         
0.000309026         
-0.700580300        
-0.017562690        
0.025963000         
-3.547599000        
-0.431100900        
0.147260300         
8.833659000         
1.926351000         
-0.440544200        
-6.204325000        
-1.613259000        
0.394950900         
0.036843910         
-0.059696070        
0.027762280         
-0.008513294        
-0.015408010        
0.018427380         
0.000921410         
0.001888544         
0.004126134         
-0.000053513        
-0.000138337        
0.001316916         
-1.344538000        
0.074685550         
0.010037640         
0.005035139         
0.066903920         
0.009034794         
-0.548819600        
0.071237590         
0.010020870         
0.014366780         
0.042855120         
0.006269714         
0.000457798         
-0.007926460        
0.002484978         
0.003876750         
0.009351971         
0.002213997         
-0.001638713        
0.001492068         
0.001397423         
0.000118042         
-0.000048563        
0.000349354         
8.441689000         
0.348054000         
0.000636439         
40.522380000        
3.539684000         
-0.000556173        
-107.816900000      
-13.890450000       
-0.007993430        
77.972520000        
12.036420000        
0.008978701         
-0.383884000        
0.078125590         
-0.001130402        
0.057426430         
0.010680250         
0.000261402         
-0.005651654        
-0.001203742        
-0.000009180        
0.000436028         
0.000036022         
-0.000006013        
14.313490000        
-0.004012572        
-0.000128118        
2.010495000         
0.006181772         
0.000185558         
3.397753000         
-0.004173736        
-0.000180600        
-0.130965800        
0.004026618         
0.000136410         
0.030894010         
0.001375104         
-0.000034320        
-0.019876500        
-0.001165010        
-0.000004944        
0.004601518         
0.000231263         
0.000005697         
-0.000254159        
-0.000007346        
0.000000188         
  1  1  0
  48  22  23  24  25  26  27  28  29  30  31  32  33  34  35  36  37  38  39  40
  41  42  43  44  45  46  47  48  49  50  51  52  53  54  55  56  57  58  59  60
  61  62  63  64  65  66  67  68  69
  70  71  72  73  74  75  76  77  78  79  80  81  82  83  84  85  86  87  88  89
  90  91  92  93  94  95  96  97  98  99 100 101 102 103 104 105 106 107 108 109
 110 111 112 113 114 115 116 117
  1  1  1  1  1  1  1  1  1  1  1  1  1  1  1  1  1  1  1  1  1  1  1  1  1  1  1  1  1  1  1  1  1  1  1  1  1  1  1  1
  1  1  0
  48  22  23  24  25  26  27  28  29  30  31  32  33  34  35  36  37  38  39  40
  41  42  43  44  45  46  47  48  49  50  51  52  53  54  55  56  57  58  59  60
  61  62  63  64  65  66  67  68  69
  22  23  24  25  26  27  28  29  30  31  32  33  34  35  36  37  38  39  40  41
  42  43  44  45  46  47  48  49  50  51  52  53  54  55  56  57  58  59  60  61
  62  63  64  65  66  67  68  69
  1  1  1  1  1  1  1  1  1  1  1  1  1  1  1  1  1  1  1  1  1  1  1  1  1  1  1  1  1  1  1  1  1  1  1  1  1  1  1  1
  2  2  0
  21   1   2   3   4   5   6   7   8   9  10  11  12  13  14  15  16  17  18  19
  20  21
   1   2   3   4   5   6   7   8   9  10  11  12  13  14  15  16  17  18  19  20
  21
  1  1  1  1  1  1  1  1  1  1  1  1  1  1  1  1  1  1  1  1  1  1  1  1  1  1  1  1  1  1  1  1  1  1  1  1  1  1  1  1
  2  2  0 -1
   1   1
82  
  1  0  1  0  1  0  1  0  1  0  1  0  0  0
  2  2  0
   1   2
33  
  1  0  1  0  1  0  1  0  1  0  1  0  0  0
  2  2  0
   1   3
77  
  1  0  1  0  1  0  1  0  1  0  1  0  0  0
  2  2  0
   1   4
33  
  1  0  1  0  1  0  1  0  1  0  1  0  0  0
  2  2  0
   1   5
71  
  1  0  1  0  1  0  1  0  1  0  1  0  0  0
  2  2  0
   1   6
27  
  1  0  1  0  1  0  1  0  1  0  1  0  0  0
  2  2  0
   1   7
74  
  1  0  1  0  1  0  1  0  1  0  1  0  0  0
  2  2  0
   1   8
5   
  1  0  1  0  1  0  1  0  1  0  1  0  0  0
  2  2  0
   1   9
29  
  1  0  1  0  1  0  1  0  1  0  1  0  0  0
  2  2  0
   1  10
82  
  1  0  1  0  1  0  1  0  1  0  1  0  0  0
  2  2  0
   1  11
4   
  1  0  1  0  1  0  1  0  1  0  1  0  0  0
  2  2  0
   1  12
71  
  1  0  1  0  1  0  1  0  1  0  1  0  0  0
  2  2  0
   1  13
26  
  1  0  1  0  1  0  1  0  1  0  1  0  0  0
  2  2  0
   1  14
33  
  1  0  1  0  1  0  1  0  1  0  1  0  0  0
  2  2  0
   1  15
103 
  1  0  1  0  1  0  1  0  1  0  1  0  0  0
  2  2  0
   1  16
4   
  1  0  1  0  1  0  1  0  1  0  1  0  0  0
  1  1  0
   1  22
1   
  1  0  1  0  1  0  1  0  1  0  1  0  0  0
  1  1  0
   1  23
28  
  1  0  1  0  1  0  1  0  1  0  1  0  0  0
  1  1  0
   1  24
46  
  1  0  1  0  1  0  1  0  1  0  1  0  0  0
  1  1  0
   1  25
13  
  1  0  1  0  1  0  1  0  1  0  1  0  0  0
  1  1  0
   1  26
13  
  1  0  1  0  1  0  1  0  1  0  1  0  0  0
  1  1  0
   1  27
1   
  1  0  1  0  1  0  1  0  1  0  1  0  0  0
  1  1  0
   1  28
5   
  1  0  1  0  1  0  1  0  1  0  1  0  0  0
  1  1  0
   1  29
13  
  1  0  1  0  1  0  1  0  1  0  1  0  0  0
  1  1  0
   1  30
32  
  1  0  1  0  1  0  1  0  1  0  1  0  0  0
  1  1  0
   1  31
82  
  1  0  1  0  1  0  1  0  1  0  1  0  0  0
  1  1  0
   1  32
94  
  1  0  1  0  1  0  1  0  1  0  1  0  0  0
  1  1  0
   1  33
10  
  1  0  1  0  1  0  1  0  1  0  1  0  0  0
  1  1  0
   1  34
100 
  1  0  1  0  1  0  1  0  1  0  1  0  0  0
  1  1  0
   1  35
100 
  1  0  1  0  1  0  1  0  1  0  1  0  0  0
  1  1  0
   1  36
82  
  1  0  1  0  1  0  1  0  1  0  1  0  0  0
  1  1  0
   1  37
4   
  1  0  1  0  1  0  1  0  1  0  1  0  0  0
  1  1  0
   1  38
8   
  1  0  1  0  1  0  1  0  1  0  1  0  0  0
  1  1  0
   1  39
70  
  1  0  1  0  1  0  1  0  1  0  1  0  0  0
  1  1  0
   1  40
1   
  1  0  1  0  1  0  1  0  1  0  1  0  0  0
  1  1  0
   1  41
31  
  1  0  1  0  1  0  1  0  1  0  1  0  0  0
  1  1  0
   1  42
80  
  1  0  1  0  1  0  1  0  1  0  1  0  0  0
  1  1  0
   1  43
70  
  1  0  1  0  1  0  1  0  1  0  1  0  0  0
  1  1  0
   1  44
2   
  1  0  1  0  1  0  1  0  1  0  1  0  0  0
  1  1  0
   1  45
26  
  1  0  1  0  1  0  1  0  1  0  1  0  0  0
  1  1  0
   1  46
33  
  1  0  1  0  1  0  1  0  1  0  1  0  0  0
  1  1  0
   1  47
4   
  1  0  1  0  1  0  1  0  1  0  1  0  0  0
  1  1  0
   1  48
73  
  1  0  1  0  1  0  1  0  1  0  1  0  0  0
  1  1  0
   1  49
2   
  1  0  1  0  1  0  1  0  1  0  1  0  0  0
  1  1  0
   1  50
71  
  1  0  1  0  1  0  1  0  1  0  1  0  0  0
  1  1  0
   1  51
82  
  1  0  1  0  1  0  1  0  1  0  1  0  0  0
  1  1  0
   1  52
31  
  1  0  1  0  1  0  1  0  1  0  1  0  0  0
  1  1  0
   1  53
12  
  1  0  1  0  1  0  1  0  1  0  1  0  0  0
  1  1  0
   1  54
97  
  1  0  1  0  1  0  1  0  1  0  1  0  0  0
  1  1  0
   1  55
82  
  1  0  1  0  1  0  1  0  1  0  1  0  0  0
  1  1  0
   1  56
70  
  1  0  1  0  1  0  1  0  1  0  1  0  0  0
  1  1  0
   1  57
33  
  1  0  1  0  1  0  1  0  1  0  1  0  0  0
  1  1  0
   1  58
29  
  1  0  1  0  1  0  1  0  1  0  1  0  0  0
  1  1  0
   1  59
33  
  1  0  1  0  1  0  1  0  1  0  1  0  0  0
  1  1  0
   1  60
70  
  1  0  1  0  1  0  1  0  1  0  1  0  0  0
  1  1  0
   1  61
1   
  1  0  1  0  1  0  1  0  1  0  1  0  0  0
  1  1  0
   1  62
73  
  1  0  1  0  1  0  1  0  1  0  1  0  0  0
  1  1  0
   1  63
26  
  1  0  1  0  1  0  1  0  1  0  1  0  0  0
  1  1  0
   1  64
29  
  1  0  1  0  1  0  1  0  1  0  1  0  0  0
  2  2  0
   1  70
30  
  1  0  1  0  1  0  1  0  1  0  1  0  0  0
  2  2  0
   1  71
1   
  1  0  1  0  1  0  1  0  1  0  1  0  0  0
  2  2  0
   1  72
9   
  1  0  1  0  1  0  1  0  1  0  1  0  0  0
  2  2  0
   1  73
5   
  1  0  1  0  1  0  1  0  1  0  1  0  0  0
  2  2  0
   1  74
8   
  1  0  1  0  1  0  1  0  1  0  1  0  0  0
  2  2  0
   1  75
26  
  1  0  1  0  1  0  1  0  1  0  1  0  0  0
  2  2  0
   1  76
33  
  1  0  1  0  1  0  1  0  1  0  1  0  0  0
  2  2  0
   1  77
52  
  1  0  1  0  1  0  1  0  1  0  1  0  0  0
  2  2  0
   1  78
71  
  1  0  1  0  1  0  1  0  1  0  1  0  0  0
  2  2  0
   1  79
12  
  1  0  1  0  1  0  1  0  1  0  1  0  0  0
  2  2  0
   1  80
1   
  1  0  1  0  1  0  1  0  1  0  1  0  0  0
  2  2  0
   1  81
26  
  1  0  1  0  1  0  1  0  1  0  1  0  0  0
  1  1  0
   1  82
1   
  1  0  1  0  1  0  1  0  1  0  1  0  0  0
  1  1  0
   1  83
28  
  1  0  1  0  1  0  1  0  1  0  1  0  0  0
  1  1  0
   1  84
25  
  1  0  1  0  1  0  1  0  1  0  1  0  0  0
  1  1  0
   1  85
94  
  1  0  1  0  1  0  1  0  1  0  1  0  0  0
  1  1  0
   1  86
13  
  1  0  1  0  1  0  1  0  1  0  1  0  0  0
  1  1  0
   1  87
25  
  1  0  1  0  1  0  1  0  1  0  1  0  0  0
  1  1  0
   1  88
79  
  1  0  1  0  1  0  1  0  1  0  1  0  0  0
  1  1  0
   1  89
7   
  1  0  1  0  1  0  1  0  1  0  1  0  0  0
  1  1  0
   1  90
32  
  1  0  1  0  1  0  1  0  1  0  1  0  0  0
  1  1  0
   1  91
80  
  1  0  1  0  1  0  1  0  1  0  1  0  0  0
  1  1  0
   1  92
71  
  1  0  1  0  1  0  1  0  1  0  1  0  0  0
  1  1  0
   1  93
71  
  1  0  1  0  1  0  1  0  1  0  1  0  0  0
