 10  8  9  3 00  0  0  0  0
nnn_pot
  8
  8 40
                                                13.102943   13.102943   
                                                13.102943   3.395923    
                                                13.102943   0.726209    
                                                13.102943   0.149071    
                                                13.102943   0.029114    
                                                13.102943   0.006628    
                                                3.395923    3.395923    
                                                3.395923    0.726209    
   31.622777   22.854639   16.517667   11.937766    8.627748    6.235507
    4.506570    3.257021    2.353937    1.701254    1.229543    0.888624
    0.642233    0.464159    0.335460    0.242446    0.175222    0.126638
    0.091525    0.066147    0.047807    0.034551    0.024971    0.018047
    0.013043    0.009427    0.006813    0.004924    0.003559    0.002572
    0.001859    0.001343    0.000971    0.000702    0.000507    0.000367
    0.000265    0.000191    0.000138    0.000100
  1  1
          1.

  1  1
                      1.

  1  1
                                  1.

  1  1
                                              1.

  1  1
                                                          1.

  1  1
                                                                      1.

  1  1

          1.
  1  1

                      1.
  8
  8 40
                                                3.395923    0.149071    
                                                3.395923    0.029114    
                                                3.395923    0.006628    
                                                0.726209    0.726209    
                                                0.726209    0.149071    
                                                0.726209    0.029114    
                                                0.726209    0.006628    
                                                0.149071    0.149071    
   31.622777   22.854639   16.517667   11.937766    8.627748    6.235507
    4.506570    3.257021    2.353937    1.701254    1.229543    0.888624
    0.642233    0.464159    0.335460    0.242446    0.175222    0.126638
    0.091525    0.066147    0.047807    0.034551    0.024971    0.018047
    0.013043    0.009427    0.006813    0.004924    0.003559    0.002572
    0.001859    0.001343    0.000971    0.000702    0.000507    0.000367
    0.000265    0.000191    0.000138    0.000100
  1  1
          1.

  1  1
                      1.

  1  1
                                  1.

  1  1
                                              1.

  1  1
                                                          1.

  1  1
                                                                      1.

  1  1

          1.
  1  1

                      1.
  5
  5 40
                                                0.149071    0.029114    
                                                0.149071    0.006628    
                                                0.029114    0.029114    
                                                0.029114    0.006628    
                                                0.006628    0.006628    
   31.622777   22.854639   16.517667   11.937766    8.627748    6.235507
    4.506570    3.257021    2.353937    1.701254    1.229543    0.888624
    0.642233    0.464159    0.335460    0.242446    0.175222    0.126638
    0.091525    0.066147    0.047807    0.034551    0.024971    0.018047
    0.013043    0.009427    0.006813    0.004924    0.003559    0.002572
    0.001859    0.001343    0.000971    0.000702    0.000507    0.000367
    0.000265    0.000191    0.000138    0.000100
  1  1
          1.
  1  1
                      1.
  1  1
                                  1.
  1  1
                                              1.
  1  1
                                                          1.
  8
  8 40
                                                24.726553   28.957121   
                                                24.726553   1.808041    
                                                24.726553   0.063230    
                                                8.307963    28.957121   
                                                8.307963    1.808041    
                                                8.307963    0.063230    
                                                5.861843    28.957121   
                                                5.861843    1.808041    
   31.622777   22.854639   16.517667   11.937766    8.627748    6.235507
    4.506570    3.257021    2.353937    1.701254    1.229543    0.888624
    0.642233    0.464159    0.335460    0.242446    0.175222    0.126638
    0.091525    0.066147    0.047807    0.034551    0.024971    0.018047
    0.013043    0.009427    0.006813    0.004924    0.003559    0.002572
    0.001859    0.001343    0.000971    0.000702    0.000507    0.000367
    0.000265    0.000191    0.000138    0.000100
  1  1
          1.

  1  1
                      1.

  1  1
                                  1.

  1  1
                                              1.

  1  1
                                                          1.

  1  1
                                                                      1.

  1  1

          1.
  1  1

                      1.
  8
  8 40
                                                5.861843    0.063230    
                                                5.394766    28.957121   
                                                5.394766    1.808041    
                                                5.394766    0.063230    
                                                1.476054    28.957121   
                                                1.476054    1.808041    
                                                1.476054    0.063230    
                                                0.493127    28.957121   
   31.622777   22.854639   16.517667   11.937766    8.627748    6.235507
    4.506570    3.257021    2.353937    1.701254    1.229543    0.888624
    0.642233    0.464159    0.335460    0.242446    0.175222    0.126638
    0.091525    0.066147    0.047807    0.034551    0.024971    0.018047
    0.013043    0.009427    0.006813    0.004924    0.003559    0.002572
    0.001859    0.001343    0.000971    0.000702    0.000507    0.000367
    0.000265    0.000191    0.000138    0.000100
  1  1
          1.

  1  1
                      1.

  1  1
                                  1.

  1  1
                                              1.

  1  1
                                                          1.

  1  1
                                                                      1.

  1  1

          1.
  1  1

                      1.
  8
  8 40
                                                0.493127    1.808041    
                                                0.493127    0.063230    
                                                0.120962    28.957121   
                                                0.120962    1.808041    
                                                0.120962    0.063230    
                                                0.029662    28.957121   
                                                0.029662    1.808041    
                                                0.029662    0.063230    
   31.622777   22.854639   16.517667   11.937766    8.627748    6.235507
    4.506570    3.257021    2.353937    1.701254    1.229543    0.888624
    0.642233    0.464159    0.335460    0.242446    0.175222    0.126638
    0.091525    0.066147    0.047807    0.034551    0.024971    0.018047
    0.013043    0.009427    0.006813    0.004924    0.003559    0.002572
    0.001859    0.001343    0.000971    0.000702    0.000507    0.000367
    0.000265    0.000191    0.000138    0.000100
  1  1
          1.

  1  1
                      1.

  1  1
                                  1.

  1  1
                                              1.

  1  1
                                                          1.

  1  1
                                                                      1.

  1  1

          1.
  1  1

                      1.
  8
  8 40
                                                16.605398   6.854947    
                                                16.605398   0.265547    
                                                16.605398   0.015489    
                                                9.588813    6.854947    
                                                9.588813    0.265547    
                                                9.588813    0.015489    
                                                3.964700    6.854947    
                                                3.964700    0.265547    
   31.622777   22.854639   16.517667   11.937766    8.627748    6.235507
    4.506570    3.257021    2.353937    1.701254    1.229543    0.888624
    0.642233    0.464159    0.335460    0.242446    0.175222    0.126638
    0.091525    0.066147    0.047807    0.034551    0.024971    0.018047
    0.013043    0.009427    0.006813    0.004924    0.003559    0.002572
    0.001859    0.001343    0.000971    0.000702    0.000507    0.000367
    0.000265    0.000191    0.000138    0.000100
  1  1
          1.

  1  1
                      1.

  1  1
                                  1.

  1  1
                                              1.

  1  1
                                                          1.

  1  1
                                                                      1.

  1  1

          1.
  1  1

                      1.
  8
  8 40
                                                3.964700    0.015489    
                                                1.369314    6.854947    
                                                1.369314    0.265547    
                                                1.369314    0.015489    
                                                0.474487    6.854947    
                                                0.474487    0.265547    
                                                0.474487    0.015489    
                                                0.239116    6.854947    
   31.622777   22.854639   16.517667   11.937766    8.627748    6.235507
    4.506570    3.257021    2.353937    1.701254    1.229543    0.888624
    0.642233    0.464159    0.335460    0.242446    0.175222    0.126638
    0.091525    0.066147    0.047807    0.034551    0.024971    0.018047
    0.013043    0.009427    0.006813    0.004924    0.003559    0.002572
    0.001859    0.001343    0.000971    0.000702    0.000507    0.000367
    0.000265    0.000191    0.000138    0.000100
  1  1
          1.

  1  1
                      1.

  1  1
                                  1.

  1  1
                                              1.

  1  1
                                                          1.

  1  1
                                                                      1.

  1  1

          1.
  1  1

                      1.
  8
  8 40
                                                0.239116    0.265547    
                                                0.239116    0.015489    
                                                0.091988    6.854947    
                                                0.091988    0.265547    
                                                0.091988    0.015489    
                                                0.018281    6.854947    
                                                0.018281    0.265547    
                                                0.018281    0.015489    
   31.622777   22.854639   16.517667   11.937766    8.627748    6.235507
    4.506570    3.257021    2.353937    1.701254    1.229543    0.888624
    0.642233    0.464159    0.335460    0.242446    0.175222    0.126638
    0.091525    0.066147    0.047807    0.034551    0.024971    0.018047
    0.013043    0.009427    0.006813    0.004924    0.003559    0.002572
    0.001859    0.001343    0.000971    0.000702    0.000507    0.000367
    0.000265    0.000191    0.000138    0.000100
  1  1
          1.

  1  1
                      1.

  1  1
                                  1.

  1  1
                                              1.

  1  1
                                                          1.

  1  1
                                                                      1.

  1  1

          1.
  1  1

                      1.
  8                                                            Z1  BVs 1 - 8
  8 10
                                                5.012214    8.010644    
                                                0.697438    4.585781    
                                                2.710151    225.886826  
                                                18.978447   39.820396   
                                                0.305607    0.054901    
                                                0.036203    0.624997    
                                                0.077143    1.574704    
                                                0.378810    0.035650    
   27.574444    4.368303    2.746047    1.252523    0.245935    0.222539
    0.039086    0.015773    0.009433    0.004011
  1  1
          1.

  1  1
                      1.

  1  1
                                  1.

  1  1
                                              1.

  1  1
                                                          1.

  1  1
                                                                      1.

  1  1

          1.
  1  1

                      1.
  4                                                            Z2  BVs 9 - 12
  4 10
                                                1.101916    3.803284    
                                                0.826420    6.372443    
                                                1.024099    7.497487    
                                                0.075520    2.221104    
   13.619986    4.120104   22.575222    1.195246    0.245925    0.217654
    0.039085    0.289793    0.151012    0.007809
  1  1
          1.
  1  1
                      1.
  1  1
                                  1.
  1  1
                                              1.
  8                                                            Z3  BVs 13 - 20
  8 10
                                                0.022663    0.090928    
                                                0.102568    0.271312    
                                                28.741627   11.295753   
                                                29.357874   0.174839    
                                                1.156083    2.264946    
                                                0.543967    26.792690   
                                                7.717852    14.012294   
                                                15.988160   11.961031   
   11.633194    8.191615    1.793965    1.620004    0.329409    0.212306
    0.080897    0.022030    0.008286    0.007467
  1  1
          1.

  1  1
                      1.

  1  1
                                  1.

  1  1
                                              1.

  1  1
                                                          1.

  1  1
                                                                      1.

  1  1

          1.
  1  1

                      1.
  4                                                            Z4  BVs 21 - 24
  4 10
                                                3.249199    0.432388    
                                                18.587481   0.400649    
                                                0.133409    5.207729    
                                                3.680265    1.484196    
   11.690811    3.426856    1.853102    0.795578    0.365964    0.217614
    0.080895    0.557588    0.008308    0.005514
  1  1
          1.
  1  1
                      1.
  1  1
                                  1.
  1  1
                                              1.
eob-tni/np3s_np3s_12-34_np3s_np3s_12-34
elu-tni/000-0_000-0
eob-tni/np3s_np3s_12-34_np3s_np3s_12-34
elu-tni/000-0_000-0
eob-tni/np3s_np3s_12-34_np3s_np3s_12-34
elu-tni/000-0_000-0
eob-tni/np3s_np3s_12-34_np3s_np3s_12-34
elu-tni/000-0_000-0
eob-tni/np3s_np3s_12-34_np3s_np3s_12-34
elu-tni/000-0_000-0
eob-tni/np3s_np3s_12-34_np3s_np3s_12-34
elu-tni/000-0_000-0
eob-tni/tp_123-4_np3s_np3s_12-34
elu-tni/000-0_000-0
eob-tni/tp_123-4_np3s_np3s_12-34
elu-tni/000-0_000-0
eob-tni/tp_123-4_np3s_np3s_12-34
elu-tni/000-0_000-0
eob-tni/tp_123-4_tp_123-4
elu-tni/000-0_000-0
eob-tni/tp_123-4_np3s_np3s_12-34
elu-tni/000-0_000-0
eob-tni/tp_123-4_np3s_np3s_12-34
elu-tni/000-0_000-0
eob-tni/tp_123-4_np3s_np3s_12-34
elu-tni/000-0_000-0
eob-tni/tp_123-4_tp_123-4
elu-tni/000-0_000-0
eob-tni/tp_123-4_tp_123-4
elu-tni/000-0_000-0
eob-tni/tp_123-4_np3s_np3s_12-34
elu-tni/000-0_000-0
eob-tni/tp_123-4_np3s_np3s_12-34
elu-tni/000-0_000-0
eob-tni/tp_123-4_np3s_np3s_12-34
elu-tni/000-0_000-0
eob-tni/tp_123-4_tp_123-4
elu-tni/000-0_000-0
eob-tni/tp_123-4_tp_123-4
elu-tni/000-0_000-0
eob-tni/tp_123-4_tp_123-4
elu-tni/000-0_000-0
eob-tni/tp_123-4_np3s_np3s_12-34
elu-tni/000-0_000-0
eob-tni/tp_123-4_np3s_np3s_12-34
elu-tni/000-0_000-0
eob-tni/tp_123-4_np3s_np3s_12-34
elu-tni/000-0_000-0
eob-tni/tp_123-4_tp_123-4
elu-tni/000-0_000-0
eob-tni/tp_123-4_tp_123-4
elu-tni/000-0_000-0
eob-tni/tp_123-4_tp_123-4
elu-tni/000-0_000-0
eob-tni/tp_123-4_tp_123-4
elu-tni/000-0_000-0
eob-tni/tp_123-4_np3s_np3s_12-34
elu-tni/000-0_000-0
eob-tni/tp_123-4_np3s_np3s_12-34
elu-tni/000-0_000-0
eob-tni/tp_123-4_np3s_np3s_12-34
elu-tni/000-0_000-0
eob-tni/tp_123-4_tp_123-4
elu-tni/000-0_000-0
eob-tni/tp_123-4_tp_123-4
elu-tni/000-0_000-0
eob-tni/tp_123-4_tp_123-4
elu-tni/000-0_000-0
eob-tni/tp_123-4_tp_123-4
elu-tni/000-0_000-0
eob-tni/tp_123-4_tp_123-4
elu-tni/000-0_000-0
eob-tni/tp_123-4_np3s_np3s_12-34
elu-tni/000-0_000-0
eob-tni/tp_123-4_np3s_np3s_12-34
elu-tni/000-0_000-0
eob-tni/tp_123-4_np3s_np3s_12-34
elu-tni/000-0_000-0
eob-tni/tp_123-4_tp_123-4
elu-tni/000-0_000-0
eob-tni/tp_123-4_tp_123-4
elu-tni/000-0_000-0
eob-tni/tp_123-4_tp_123-4
elu-tni/000-0_000-0
eob-tni/tp_123-4_tp_123-4
elu-tni/000-0_000-0
eob-tni/tp_123-4_tp_123-4
elu-tni/000-0_000-0
eob-tni/tp_123-4_tp_123-4
elu-tni/000-0_000-0
eob-tni/np3s_np3s_12-34_np3s_np3s_12-34
elu-tni/000-0_000-0
eob-tni/np3s_np3s_12-34_np3s_np3s_12-34
elu-tni/000-0_000-0
eob-tni/np3s_np3s_12-34_np3s_np3s_12-34
elu-tni/000-0_000-0
eob-tni/np3s_np3s_12-34_tp_123-4
elu-tni/000-0_000-0
eob-tni/np3s_np3s_12-34_tp_123-4
elu-tni/000-0_000-0
eob-tni/np3s_np3s_12-34_tp_123-4
elu-tni/000-0_000-0
eob-tni/np3s_np3s_12-34_tp_123-4
elu-tni/000-0_000-0
eob-tni/np3s_np3s_12-34_tp_123-4
elu-tni/000-0_000-0
eob-tni/np3s_np3s_12-34_tp_123-4
elu-tni/000-0_000-0
eob-tni/np3s_np3s_12-34_np3s_np3s_12-34
elu-tni/000-0_000-0
eob-tni/np3s_np3s_12-34_np3s_np3s_12-34
elu-tni/000-0_000-0
eob-tni/np3s_np3s_12-34_np3s_np3s_12-34
elu-tni/000-0_000-0
eob-tni/np3s_np3s_12-34_np3s_np3s_12-34
elu-tni/000-0_000-0
eob-tni/np3s_np3s_12-34_tp_123-4
elu-tni/000-0_000-0
eob-tni/np3s_np3s_12-34_tp_123-4
elu-tni/000-0_000-0
eob-tni/np3s_np3s_12-34_tp_123-4
elu-tni/000-0_000-0
eob-tni/np3s_np3s_12-34_tp_123-4
elu-tni/000-0_000-0
eob-tni/np3s_np3s_12-34_tp_123-4
elu-tni/000-0_000-0
eob-tni/np3s_np3s_12-34_tp_123-4
elu-tni/000-0_000-0
eob-tni/np3s_np3s_12-34_np3s_np3s_12-34
elu-tni/000-0_000-0
eob-tni/np3s_np3s_12-34_np3s_np3s_12-34
elu-tni/000-0_000-0
eob-tni/tp_123-4_np3s_np3s_12-34
elu-tni/000-0_000-0
eob-tni/tp_123-4_np3s_np3s_12-34
elu-tni/000-0_000-0
eob-tni/tp_123-4_np3s_np3s_12-34
elu-tni/000-0_000-0
eob-tni/tp_123-4_tp_123-4
elu-tni/000-0_000-0
eob-tni/tp_123-4_tp_123-4
elu-tni/000-0_000-0
eob-tni/tp_123-4_tp_123-4
elu-tni/000-0_000-0
eob-tni/tp_123-4_tp_123-4
elu-tni/000-0_000-0
eob-tni/tp_123-4_tp_123-4
elu-tni/000-0_000-0
eob-tni/tp_123-4_tp_123-4
elu-tni/000-0_000-0
eob-tni/tp_123-4_np3s_np3s_12-34
elu-tni/000-0_000-0
eob-tni/tp_123-4_np3s_np3s_12-34
elu-tni/000-0_000-0
eob-tni/tp_123-4_tp_123-4
elu-tni/000-0_000-0
eob-tni/tp_123-4_np3s_np3s_12-34
elu-tni/000-0_000-0
eob-tni/tp_123-4_np3s_np3s_12-34
elu-tni/000-0_000-0
eob-tni/tp_123-4_np3s_np3s_12-34
elu-tni/000-0_000-0
eob-tni/tp_123-4_tp_123-4
elu-tni/000-0_000-0
eob-tni/tp_123-4_tp_123-4
elu-tni/000-0_000-0
eob-tni/tp_123-4_tp_123-4
elu-tni/000-0_000-0
eob-tni/tp_123-4_tp_123-4
elu-tni/000-0_000-0
eob-tni/tp_123-4_tp_123-4
elu-tni/000-0_000-0
eob-tni/tp_123-4_tp_123-4
elu-tni/000-0_000-0
eob-tni/tp_123-4_np3s_np3s_12-34
elu-tni/000-0_000-0
eob-tni/tp_123-4_np3s_np3s_12-34
elu-tni/000-0_000-0
eob-tni/tp_123-4_tp_123-4
elu-tni/000-0_000-0
eob-tni/tp_123-4_tp_123-4
elu-tni/000-0_000-0
