 11  2 12 31  1  1 +2  0  0 -1
  1  1  1  1  0  0  0  0  0  0  0  0  0  0  1  1
   0.0000000   1.0000000   1.0000000   1.0000000   1.0000000   1.0000000   1.0000000
   1.0000000   1.0000000   1.0000000   1.0000000   1.0000000   1.0000000   1.6500000
   1.0000000   1.0000000   1.0000000   1.0000000   1.0000000   1.0000000   1.0000000
   1.0000000   1.0000000   1.0000000   1.0000000   1.0000000   1.0000000   1.0000000
   1.0000000   1.0000000
   0  73   0   0   0   1
  99
16.101180000        
-0.042910830        
0.003250968         
5.980118000         
-0.479322100        
0.005868393         
-3.720570000        
0.144705400         
0.002612286         
1.778235000         
-0.335317700        
0.003755496         
-0.028509920        
-0.030146170        
0.001061327         
0.003547703         
-0.012565510        
0.000156913         
-0.000043050        
0.000006293         
0.000000111         
-1.088244000        
-0.006959077        
-0.000093511        
0.530521400         
-0.004953057        
-0.000378914        
-1.816011000        
-0.003469210        
0.000349559         
1.099202000         
-0.006535565        
-0.000691414        
-0.083321110        
-0.002686120        
-0.000044049        
0.003034767         
-0.000729293        
-0.000036766        
0.000855696         
-0.000011480        
0.000001924         
1.446952791         
1.744449070         
0.784711044         
0.357650794         
0.121513485         
0.525777789         
0.473024573         
0.215592243         
0.073248446         
0.106391070         
0.096980541         
0.032949580         
0.022100598         
0.015017558         
0.002551142         
1.657705000         
-0.007004111        
0.002239059         
0.612658800         
-0.056985580        
0.005031921         
-0.383031000        
0.013196670         
-0.001042723        
0.183895500         
-0.039644040        
0.004139617         
-0.002919490        
-0.004588557        
0.001602953         
0.000324387         
-0.003498662        
0.000945132         
-0.000006669        
0.000005846         
0.000061328         
-0.118595800        
0.001628273         
0.001528564         
0.054454020         
0.002526091         
0.002320623         
-0.212647400        
0.006040814         
0.001558032         
0.135208900         
-0.002711018        
0.000768306         
-0.013318660        
0.001811727         
0.001272562         
0.000650972         
-0.000220734        
0.000582030         
0.000230279         
0.000145636         
0.000238735         
  1  1  0
  42  16  17  18  19  20  21  22  23  24  25  26  27  28  29  30  31  32  33  34
  35  36  37  38  39  40  41  42  43  44  45  46  47  48  49  50  51  52  53  54
  55  56  57
   1   2   3   4   5   6   7   8   9  10  11  12  13  14  15  16  17  18  19  20
  21  22  23  24  25  26  27  28  29  30  31  32  33  34  35  36  37  38  39  40
  41  42
  1  1  1  1  1  1  1  1  1  1  1  1  1  1  1  1  1  1
  2  2  0
  15   1   2   3   4   5   6   7   8   9  10  11  12  13  14  15
  43  44  45  46  47  48  49  50  51  52  53  54  55  56  57
  1  1  1  1  1  1  1  1  1  1  1  1  1  1  1  1  1  1
  1  1  0
  42  16  17  18  19  20  21  22  23  24  25  26  27  28  29  30  31  32  33  34
  35  36  37  38  39  40  41  42  43  44  45  46  47  48  49  50  51  52  53  54
  55  56  57
  58  59  60  61  62  63  64  65  66  67  68  69  70  71  72  73  74  75  76  77
  78  79  80  81  82  83  84  85  86  87  88  89  90  91  92  93  94  95  96  97
  98  99
  1  1  1  1  1  1  1  1  1  1  1  1  1  1  1  1  1  1
  2  2  0 -1
   1   7
31  
  0  0  1  1  1  1  1  1  1  1  0
  2  2  0
   1  70
25  
  0  0  1  1  1  1  1  1  1  1  0
  1  1  0
   1  85
8   
  0  0  1  1  1  1  1  1  1  1  0
  1  1  0
   1  47
7   
  0  0  1  1  1  1  1  1  1  1  0
  2  2  0
   1   3
67  
  0  0  1  1  1  1  1  1  1  1  0
  2  2  0
   1  62
43  
  0  0  1  1  1  1  1  1  1  1  0
  1  1  0
   1  89
47  
  0  0  1  1  1  1  1  1  1  1  0
  1  1  0
   1  80
1   
  0  0  1  1  1  1  1  1  1  1  0
  1  1  0
   1  28
10  
  0  0  1  1  1  1  1  1  1  1  0
  1  1  0
   1  39
67  
  0  0  1  1  1  1  1  1  1  1  0
  1  1  0
   1  81
79  
  0  0  1  1  1  1  1  1  1  1  0
  2  2  0
   1  66
1   
  0  0  1  1  1  1  1  1  1  1  0
  1  1  0
   1  76
44  
  0  0  1  1  1  1  1  1  1  1  0
  1  1  0
   1  78
58  
  0  0  1  1  1  1  1  1  1  1  0
  2  2  0
   1  60
8   
  0  0  1  1  1  1  1  1  1  1  0
  1  1  0
   1  26
11  
  0  0  1  1  1  1  1  1  1  1  0
  2  2  0
   1  11
5   
  0  0  1  1  1  1  1  1  1  1  0
  1  1  0
   1  83
61  
  0  0  1  1  1  1  1  1  1  1  0
  2  2  0
   1   5
7   
  0  0  1  1  0  0  1  1  1  1  0
  1  1  0
   1  35
1   
  0  0  1  1  1  1  1  1  1  1  0
  2  2  0
   1   4
58  
  0  0  1  1  1  1  1  1  1  1  0
  1  1  0
   1  84
31  
  0  0  1  1  1  1  1  1  0  1  0
  2  2  0
   1   8
28  
  0  0  1  0  1  1  1  1  1  1  0
  2  2  0
   1   6
64  
  0  0  1  1  1  1  1  1  1  1  0
  1  1  0
   1  19
58  
  0  0  1  1  1  0  1  1  1  1  0
  1  1  0
   1  20
61  
  0  0  1  1  1  1  1  1  1  1  0
  1  1  0
   1  38
67  
  0  0  1  1  1  1  1  1  1  1  0
  1  1  0
   1  79
58  
  0  0  1  1  1  1  1  1  1  1  0
  2  2  0
   1  63
85  
  0  0  1  1  1  1  1  1  1  1  0
  1  1  0
   1  75
44  
  0  0  1  1  1  1  1  1  1  1  0
  2  2  0
   1   2
79  
  0  0  1  0  1  0  1  0  1  1  0
  1  1  0
   1  51
43  
  0  0  1  1  1  1  1  1  1  1  0
  1  1  0
   1  43
31  
  0  0  1  1  1  1  1  1  1  1  0
  1  1  0
   1  27
88  
  0  0  1  1  1  1  1  1  1  1  0
  2  2  0
   1  61
61  
  0  0  1  1  0  1  1  1  1  1  0
  1  1  0
   1  25
67  
  0  0  1  1  0  1  0  1  1  0  0
  2  2  0
   1  72
45  
  0  0  1  1  1  1  1  1  1  1  0
  1  1  0
   1  77
47  
  0  0  1  0  0  0  1  1  1  1  0
  1  1  0
   1  34
45  
  0  0  1  1  1  1  1  1  1  1  0
  1  1  0
   1  30
22  
  0  0  1  1  1  1  1  1  1  1  0
  1  1  0
   1  53
49  
  0  0  1  1  1  1  1  1  1  1  0
  1  1  0
   1  74
58  
  0  0  1  1  1  1  0  1  0  1  0
  2  2  0
   1  69
79  
  0  0  0  0  0  1  1  0  1  0  0
  1  1  0
   1  22
4   
  0  0  0  1  0  0  1  1  1  1  0
  2  2  0
   1  58
31  
  0  0  1  1  1  1  1  1  1  1  0
  1  1  0
   1  44
61  
  0  0  1  1  1  1  1  1  1  1  0
  1  1  0
   1  49
1   
  0  0  1  1  1  1  1  1  1  1  0
  1  1  0
   1  88
47  
  0  0  1  1  1  1  1  1  1  1  0
  1  1  0
   1  82
79  
  0  0  1  0  1  1  1  0  0  0  0
  1  1  0
   1  50
67  
  0  0  0  1  0  0  1  0  1  1  0
  1  1  0
   1  40
64  
  0  0  1  1  1  0  1  1  1  1  0
  2  2  0
   1  71
46  
  0  0  0  1  1  1  1  1  1  1  0
  1  1  0
   1  52
5   
  0  0  1  1  1  1  1  1  1  1  0
  1  1  0
   1  29
49  
  0  0  1  1  1  1  1  1  1  1  0
  1  1  0
   1  33
10  
  0  0  1  1  1  1  1  1  1  1  0
  1  1  0
   1  87
4   
  0  0  1  1  1  1  1  1  1  1  0
  1  1  0
   1  21
1   
  0  0  1  1  1  1  1  1  1  1  0
  1  1  0
   1  36
46  
  0  0  1  1  1  1  1  1  1  1  0
  2  2  0
   1   9
61  
  0  0  1  1  1  1  1  1  1  1  0
  2  2  0
   1  65
47  
  0  0  1  1  1  1  1  1  1  1  0
  1  1  0
   1  45
49  
  0  0  1  1  1  1  1  1  1  1  0
  1  1  0
   1  18
31  
  0  0  1  1  1  1  1  1  1  1  0
  2  2  0
   1  64
28  
  0  0  1  1  1  1  1  1  1  1  0
  1  1  0
   1  37
85  
  0  0  1  1  0  1  1  0  0  1  0
  2  2  0
   1  73
52  
  0  0  1  1  1  1  1  1  1  1  0
  1  1  0
   1  48
22  
  0  0  1  1  1  1  1  1  1  1  0
  2  2  0
   1   1
28  
  0  0  1  1  1  1  0  1  0  1  0
  1  1  0
   1  41
49  
  0  0  0  1  0  0  1  0  0  1  0
  1  1  0
   1  31
7   
  0  0  0  1  1  1  1  1  1  1  0
  1  1  0
   1  17
49  
  0  0  1  1  1  0  1  1  1  1  0
  1  1  0
   1  32
10  
  0  0  1  1  1  1  1  1  1  1  0
  1  1  0
   1  86
7   
  0  0  1  0  1  1  1  1  1  1  0
  1  1  0
   1  46
48  
  0  0  1  0  0  0  1  0  0  0  0
  2  2  0
   1  59
61  
  0  0  0  0  0  0  0  0  0  1  0
  1  1  0
   1  42
88  
  0  0  0  1  0  0  0  0  0  0  0
  1  1  0
   1  24
88  
  0  0  0  1  1  1  0  0  1  1  0
  1  1  0
   1  23
5   
  0  1  0  1  0  1  0  1  0  1  0  0
