 10  8  9  3 00  0  0  0
nn_pot
  8
  8 18
                                                8.847078    8.847078    
                                                8.847078    1.999755    
                                                8.847078    0.421004    
                                                8.847078    0.085015    
                                                8.847078    0.014147    
                                                1.999755    1.999755    
                                                1.999755    0.421004    
                                                1.999755    0.085015    
    6.989473    5.141752    3.880511    2.154435    1.668101    1.196128
    0.664083    0.541170    0.368695    0.204697    0.175568    0.113646
    0.063096    0.056958    0.018478    0.005995    0.001945    0.000631
  1  1
          1.

  1  1
                      1.

  1  1
                                  1.

  1  1
                                              1.

  1  1
                                                          1.

  1  1
                                                                      1.

  1  1

          1.
  1  1

                      1.
  7
  7 18
                                                1.999755    0.014147    
                                                0.421004    0.421004    
                                                0.421004    0.085015    
                                                0.421004    0.014147    
                                                0.085015    0.085015    
                                                0.085015    0.014147    
                                                0.014147    0.014147    
    6.989473    5.141752    3.880511    2.154435    1.668101    1.196128
    0.664083    0.541170    0.368695    0.204697    0.175568    0.113646
    0.063096    0.056958    0.018478    0.005995    0.001945    0.000631
  1  1
          1.

  1  1
                      1.

  1  1
                                  1.

  1  1
                                              1.

  1  1
                                                          1.

  1  1
                                                                      1.

  1  1

          1.
  8
  8 18
                                                16.830015   25.218718   
                                                16.830015   0.278552    
                                                16.830015   0.006041    
                                                6.653212    25.218718   
                                                6.653212    0.278552    
                                                6.653212    0.006041    
                                                2.285267    25.218718   
                                                2.285267    0.278552    
    6.989473    5.141752    3.880511    2.154435    1.668101    1.196128
    0.664083    0.541170    0.368695    0.204697    0.175568    0.113646
    0.063096    0.056958    0.018478    0.005995    0.001945    0.000631
  1  1
          1.

  1  1
                      1.

  1  1
                                  1.

  1  1
                                              1.

  1  1
                                                          1.

  1  1
                                                                      1.

  1  1

          1.
  1  1

                      1.
  8
  8 18
                                                2.285267    0.006041    
                                                1.616188    25.218718   
                                                1.616188    0.278552    
                                                1.616188    0.006041    
                                                0.282149    25.218718   
                                                0.282149    0.278552    
                                                0.282149    0.006041    
                                                0.080977    25.218718   
    6.989473    5.141752    3.880511    2.154435    1.668101    1.196128
    0.664083    0.541170    0.368695    0.204697    0.175568    0.113646
    0.063096    0.056958    0.018478    0.005995    0.001945    0.000631
  1  1
          1.

  1  1
                      1.

  1  1
                                  1.

  1  1
                                              1.

  1  1
                                                          1.

  1  1
                                                                      1.

  1  1

          1.
  1  1

                      1.
  8
  8 18
                                                0.080977    0.278552    
                                                0.080977    0.006041    
                                                0.003287    25.218718   
                                                0.003287    0.278552    
                                                0.003287    0.006041    
                                                13.557127   0.927399    
                                                13.557127   0.009153    
                                                13.557127   0.001708    
    6.989473    5.141752    3.880511    2.154435    1.668101    1.196128
    0.664083    0.541170    0.368695    0.204697    0.175568    0.113646
    0.063096    0.056958    0.018478    0.005995    0.001945    0.000631
  1  1
          1.

  1  1
                      1.

  1  1
                                  1.

  1  1
                                              1.

  1  1
                                                          1.

  1  1
                                                                      1.

  1  1

          1.
  1  1

                      1.
  8
  8 18
                                                7.466060    0.927399    
                                                7.466060    0.009153    
                                                7.466060    0.001708    
                                                2.723632    0.927399    
                                                2.723632    0.009153    
                                                2.723632    0.001708    
                                                2.261714    0.927399    
                                                2.261714    0.009153    
    6.989473    5.141752    3.880511    2.154435    1.668101    1.196128
    0.664083    0.541170    0.368695    0.204697    0.175568    0.113646
    0.063096    0.056958    0.018478    0.005995    0.001945    0.000631
  1  1
          1.

  1  1
                      1.

  1  1
                                  1.

  1  1
                                              1.

  1  1
                                                          1.

  1  1
                                                                      1.

  1  1

          1.
  1  1

                      1.
  8
  8 18
                                                2.261714    0.001708    
                                                0.614666    0.927399    
                                                0.614666    0.009153    
                                                0.614666    0.001708    
                                                0.124871    0.927399    
                                                0.124871    0.009153    
                                                0.124871    0.001708    
                                                0.021453    0.927399    
    6.989473    5.141752    3.880511    2.154435    1.668101    1.196128
    0.664083    0.541170    0.368695    0.204697    0.175568    0.113646
    0.063096    0.056958    0.018478    0.005995    0.001945    0.000631
  1  1
          1.

  1  1
                      1.

  1  1
                                  1.

  1  1
                                              1.

  1  1
                                                          1.

  1  1
                                                                      1.

  1  1

          1.
  1  1

                      1.
  2
  2 18
                                                0.021453    0.009153    
                                                0.021453    0.001708    
    6.989473    5.141752    3.880511    2.154435    1.668101    1.196128
    0.664083    0.541170    0.368695    0.204697    0.175568    0.113646
    0.063096    0.056958    0.018478    0.005995    0.001945    0.000631
  1  1
          1.
  1  1
                      1.
  8                                                            Z1  BVs 1 - 8
  8 10
                                                45.271423   4.371835    
                                                4.355584    1.844655    
                                                1.470352    1.394253    
                                                0.907378    0.737292    
                                                0.564922    0.351997    
                                                0.328091    0.156631    
                                                0.138354    0.122962    
                                                0.037574    0.033118    
    9.693445    8.589824    4.508266    1.495113    0.975302    0.666372
    0.374556    0.255964    0.078838    0.033983
  1  1
          1.

  1  1
                      1.

  1  1
                                  1.

  1  1
                                              1.

  1  1
                                                          1.

  1  1
                                                                      1.

  1  1

          1.
  1  1

                      1.
  8                                                            Z2  BVs 9 - 16
  8 10
                                                10.517209   6.704654    
                                                1.627939    0.945586    
                                                0.788601    0.586140    
                                                0.525078    0.523722    
                                                0.513025    0.438256    
                                                0.276066    0.146882    
                                                0.124848    0.123991    
                                                0.105289    0.062247    
   10.460921    7.462881    4.570797    1.236879    0.808530    0.414477
    0.358913    0.262113    0.094428    0.078838
  1  1
          1.

  1  1
                      1.

  1  1
                                  1.

  1  1
                                              1.

  1  1
                                                          1.

  1  1
                                                                      1.

  1  1

          1.
  1  1

                      1.
  8                                                            Z3  BVs 17 - 24
  8 10
                                                27.650822   15.854490   
                                                11.838024   8.576575    
                                                6.743229    4.840633    
                                                1.062487    0.920607    
                                                0.881421    0.597295    
                                                0.224577    0.176269    
                                                0.124696    0.091347    
                                                0.066551    0.047477    
    9.535957    6.928916    2.737470    1.440015    0.949218    0.424271
    0.184972    0.091635    0.081584    0.027741
  1  1
          1.

  1  1
                      1.

  1  1
                                  1.

  1  1
                                              1.

  1  1
                                                          1.

  1  1
                                                                      1.

  1  1

          1.
  1  1

                      1.
  8                                                            Z4  BVs 25 - 32
  8 10
                                                119.307152  8.278910    
                                                4.762862    1.954454    
                                                1.454448    1.050097    
                                                0.629712    0.551597    
                                                0.551586    0.471778    
                                                0.158880    0.149568    
                                                0.122614    0.107031    
                                                0.069547    0.044617    
    8.129829    5.566308    1.556632    1.356334    1.104490    0.601496
    0.365630    0.357819    0.245929    0.084161
  1  1
          1.

  1  1
                      1.

  1  1
                                  1.

  1  1
                                              1.

  1  1
                                                          1.

  1  1
                                                                      1.

  1  1

          1.
  1  1

                      1.
