 11  2 12 31  1  1 +2  0  0 -1
  1  1  1  1  0  0  0  0  0  0  0  0  0  0  1  1
   0.0000000   1.0000000   1.0000000   1.0000000   1.0000000   1.0000000   1.0000000
   1.0000000   1.0000000   1.0000000   1.0000000   1.0000000   1.0000000   1.0000000
   1.0000000   1.0000000   1.0000000   1.0000000   1.0000000   1.0000000   1.0000000
   1.0000000   1.0000000   1.0000000   1.0000000   1.0000000   1.0000000   1.0000000
   1.0000000   1.0000000
   0 235   0   0   0   1
 264
1.471248932         
1.422848850         
0.763021896         
0.339957724         
0.120007566         
0.172841426         
0.069776426         
0.009311982         
1.422848850         
1.376040999         
0.737920554         
0.328774041         
0.116059644         
0.167155414         
0.067480972         
0.009005643         
0.763021896         
0.737920554         
0.395719855         
0.176309516         
0.062238550         
0.089639346         
0.036187582         
0.004829397         
0.339957724         
0.328774041         
0.176309516         
0.078553161         
0.027729841         
0.039938026         
0.016123060         
0.002151696         
0.120007566         
0.116059644         
0.062238550         
0.027729841         
0.009788837         
0.014098416         
0.005691558         
0.000759564         
0.172841426         
0.167155414         
0.089639346         
0.039938026         
0.014098416         
0.020305305         
0.008197292         
0.001093966         
0.069776426         
0.067480972         
0.036187582         
0.016123060         
0.005691558         
0.008197292         
0.003309263         
0.000441636         
0.009311982         
0.009005643         
0.004829397         
0.002151696         
0.000759564         
0.001093966         
0.000441636         
0.000058938         
1.471248932         
2.845697700         
1.526043792         
0.679915447         
0.240015132         
0.345682853         
0.139552852         
0.018623963         
1.376040999         
1.475841109         
0.657548081         
0.232119288         
0.334310828         
0.134961943         
0.018011285         
0.395719855         
0.352619032         
0.124477100         
0.179278693         
0.072375163         
0.009658795         
0.078553161         
0.055459682         
0.079876052         
0.032246120         
0.004303391         
0.009788837         
0.028196831         
0.011383117         
0.001519129         
0.020305305         
0.016394584         
0.002187932         
0.003309263         
0.000883272         
0.000058938         
1.471248958         
2.845697751         
1.526043820         
0.679915459         
0.240015136         
0.345682859         
0.139552854         
0.018623963         
1.376041024         
1.475841135         
0.657548093         
0.232119292         
0.334310834         
0.134961945         
0.018011286         
0.395719862         
0.352619038         
0.124477103         
0.179278696         
0.072375164         
0.009658795         
0.078553162         
0.055459683         
0.079876053         
0.032246121         
0.004303392         
0.009788837         
0.028196832         
0.011383117         
0.001519129         
0.020305306         
0.016394584         
0.002187932         
0.003309263         
0.000883272         
0.000058938         
15.622280000        
-8.514692000        
3.270076000         
0.576005400         
-19.480520000       
10.532840000        
-3.116179000        
-0.411742800        
0.094543350         
-1.442842000        
1.319983000         
0.374652000         
-1.083819000        
2.151839000         
-0.724496900        
-0.157465900        
-1.312971000        
-0.491814600        
0.649902100         
0.228252600         
0.043750140         
0.068386650         
0.143447600         
0.125902200         
-0.002065637        
-0.002110748        
0.055314050         
0.208900600         
0.000485815         
0.004130602         
-0.039201800        
-0.156052800        
-0.582372300        
0.021042450         
-0.109805400        
-0.025246610        
4.797334000         
-1.389041000        
-0.587004100        
-0.164848200        
-1.384191000        
-0.816178900        
-0.600493700        
-0.160767200        
0.110856400         
0.015613640         
-0.333834400        
-0.075575770        
-0.268550200        
-0.663529800        
0.488676200         
-0.135073200        
0.201460600         
0.545869000         
-0.573158000        
0.096975960         
0.003685297         
-0.029037160        
0.014345120         
-0.053780940        
0.000654154         
-0.000920624        
0.004716445         
-0.016268890        
15.622280000        
-8.514692000        
3.270076000         
0.576005400         
-19.480520000       
10.532840000        
-3.116179000        
-0.411742800        
0.094543350         
-1.442842000        
1.319983000         
0.374652000         
-1.083819000        
2.151839000         
-0.724496900        
-0.157465900        
-1.312971000        
-0.491814600        
0.649902100         
0.228252600         
0.043750140         
0.068386650         
0.143447600         
0.125902200         
-0.002065637        
-0.002110748        
0.055314050         
0.208900600         
0.000485815         
0.004130602         
-0.039201800        
-0.156052800        
-0.582372300        
0.021042450         
-0.109805400        
-0.025246610        
4.797334000         
-1.389041000        
-0.587004100        
-0.164848200        
-1.384191000        
-0.816178900        
-0.600493700        
-0.160767200        
0.110856400         
0.015613640         
-0.333834400        
-0.075575770        
-0.268550200        
-0.663529800        
0.488676200         
-0.135073200        
0.201460600         
0.545869000         
-0.573158000        
0.096975960         
0.003685297         
-0.029037160        
0.014345120         
-0.053780940        
0.000654154         
-0.000920624        
0.004716445         
-0.016268890        
  1  1  0
  64 201 202 203 204 205 206 207 208 209 210 211 212 213 214 215 216 217 218 219
 220 221 222 223 224 225 226 227 228 229 230 231 232 233 234 235 236 237 238 239
 240 241 242 243 244 245 246 247 248 249 250 251 252 253 254 255 256 257 258 259
 260 261 262 263 264
 201 202 203 204 205 206 207 208 209 210 211 212 213 214 215 216 217 218 219 220
 221 222 223 224 225 226 227 228 229 230 231 232 233 234 235 236 237 238 239 240
 241 242 243 244 245 246 247 248 249 250 251 252 253 254 255 256 257 258 259 260
 261 262 263 264
  1  1  1  1  1  1  1  1  1  1  1  1  1  1  1  1  1  1  1  1  1  1  1  1  1  1  1  1  1  1
  1  1  0
  64 137 138 139 140 141 142 143 144 145 146 147 148 149 150 151 152 153 154 155
 156 157 158 159 160 161 162 163 164 165 166 167 168 169 170 171 172 173 174 175
 176 177 178 179 180 181 182 183 184 185 186 187 188 189 190 191 192 193 194 195
 196 197 198 199 200
 137 138 139 140 141 142 143 144 145 146 147 148 149 150 151 152 153 154 155 156
 157 158 159 160 161 162 163 164 165 166 167 168 169 170 171 172 173 174 175 176
 177 178 179 180 181 182 183 184 185 186 187 188 189 190 191 192 193 194 195 196
 197 198 199 200
  1  1  1  1  1  1  1  1  1  1  1  1  1  1  1  1  1  1  1  1  1  1  1  1  1  1  1  1  1  1
  2  2  0
  36 101 102 103 104 105 106 107 108 109 110 111 112 113 114 115 116 117 118 119
 120 121 122 123 124 125 126 127 128 129 130 131 132 133 134 135 136
 101 102 103 104 105 106 107 108 109 110 111 112 113 114 115 116 117 118 119 120
 121 122 123 124 125 126 127 128 129 130 131 132 133 134 135 136
  1  1  1  1  1  1  1  1  1  1  1  1  1  1  1  1  1  1  1  1  1  1  1  1  1  1  1  1  1  1
  0  0  0
  36  65  66  67  68  69  70  71  72  73  74  75  76  77  78  79  80  81  82  83
  84  85  86  87  88  89  90  91  92  93  94  95  96  97  98  99 100
  65  66  67  68  69  70  71  72  73  74  75  76  77  78  79  80  81  82  83  84
  85  86  87  88  89  90  91  92  93  94  95  96  97  98  99 100
  1  1  1  1  1  1  1  1  1  1  1  1  1  1  1  1  1  1  1  1  1  1  1  1  1  1  1  1  1  1
  0  0  0
  64   1   2   3   4   5   6   7   8   9  10  11  12  13  14  15  16  17  18  19
  20  21  22  23  24  25  26  27  28  29  30  31  32  33  34  35  36  37  38  39
  40  41  42  43  44  45  46  47  48  49  50  51  52  53  54  55  56  57  58  59
  60  61  62  63  64
   1   2   3   4   5   6   7   8   9  10  11  12  13  14  15  16  17  18  19  20
  21  22  23  24  25  26  27  28  29  30  31  32  33  34  35  36  37  38  39  40
  41  42  43  44  45  46  47  48  49  50  51  52  53  54  55  56  57  58  59  60
  61  62  63  64
  1  1  1  1  1  1  1  1  1  1  1  1  1  1  1  1  1  1  1  1  1  1  1  1  1  1  1  1  1  1
  0  0  0 -1
   1   1
247 
  0  1  0  1  0  1  0  1  0  1  0  1  0  1  0  1  0  1  0  1
  0  0  0
   1   2
214 
  0  1  0  1  0  1  0  1  0  1  0  1  0  1  0  1  0  1  0  1
  0  0  0
   1   3
213 
  0  1  0  1  0  1  0  1  0  1  0  1  0  1  0  1  0  1  0  1
  0  0  0
   1   4
102 
  0  1  0  1  0  1  0  1  0  1  0  1  0  1  0  1  0  1  0  1
  0  0  0
   1   5
206 
  0  1  0  1  0  1  0  1  0  1  0  1  0  1  0  1  0  1  0  1
  0  0  0
   1   6
10  
  0  1  0  1  0  1  0  1  0  1  0  1  0  1  0  1  0  1  0  1
  0  0  0
   1   7
245 
  0  1  0  1  0  1  0  1  0  1  0  1  0  1  0  1  0  1  0  1
  0  0  0
   1   8
216 
  0  1  0  1  0  1  0  1  0  1  0  1  0  1  0  1  0  1  0  1
  0  0  0
   1   9
255 
  0  1  0  1  0  1  0  1  0  1  0  1  0  1  0  1  0  1  0  1
  0  0  0
   1  10
83  
  0  1  0  1  0  1  0  1  0  1  0  1  0  1  0  1  0  1  0  1
  0  0  0
   1  11
223 
  0  1  0  1  0  1  0  1  0  1  0  1  0  1  0  1  0  1  0  1
  0  0  0
   1  12
5   
  0  1  0  1  0  1  0  1  0  1  0  1  0  1  0  1  0  1  0  1
  0  0  0
   1  13
113 
  0  1  0  1  0  1  0  1  0  1  0  1  0  1  0  1  0  1  0  1
  0  0  0
   1  14
105 
  0  1  0  1  0  1  0  1  0  1  0  1  0  1  0  1  0  1  0  1
  0  0  0
   1  15
103 
  0  1  0  1  0  1  0  1  0  1  0  1  0  1  0  1  0  1  0  1
  0  0  0
   1  16
5   
  0  1  0  1  0  1  0  1  0  1  0  1  0  1  0  1  0  1  0  1
  0  0  0
   1  17
235 
  0  1  0  1  0  1  0  1  0  1  0  1  0  1  0  1  0  1  0  1
  0  0  0
   1  18
82  
  0  1  0  1  0  1  0  1  0  1  0  1  0  1  0  1  0  1  0  1
  0  0  0
   1  19
232 
  0  1  0  1  0  1  0  1  0  1  0  1  0  1  0  1  0  1  0  1
  0  0  0
   1  20
19  
  0  1  0  1  0  1  0  1  0  1  0  1  0  1  0  1  0  1  0  1
  0  0  0
   1  21
252 
  0  1  0  1  0  1  0  1  0  1  0  1  0  1  0  1  0  1  0  1
  0  0  0
   1  22
139 
  0  1  0  1  0  1  0  1  0  1  0  1  0  1  0  1  0  1  0  1
  0  0  0
   1  23
237 
  0  1  0  1  0  1  0  1  0  1  0  1  0  1  0  1  0  1  0  1
  0  0  0
   1  24
254 
  0  1  0  1  0  1  0  1  0  1  0  1  0  1  0  1  0  1  0  1
  0  0  0
   1  25
191 
  0  1  0  1  0  1  0  1  0  1  0  1  0  1  0  1  0  1  0  1
  0  0  0
   1  26
111 
  0  1  0  1  0  1  0  1  0  1  0  1  0  1  0  1  0  1  0  1
  0  0  0
   1  27
224 
  0  1  0  1  0  1  0  1  0  1  0  1  0  1  0  1  0  1  0  1
  0  0  0
   1  28
78  
  0  1  0  1  0  1  0  1  0  1  0  1  0  1  0  1  0  1  0  1
  0  0  0
   1  29
216 
  0  1  0  1  0  1  0  1  0  1  0  1  0  1  0  1  0  1  0  1
  0  0  0
   1  30
188 
  0  1  0  1  0  1  0  1  0  1  0  1  0  1  0  1  0  1  0  1
  0  0  0
   1  31
106 
  0  1  0  1  0  1  0  1  0  1  0  1  0  1  0  1  0  1  0  1
  0  0  0
   1  32
78  
  0  1  0  1  0  1  0  1  0  1  0  1  0  1  0  1  0  1  0  1
  0  0  0
   1  33
106 
  0  1  0  1  0  1  0  1  0  1  0  1  0  1  0  1  0  1  0  1
  0  0  0
   1  34
118 
  0  1  0  1  0  1  0  1  0  1  0  1  0  1  0  1  0  1  0  1
  0  0  0
   1  35
116 
  0  1  0  1  0  1  0  1  0  1  0  1  0  1  0  1  0  1  0  1
  0  0  0
   1  36
241 
  0  1  0  1  0  1  0  1  0  1  0  1  0  1  0  1  0  1  0  1
  0  0  0
   1  37
76  
  0  1  0  1  0  1  0  1  0  1  0  1  0  1  0  1  0  1  0  1
  0  0  0
   1  38
71  
  0  1  0  1  0  1  0  1  0  1  0  1  0  1  0  1  0  1  0  1
  0  0  0
   1  39
169 
  0  1  0  1  0  1  0  1  0  1  0  1  0  1  0  1  0  1  0  1
  0  0  0
   1  40
3   
  0  1  0  1  0  1  0  1  0  1  0  1  0  1  0  1  0  1  0  1
  0  0  0
   1  41
164 
  0  1  0  1  0  1  0  1  0  1  0  1  0  1  0  1  0  1  0  1
  0  0  0
   1  42
254 
  0  1  0  1  0  1  0  1  0  1  0  1  0  1  0  1  0  1  0  1
  0  0  0
   1  43
75  
  0  1  0  1  0  1  0  1  0  1  0  1  0  1  0  1  0  1  0  1
  0  0  0
   1  44
103 
  0  1  0  1  0  1  0  1  0  1  0  1  0  1  0  1  0  1  0  1
  0  0  0
   1  45
171 
  0  1  0  1  0  1  0  1  0  1  0  1  0  1  0  1  0  1  0  1
  0  0  0
   1  46
34  
  0  1  0  1  0  1  0  1  0  1  0  1  0  1  0  1  0  1  0  1
  0  0  0
   1  47
213 
  0  1  0  1  0  1  0  1  0  1  0  1  0  1  0  1  0  1  0  1
  0  0  0
   1  48
117 
  0  1  0  1  0  1  0  1  0  1  0  1  0  1  0  1  0  1  0  1
  0  0  0
   1  49
233 
  0  1  0  1  0  1  0  1  0  1  0  1  0  1  0  1  0  1  0  1
  0  0  0
   1  50
169 
  0  1  0  1  0  1  0  1  0  1  0  1  0  1  0  1  0  1  0  1
  0  0  0
   1  51
138 
  0  1  0  1  0  1  0  1  0  1  0  1  0  1  0  1  0  1  0  1
  0  0  0
   1  52
154 
  0  1  0  1  0  1  0  1  0  1  0  1  0  1  0  1  0  1  0  1
  0  0  0
   1  53
156 
  0  1  0  1  0  1  0  1  0  1  0  1  0  1  0  1  0  1  0  1
  0  0  0
   1  54
174 
  0  1  0  1  0  1  0  1  0  1  0  1  0  1  0  1  0  1  0  1
  0  0  0
   1  55
191 
  0  1  0  1  0  1  0  1  0  1  0  1  0  1  0  1  0  1  0  1
  0  0  0
   1  56
75  
  0  1  0  1  0  1  0  1  0  1  0  1  0  1  0  1  0  1  0  1
  0  0  0
   1  57
255 
  0  1  0  1  0  1  0  1  0  1  0  1  0  1  0  1  0  1  0  1
  0  0  0
   1  58
215 
  0  1  0  1  0  1  0  1  0  1  0  1  0  1  0  1  0  1  0  1
  0  0  0
   1  59
214 
  0  1  0  1  0  1  0  1  0  1  0  1  0  1  0  1  0  1  0  1
  0  0  0
   1  65
117 
  0  1  0  1  0  1  0  1  0  1  0  1  0  1  0  1  0  1  0  1
  0  0  0
   1  66
178 
  0  1  0  1  0  1  0  1  0  1  0  1  0  1  0  1  0  1  0  1
  0  0  0
   1  67
224 
  0  1  0  1  0  1  0  1  0  1  0  1  0  1  0  1  0  1  0  1
  0  0  0
   1  68
211 
  0  1  0  1  0  1  0  1  0  1  0  1  0  1  0  1  0  1  0  1
  0  0  0
   1  69
65  
  0  1  0  1  0  1  0  1  0  1  0  1  0  1  0  1  0  1  0  1
  0  0  0
   1  70
104 
  0  1  0  1  0  1  0  1  0  1  0  1  0  1  0  1  0  1  0  1
  0  0  0
   1  71
255 
  0  1  0  1  0  1  0  1  0  1  0  1  0  1  0  1  0  1  0  1
  0  0  0
   1  72
191 
  0  1  0  1  0  1  0  1  0  1  0  1  0  1  0  1  0  1  0  1
  0  0  0
   1  73
42  
  0  1  0  1  0  1  0  1  0  1  0  1  0  1  0  1  0  1  0  1
  0  0  0
   1  74
173 
  0  1  0  1  0  1  0  1  0  1  0  1  0  1  0  1  0  1  0  1
  0  0  0
   1  75
69  
  0  1  0  1  0  1  0  1  0  1  0  1  0  1  0  1  0  1  0  1
  0  0  0
   1  76
66  
  0  1  0  1  0  1  0  1  0  1  0  1  0  1  0  1  0  1  0  1
  0  0  0
   1  77
203 
  0  1  0  1  0  1  0  1  0  1  0  1  0  1  0  1  0  1  0  1
  0  0  0
   1  78
19  
  0  1  0  1  0  1  0  1  0  1  0  1  0  1  0  1  0  1  0  1
  0  0  0
   1  79
41  
  0  1  0  1  0  1  0  1  0  1  0  1  0  1  0  1  0  1  0  1
  0  0  0
   1  80
151 
  0  1  0  1  0  1  0  1  0  1  0  1  0  1  0  1  0  1  0  1
  0  0  0
   1  81
204 
  0  1  0  1  0  1  0  1  0  1  0  1  0  1  0  1  0  1  0  1
  0  0  0
   1  82
78  
  0  1  0  1  0  1  0  1  0  1  0  1  0  1  0  1  0  1  0  1
  0  0  0
   1  83
253 
  0  1  0  1  0  1  0  1  0  1  0  1  0  1  0  1  0  1  0  1
  0  0  0
   1  84
238 
  0  1  0  1  0  1  0  1  0  1  0  1  0  1  0  1  0  1  0  1
  0  0  0
   1  85
18  
  0  1  0  1  0  1  0  1  0  1  0  1  0  1  0  1  0  1  0  1
  0  0  0
   1  86
114 
  0  1  0  1  0  1  0  1  0  1  0  1  0  1  0  1  0  1  0  1
  0  0  0
   1  87
4   
  0  1  0  1  0  1  0  1  0  1  0  1  0  1  0  1  0  1  0  1
  0  0  0
   1  88
160 
  0  1  0  1  0  1  0  1  0  1  0  1  0  1  0  1  0  1  0  1
  0  0  0
   1  89
110 
  0  1  0  1  0  1  0  1  0  1  0  1  0  1  0  1  0  1  0  1
  0  0  0
   1  90
233 
  0  1  0  1  0  1  0  1  0  1  0  1  0  1  0  1  0  1  0  1
  0  0  0
   1  91
243 
  0  1  0  1  0  1  0  1  0  1  0  1  0  1  0  1  0  1  0  1
  0  0  0
   1  92
146 
  0  1  0  1  0  1  0  1  0  1  0  1  0  1  0  1  0  1  0  1
  0  0  0
   1  93
153 
  0  1  0  1  0  1  0  1  0  1  0  1  0  1  0  1  0  1  0  1
  0  0  0
   1  94
80  
  0  1  0  1  0  1  0  1  0  1  0  1  0  1  0  1  0  1  0  1
  0  0  0
   1  95
212 
  0  1  0  1  0  1  0  1  0  1  0  1  0  1  0  1  0  1  0  1
  2  2  0
   1 101
112 
  0  1  0  1  0  1  0  1  0  1  0  1  0  1  0  1  0  1  0  1
  2  2  0
   1 102
247 
  0  1  0  1  0  1  0  1  0  1  0  1  0  1  0  1  0  1  0  1
  2  2  0
   1 103
103 
  0  1  0  1  0  1  0  1  0  1  0  1  0  1  0  1  0  1  0  1
  2  2  0
   1 104
104 
  0  1  0  1  0  1  0  1  0  1  0  1  0  1  0  1  0  1  0  1
  2  2  0
   1 105
106 
  0  1  0  1  0  1  0  1  0  1  0  1  0  1  0  1  0  1  0  1
  2  2  0
   1 106
76  
  0  1  0  1  0  1  0  1  0  1  0  1  0  1  0  1  0  1  0  1
  2  2  0
   1 107
116 
  0  1  0  1  0  1  0  1  0  1  0  1  0  1  0  1  0  1  0  1
  2  2  0
   1 108
118 
  0  1  0  1  0  1  0  1  0  1  0  1  0  1  0  1  0  1  0  1
  2  2  0
   1 109
241 
  0  1  0  1  0  1  0  1  0  1  0  1  0  1  0  1  0  1  0  1
  2  2  0
   1 110
190 
  0  1  0  1  0  1  0  1  0  1  0  1  0  1  0  1  0  1  0  1
  2  2  0
   1 111
112 
  0  1  0  1  0  1  0  1  0  1  0  1  0  1  0  1  0  1  0  1
  2  2  0
   1 112
201 
  0  1  0  1  0  1  0  1  0  1  0  1  0  1  0  1  0  1  0  1
  2  2  0
   1 113
5   
  0  1  0  1  0  1  0  1  0  1  0  1  0  1  0  1  0  1  0  1
  2  2  0
   1 114
146 
  0  1  0  1  0  1  0  1  0  1  0  1  0  1  0  1  0  1  0  1
  2  2  0
   1 115
204 
  0  1  0  1  0  1  0  1  0  1  0  1  0  1  0  1  0  1  0  1
  2  2  0
   1 116
148 
  0  1  0  1  0  1  0  1  0  1  0  1  0  1  0  1  0  1  0  1
  2  2  0
   1 117
3   
  0  1  0  1  0  1  0  1  0  1  0  1  0  1  0  1  0  1  0  1
  2  2  0
   1 118
215 
  0  1  0  1  0  1  0  1  0  1  0  1  0  1  0  1  0  1  0  1
  2  2  0
   1 119
219 
  0  1  0  1  0  1  0  1  0  1  0  1  0  1  0  1  0  1  0  1
  2  2  0
   1 120
101 
  0  1  0  1  0  1  0  1  0  1  0  1  0  1  0  1  0  1  0  1
  2  2  0
   1 121
70  
  0  1  0  1  0  1  0  1  0  1  0  1  0  1  0  1  0  1  0  1
  2  2  0
   1 122
255 
  0  1  0  1  0  1  0  1  0  1  0  1  0  1  0  1  0  1  0  1
  2  2  0
   1 123
149 
  0  1  0  1  0  1  0  1  0  1  0  1  0  1  0  1  0  1  0  1
  2  2  0
   1 124
228 
  0  1  0  1  0  1  0  1  0  1  0  1  0  1  0  1  0  1  0  1
  2  2  0
   1 125
181 
  0  1  0  1  0  1  0  1  0  1  0  1  0  1  0  1  0  1  0  1
  2  2  0
   1 126
25  
  0  1  0  1  0  1  0  1  0  1  0  1  0  1  0  1  0  1  0  1
  2  2  0
   1 127
237 
  0  1  0  1  0  1  0  1  0  1  0  1  0  1  0  1  0  1  0  1
  2  2  0
   1 128
187 
  0  1  0  1  0  1  0  1  0  1  0  1  0  1  0  1  0  1  0  1
  2  2  0
   1 129
213 
  0  1  0  1  0  1  0  1  0  1  0  1  0  1  0  1  0  1  0  1
  2  2  0
   1 130
13  
  0  1  0  1  0  1  0  1  0  1  0  1  0  1  0  1  0  1  0  1
  2  2  0
   1 131
237 
  0  1  0  1  0  1  0  1  0  1  0  1  0  1  0  1  0  1  0  1
  1  1  0
   1 137
151 
  0  1  0  1  0  1  0  1  0  1  0  1  0  1  0  1  0  1  0  1
  1  1  0
   1 138
232 
  0  1  0  1  0  1  0  1  0  1  0  1  0  1  0  1  0  1  0  1
  1  1  0
   1 139
111 
  0  1  0  1  0  1  0  1  0  1  0  1  0  1  0  1  0  1  0  1
  1  1  0
   1 140
80  
  0  1  0  1  0  1  0  1  0  1  0  1  0  1  0  1  0  1  0  1
  1  1  0
   1 141
5   
  0  1  0  1  0  1  0  1  0  1  0  1  0  1  0  1  0  1  0  1
  1  1  0
   1 142
242 
  0  1  0  1  0  1  0  1  0  1  0  1  0  1  0  1  0  1  0  1
  1  1  0
   1 143
112 
  0  1  0  1  0  1  0  1  0  1  0  1  0  1  0  1  0  1  0  1
  1  1  0
   1 144
83  
  0  1  0  1  0  1  0  1  0  1  0  1  0  1  0  1  0  1  0  1
  1  1  0
   1 145
254 
  0  1  0  1  0  1  0  1  0  1  0  1  0  1  0  1  0  1  0  1
  1  1  0
   1 146
183 
  0  1  0  1  0  1  0  1  0  1  0  1  0  1  0  1  0  1  0  1
  1  1  0
   1 147
33  
  0  1  0  1  0  1  0  1  0  1  0  1  0  1  0  1  0  1  0  1
  1  1  0
   1 148
214 
  0  1  0  1  0  1  0  1  0  1  0  1  0  1  0  1  0  1  0  1
  1  1  0
   1 149
156 
  0  1  0  1  0  1  0  1  0  1  0  1  0  1  0  1  0  1  0  1
  1  1  0
   1 150
12  
  0  1  0  1  0  1  0  1  0  1  0  1  0  1  0  1  0  1  0  1
  1  1  0
   1 151
255 
  0  1  0  1  0  1  0  1  0  1  0  1  0  1  0  1  0  1  0  1
  1  1  0
   1 152
137 
  0  1  0  1  0  1  0  1  0  1  0  1  0  1  0  1  0  1  0  1
  1  1  0
   1 153
66  
  0  1  0  1  0  1  0  1  0  1  0  1  0  1  0  1  0  1  0  1
  1  1  0
   1 154
201 
  0  1  0  1  0  1  0  1  0  1  0  1  0  1  0  1  0  1  0  1
  1  1  0
   1 155
160 
  0  1  0  1  0  1  0  1  0  1  0  1  0  1  0  1  0  1  0  1
  1  1  0
   1 156
104 
  0  1  0  1  0  1  0  1  0  1  0  1  0  1  0  1  0  1  0  1
  1  1  0
   1 157
10  
  0  1  0  1  0  1  0  1  0  1  0  1  0  1  0  1  0  1  0  1
  1  1  0
   1 158
18  
  0  1  0  1  0  1  0  1  0  1  0  1  0  1  0  1  0  1  0  1
  1  1  0
   1 159
159 
  0  1  0  1  0  1  0  1  0  1  0  1  0  1  0  1  0  1  0  1
  1  1  0
   1 160
219 
  0  1  0  1  0  1  0  1  0  1  0  1  0  1  0  1  0  1  0  1
  1  1  0
   1 161
191 
  0  1  0  1  0  1  0  1  0  1  0  1  0  1  0  1  0  1  0  1
  1  1  0
   1 162
233 
  0  1  0  1  0  1  0  1  0  1  0  1  0  1  0  1  0  1  0  1
  1  1  0
   1 163
109 
  0  1  0  1  0  1  0  1  0  1  0  1  0  1  0  1  0  1  0  1
  1  1  0
   1 164
20  
  0  1  0  1  0  1  0  1  0  1  0  1  0  1  0  1  0  1  0  1
  1  1  0
   1 165
207 
  0  1  0  1  0  1  0  1  0  1  0  1  0  1  0  1  0  1  0  1
  1  1  0
   1 166
75  
  0  1  0  1  0  1  0  1  0  1  0  1  0  1  0  1  0  1  0  1
  1  1  0
   1 167
76  
  0  1  0  1  0  1  0  1  0  1  0  1  0  1  0  1  0  1  0  1
  1  1  0
   1 168
239 
  0  1  0  1  0  1  0  1  0  1  0  1  0  1  0  1  0  1  0  1
  1  1  0
   1 169
179 
  0  1  0  1  0  1  0  1  0  1  0  1  0  1  0  1  0  1  0  1
  1  1  0
   1 170
215 
  0  1  0  1  0  1  0  1  0  1  0  1  0  1  0  1  0  1  0  1
  1  1  0
   1 171
212 
  0  1  0  1  0  1  0  1  0  1  0  1  0  1  0  1  0  1  0  1
  1  1  0
   1 172
114 
  0  1  0  1  0  1  0  1  0  1  0  1  0  1  0  1  0  1  0  1
  1  1  0
   1 173
113 
  0  1  0  1  0  1  0  1  0  1  0  1  0  1  0  1  0  1  0  1
  1  1  0
   1 174
218 
  0  1  0  1  0  1  0  1  0  1  0  1  0  1  0  1  0  1  0  1
  1  1  0
   1 175
215 
  0  1  0  1  0  1  0  1  0  1  0  1  0  1  0  1  0  1  0  1
  1  1  0
   1 176
232 
  0  1  0  1  0  1  0  1  0  1  0  1  0  1  0  1  0  1  0  1
  1  1  0
   1 177
107 
  0  1  0  1  0  1  0  1  0  1  0  1  0  1  0  1  0  1  0  1
  1  1  0
   1 178
155 
  0  1  0  1  0  1  0  1  0  1  0  1  0  1  0  1  0  1  0  1
  1  1  0
   1 179
27  
  0  1  0  1  0  1  0  1  0  1  0  1  0  1  0  1  0  1  0  1
  1  1  0
   1 180
156 
  0  1  0  1  0  1  0  1  0  1  0  1  0  1  0  1  0  1  0  1
  1  1  0
   1 181
65  
  0  1  0  1  0  1  0  1  0  1  0  1  0  1  0  1  0  1  0  1
  1  1  0
   1 182
187 
  0  1  0  1  0  1  0  1  0  1  0  1  0  1  0  1  0  1  0  1
  1  1  0
   1 183
155 
  0  1  0  1  0  1  0  1  0  1  0  1  0  1  0  1  0  1  0  1
  1  1  0
   1 184
243 
  0  1  0  1  0  1  0  1  0  1  0  1  0  1  0  1  0  1  0  1
  1  1  0
   1 185
114 
  0  1  0  1  0  1  0  1  0  1  0  1  0  1  0  1  0  1  0  1
  1  1  0
   1 186
42  
  0  1  0  1  0  1  0  1  0  1  0  1  0  1  0  1  0  1  0  1
  1  1  0
   1 187
210 
  0  1  0  1  0  1  0  1  0  1  0  1  0  1  0  1  0  1  0  1
  1  1  0
   1 188
146 
  0  1  0  1  0  1  0  1  0  1  0  1  0  1  0  1  0  1  0  1
  1  1  0
   1 189
137 
  0  1  0  1  0  1  0  1  0  1  0  1  0  1  0  1  0  1  0  1
  1  1  0
   1 190
113 
  0  1  0  1  0  1  0  1  0  1  0  1  0  1  0  1  0  1  0  1
  1  1  0
   1 191
251 
  0  1  0  1  0  1  0  1  0  1  0  1  0  1  0  1  0  1  0  1
  1  1  0
   1 192
228 
  0  1  0  1  0  1  0  1  0  1  0  1  0  1  0  1  0  1  0  1
  1  1  0
   1 193
180 
  0  1  0  1  0  1  0  1  0  1  0  1  0  1  0  1  0  1  0  1
  1  1  0
   1 194
244 
  0  1  0  1  0  1  0  1  0  1  0  1  0  1  0  1  0  1  0  1
  1  1  0
   1 195
174 
  0  1  0  1  0  1  0  1  0  1  0  1  0  1  0  1  0  1  0  1
  1  1  0
   1 201
181 
  0  1  0  1  0  1  0  1  0  1  0  1  0  1  0  1  0  1  0  1
  1  1  0
   1 202
138 
  0  1  0  1  0  1  0  1  0  1  0  1  0  1  0  1  0  1  0  1
  1  1  0
   1 203
160 
  0  1  0  1  0  1  0  1  0  1  0  1  0  1  0  1  0  1  0  1
  1  1  0
   1 204
244 
  0  1  0  1  0  1  0  1  0  1  0  1  0  1  0  1  0  1  0  1
  1  1  0
   1 205
146 
  0  1  0  1  0  1  0  1  0  1  0  1  0  1  0  1  0  1  0  1
  1  1  0
   1 206
164 
  0  1  0  1  0  1  0  1  0  1  0  1  0  1  0  1  0  1  0  1
  1  1  0
   1 207
250 
  0  1  0  1  0  1  0  1  0  1  0  1  0  1  0  1  0  1  0  1
  1  1  0
   1 208
186 
  0  1  0  1  0  1  0  1  0  1  0  1  0  1  0  1  0  1  0  1
  1  1  0
   1 209
25  
  0  1  0  1  0  1  0  1  0  1  0  1  0  1  0  1  0  1  0  1
  1  1  0
   1 210
191 
  0  1  0  1  0  1  0  1  0  1  0  1  0  1  0  1  0  1  0  1
  1  1  0
   1 211
171 
  0  1  0  1  0  1  0  1  0  1  0  1  0  1  0  1  0  1  0  1
  1  1  0
   1 212
206 
  0  1  0  1  0  1  0  1  0  1  0  1  0  1  0  1  0  1  0  1
  1  1  0
   1 213
173 
  0  1  0  1  0  1  0  1  0  1  0  1  0  1  0  1  0  1  0  1
  1  1  0
   1 214
186 
  0  1  0  1  0  1  0  1  0  1  0  1  0  1  0  1  0  1  0  1
  1  1  0
   1 215
76  
  0  1  0  1  0  1  0  1  0  1  0  1  0  1  0  1  0  1  0  1
  1  1  0
   1 216
109 
  0  1  0  1  0  1  0  1  0  1  0  1  0  1  0  1  0  1  0  1
  1  1  0
   1 217
138 
  0  1  0  1  0  1  0  1  0  1  0  1  0  1  0  1  0  1  0  1
  1  1  0
   1 218
101 
  0  1  0  1  0  1  0  1  0  1  0  1  0  1  0  1  0  1  0  1
  1  1  0
   1 219
191 
  0  1  0  1  0  1  0  1  0  1  0  1  0  1  0  1  0  1  0  1
  1  1  0
   1 220
71  
  0  1  0  1  0  1  0  1  0  1  0  1  0  1  0  1  0  1  0  1
  1  1  0
   1 221
160 
  0  1  0  1  0  1  0  1  0  1  0  1  0  1  0  1  0  1  0  1
  1  1  0
   1 222
249 
  0  1  0  1  0  1  0  1  0  1  0  1  0  1  0  1  0  1  0  1
  1  1  0
   1 223
205 
  0  1  0  1  0  1  0  1  0  1  0  1  0  1  0  1  0  1  0  1
  1  1  0
   1 224
118 
  0  1  0  1  0  1  0  1  0  1  0  1  0  1  0  1  0  1  0  1
  1  1  0
   1 225
69  
  0  1  0  1  0  1  0  1  0  1  0  1  0  1  0  1  0  1  0  1
  1  1  0
   1 226
223 
  0  1  0  1  0  1  0  1  0  1  0  1  0  1  0  1  0  1  0  1
  1  1  0
   1 227
213 
  0  1  0  1  0  1  0  1  0  1  0  1  0  1  0  1  0  1  0  1
  1  1  0
   1 228
9   
  0  1  0  1  0  1  0  1  0  1  0  1  0  1  0  1  0  1  0  1
  1  1  0
   1 229
66  
  0  1  0  1  0  1  0  1  0  1  0  1  0  1  0  1  0  1  0  1
  1  1  0
   1 230
110 
  0  1  0  1  0  1  0  1  0  1  0  1  0  1  0  1  0  1  0  1
  1  1  0
   1 231
186 
  0  1  0  1  0  1  0  1  0  1  0  1  0  1  0  1  0  1  0  1
  1  1  0
   1 232
9   
  0  1  0  1  0  1  0  1  0  1  0  1  0  1  0  1  0  1  0  1
  1  1  0
   1 233
18  
  0  1  0  1  0  1  0  1  0  1  0  1  0  1  0  1  0  1  0  1
  1  1  0
   1 234
251 
  0  1  0  1  0  1  0  1  0  1  0  1  0  1  0  1  0  1  0  1
  1  1  0
   1 235
250 
  0  1  0  1  0  1  0  1  0  1  0  1  0  1  0  1  0  1  0  1
  1  1  0
   1 236
233 
  0  1  0  1  0  1  0  1  0  1  0  1  0  1  0  1  0  1  0  1
  1  1  0
   1 237
12  
  0  1  0  1  0  1  0  1  0  1  0  1  0  1  0  1  0  1  0  1
  1  1  0
   1 238
224 
  0  1  0  1  0  1  0  1  0  1  0  1  0  1  0  1  0  1  0  1
  1  1  0
   1 239
118 
  0  1  0  1  0  1  0  1  0  1  0  1  0  1  0  1  0  1  0  1
  1  1  0
   1 240
243 
  0  1  0  1  0  1  0  1  0  1  0  1  0  1  0  1  0  1  0  1
  1  1  0
   1 241
249 
  0  1  0  1  0  1  0  1  0  1  0  1  0  1  0  1  0  1  0  1
  1  1  0
   1 242
74  
  0  1  0  1  0  1  0  1  0  1  0  1  0  1  0  1  0  1  0  1
  1  1  0
   1 243
2   
  0  1  0  1  0  1  0  1  0  1  0  1  0  1  0  1  0  1  0  1
  1  1  0
   1 244
173 
  0  1  0  1  0  1  0  1  0  1  0  1  0  1  0  1  0  1  0  1
  1  1  0
   1 245
116 
  0  1  0  1  0  1  0  1  0  1  0  1  0  1  0  1  0  1  0  1
  1  1  0
   1 246
243 
  0  1  0  1  0  1  0  1  0  1  0  1  0  1  0  1  0  1  0  1
  1  1  0
   1 247
25  
  0  1  0  1  0  1  0  1  0  1  0  1  0  1  0  1  0  1  0  1
  1  1  0
   1 248
82  
  0  1  0  1  0  1  0  1  0  1  0  1  0  1  0  1  0  1  0  1
  1  1  0
   1 249
190 
  0  1  0  1  0  1  0  1  0  1  0  1  0  1  0  1  0  1  0  1
  1  1  0
   1 250
175 
  0  1  0  1  0  1  0  1  0  1  0  1  0  1  0  1  0  1  0  1
  1  1  0
   1 251
235 
  0  1  0  1  0  1  0  1  0  1  0  1  0  1  0  1  0  1  0  1
  1  1  0
   1 252
201 
  0  1  0  1  0  1  0  1  0  1  0  1  0  1  0  1  0  1  0  1
  1  1  0
   1 253
253 
  0  1  0  1  0  1  0  1  0  1  0  1  0  1  0  1  0  1  0  1
  1  1  0
   1 254
140 
  0  1  0  1  0  1  0  1  0  1  0  1  0  1  0  1  0  1  0  1
  1  1  0
   1 255
81  
  0  1  0  1  0  1  0  1  0  1  0  1  0  1  0  1  0  1  0  1
  1  1  0
   1 256
77  
  0  1  0  1  0  1  0  1  0  1  0  1  0  1  0  1  0  1  0  1
  1  1  0
   1 257
204 
  0  1  0  1  0  1  0  1  0  1  0  1  0  1  0  1  0  1  0  1
  1  1  0
   1 258
113 
  0  1  0  1  0  1  0  1  0  1  0  1  0  1  0  1  0  1  0  1
  1  1  0
   1 259
139 
  0  1  0  1  0  1  0  1  0  1  0  1  0  1  0  1  0  1  0  1
