 11  2 12 31  1  1 +2  0  0 -1
  1  1  1  1  0  0  0  0  0  0  0  0  0  0  1  1
   0.0000000   1.0000000   1.0000000   1.0000000   1.0000000   1.0000000   1.0000000
   1.0000000   1.0000000   1.0000000   1.0000000   1.0000000   1.0000000   1.0000000
   1.0000000   1.0000000   1.0000000   1.0000000   1.0000000   1.0000000   1.0000000
   1.0000000   1.0000000   1.0000000   1.0000000   1.0000000   1.0000000   1.0000000
   1.0000000   1.0000000
   0  83   0   0   0   1
  77
3.969171000         
-0.097437500        
-0.010942250        
0.000045105         
0.258324200         
-0.168922200        
-0.008222974        
-0.000288856        
-0.121682700        
-0.121272300        
-0.009913077        
-0.000013535        
0.039322050         
0.005156876         
0.000963103         
-0.000079790        
-0.002833100        
-0.010354290        
-0.002884781        
-0.000003672        
0.000041871         
0.000537268         
0.000183596         
-0.000003336        
-0.000015692        
-0.000032855        
-0.000072741        
0.000000964         
0.000003221         
-0.000005411        
0.000001757         
-0.000000073        
2.024191000         
-1.033112000        
-0.280564700        
-1.053088000        
1.337874000         
0.370653600         
0.134261200         
-0.590452200        
-0.178222800        
0.093283810         
0.051891990         
-0.012608440        
-0.006038970        
0.014389020         
-0.018072720        
0.000156935         
-0.000070379        
-0.001725441        
0.000000055         
-0.000023411        
0.000086323         
-0.000002666        
0.000009582         
-0.000009648        
1.160416543         
1.607377443         
0.797723062         
0.352308920         
0.150606519         
0.040815836         
0.556623882         
0.552492147         
0.244004368         
0.104308027         
0.028268493         
0.137097770         
0.121096580         
0.051766882         
0.014029330         
0.026740737         
0.022862489         
0.006195957         
0.004886677         
0.002648674         
0.000358908         
  1  1  0
  56  22  23  24  25  26  27  28  29  30  31  32  33  34  35  36  37  38  39  40
  41  42  43  44  45  46  47  48  49  50  51  52  53  54  55  56  57  58  59  60
  61  62  63  64  65  66  67  68  69  70  71  72  73  74  75  76  77
   1   2   3   4   5   6   7   8   9  10  11  12  13  14  15  16  17  18  19  20
  21  22  23  24  25  26  27  28  29  30  31  32  33  34  35  36  37  38  39  40
  41  42  43  44  45  46  47  48  49  50  51  52  53  54  55  56
  1  1  1  1  1  1  1  1  1  1  1  1  1  1  1  1  1  1  1  1
  2  2  0
  21   1   2   3   4   5   6   7   8   9  10  11  12  13  14  15  16  17  18  19
  20  21
  57  58  59  60  61  62  63  64  65  66  67  68  69  70  71  72  73  74  75  76
  77
  1  1  1  1  1  1  1  1  1  1  1  1  1  1  1  1  1  1  1  1
  1  1  0 -1
   1  22
10  
  0  1  0  1  0  1  0  1  0  1  0  0
  1  1  0
   1  23
6   
  0  1  0  1  0  1  0  1  0  1  0  0
  1  1  0
   1  24
68  
  0  1  0  1  0  1  0  1  0  1  0  0
  1  1  0
   1  25
58  
  0  1  0  1  0  1  0  1  0  1  0  0
  1  1  0
   1  26
68  
  0  1  0  1  0  1  0  1  0  1  0  0
  1  1  0
   1  27
57  
  0  1  0  1  0  1  0  1  0  1  0  0
  1  1  0
   1  28
69  
  0  1  0  1  0  1  0  1  0  1  0  0
  1  1  0
   1  29
57  
  0  1  0  1  0  1  0  1  0  1  0  0
  1  1  0
   1  30
63  
  0  1  0  1  0  1  0  1  0  1  0  0
  1  1  0
   1  31
36  
  0  1  0  1  0  1  0  1  0  1  0  0
  1  1  0
   1  32
66  
  0  1  0  1  0  1  0  1  0  1  0  0
  1  1  0
   1  33
9   
  0  1  0  1  0  1  0  1  0  1  0  0
  1  1  0
   1  34
63  
  0  1  0  1  0  1  0  1  0  1  0  0
  1  1  0
   1  35
61  
  0  1  0  1  0  1  0  1  0  1  0  0
  1  1  0
   1  36
1   
  0  1  0  1  0  1  0  1  0  1  0  0
  1  1  0
   1  37
66  
  0  1  0  1  0  1  0  1  0  1  0  0
  1  1  0
   1  38
59  
  0  1  0  1  0  1  0  1  0  1  0  0
  1  1  0
   1  39
34  
  0  1  0  1  0  1  0  1  0  1  0  0
  1  1  0
   1  40
65  
  0  1  0  1  0  1  0  1  0  1  0  0
  1  1  0
   1  41
34  
  0  1  0  1  0  1  0  1  0  1  0  0
  1  1  0
   1  42
37  
  0  1  0  1  0  1  0  1  0  1  0  0
  1  1  0
   1  43
40  
  0  1  0  1  0  1  0  1  0  1  0  0
  1  1  0
   1  44
60  
  0  1  0  1  0  1  0  1  0  1  0  0
  1  1  0
   1  45
37  
  0  1  0  1  0  1  0  1  0  1  0  0
  1  1  0
   1  46
40  
  0  1  0  1  0  1  0  1  0  1  0  0
  1  1  0
   1  47
68  
  0  1  0  1  0  1  0  1  0  1  0  0
  1  1  0
   1  48
69  
  0  1  0  1  0  1  0  1  0  1  0  0
  1  1  0
   1  49
66  
  0  1  0  1  0  1  0  1  0  1  0  0
  1  1  0
   1  50
35  
  0  1  0  1  0  1  0  1  0  1  0  0
  1  1  0
   1  51
64  
  0  1  0  1  0  1  0  1  0  1  0  0
  1  1  0
   1  52
35  
  0  1  0  1  0  1  0  1  0  1  0  0
  1  1  0
   1  53
63  
  0  1  0  1  0  1  0  1  0  1  0  0
  1  1  0
   1  54
6   
  0  1  0  1  0  1  0  1  0  1  0  0
  1  1  0
   1  55
66  
  0  1  0  1  0  1  0  1  0  1  0  0
  1  1  0
   1  56
60  
  0  1  0  1  0  1  0  1  0  1  0  0
  1  1  0
   1  57
39  
  0  1  0  1  0  1  0  1  0  1  0  0
  1  1  0
   1  58
68  
  0  1  0  1  0  1  0  1  0  1  0  0
  1  1  0
   1  59
40  
  0  1  0  1  0  1  0  1  0  1  0  0
  1  1  0
   1  60
66  
  0  1  0  1  0  1  0  1  0  1  0  0
  1  1  0
   1  61
59  
  0  1  0  1  0  1  0  1  0  1  0  0
  1  1  0
   1  62
63  
  0  1  0  1  0  1  0  1  0  1  0  0
  1  1  0
   1  63
60  
  0  1  0  1  0  1  0  1  0  1  0  0
  1  1  0
   1  64
34  
  0  1  0  1  0  1  0  1  0  1  0  0
  1  1  0
   1  65
59  
  0  1  0  1  0  1  0  1  0  1  0  0
  1  1  0
   1  66
36  
  0  1  0  1  0  1  0  1  0  1  0  0
  1  1  0
   1  67
66  
  0  1  0  1  0  1  0  1  0  1  0  0
  1  1  0
   1  68
58  
  0  1  0  1  0  1  0  1  0  1  0  0
  1  1  0
   1  69
33  
  0  1  0  1  0  1  0  1  0  1  0  0
  1  1  0
   1  70
37  
  0  1  0  1  0  1  0  1  0  1  0  0
  1  1  0
   1  71
34  
  0  1  0  1  0  1  0  1  0  1  0  0
  1  1  0
   1  72
38  
  0  1  0  1  0  1  0  1  0  1  0  0
  1  1  0
   1  73
36  
  0  1  0  1  0  1  0  1  0  1  0  0
  2  2  0
   1   1
1   
  0  1  0  1  0  1  0  1  0  1  0  0
  2  2  0
   1   2
61  
  0  1  0  1  0  1  0  1  0  1  0  0
  2  2  0
   1   3
10  
  0  1  0  1  0  1  0  1  0  1  0  0
  2  2  0
   1   4
40  
  0  1  0  1  0  1  0  1  0  1  0  0
  2  2  0
   1   5
36  
  0  1  0  1  0  1  0  1  0  1  0  0
  2  2  0
   1   6
1   
  0  1  0  1  0  1  0  1  0  1  0  0
  2  2  0
   1   7
38  
  0  1  0  1  0  1  0  1  0  1  0  0
  2  2  0
   1   8
5   
  0  1  0  1  0  1  0  1  0  1  0  0
  2  2  0
   1   9
37  
  0  1  0  1  0  1  0  1  0  1  0  0
  2  2  0
   1  10
58  
  0  1  0  1  0  1  0  1  0  1  0  0
  2  2  0
   1  11
36  
  0  1  0  1  0  1  0  1  0  1  0  0
  2  2  0
   1  12
1   
  0  1  0  1  0  1  0  1  0  1  0  0
  2  2  0
   1  13
33  
  0  1  0  1  0  1  0  1  0  1  0  0
  2  2  0
   1  14
5   
  0  1  0  1  0  1  0  1  0  1  0  0
  2  2  0
   1  15
36  
  0  1  0  1  0  1  0  1  0  1  0  0
  2  2  0
   1  16
60  
  0  1  0  1  0  1  0  1  0  1  0  0
  2  2  0
   1  17
63  
  0  1  0  1  0  1  0  1  0  1  0  0
  2  2  0
   1  78
35  
  0  1  0  1  0  1  0  1  0  1
  2  2  0
   1  79
39  
  0  1  0  1  0  1  0  1  0  1
  2  2  0
   1  80
38  
  0  1  0  1  0  1  0  1  0  1
  2  2  0
   1  81
64  
  0  1  0  1  0  1  0  1  0  1
  2  2  0
   1  82
61  
  0  1  0  1  0  1  0  1  0  1
  2  2  0
   1  83
60  
  0  1  0  1  0  1  0  1  0  1
  2  2  0
   1  84
37  
  0  1  0  1  0  1  0  1  0  1
  2  2  0
   1  85
63  
  0  1  0  1  0  1  0  1  0  1
  1  1  0
   1  86
69  
  1  0  1  0  1  0  1  0  1  0
  1  1  0
   1  87
34  
  1  0  1  0  1  0  1  0  1  0
  1  1  0
   1  88
66  
  1  0  1  0  1  0  1  0  1  0
  1  1  0
   1  89
59  
  1  0  1  0  1  0  1  0  1  0
  1  1  0
   1  90
39  
  1  0  1  0  1  0  1  0  1  0
  1  1  0
   1  91
38  
  1  0  1  0  1  0  1  0  1  0
  1  1  0
   1  92
66  
  1  0  1  0  1  0  1  0  1  0
  1  1  0
   1  93
64  
  1  0  1  0  1  0  1  0  1  0
