 10  8  9  3 00  0  0  0  0
nnn_pot
  8
  8 20
                                                9.626451    9.626451    
                                                9.626451    2.574449    
                                                9.626451    0.586727    
                                                9.626451    0.133901    
                                                9.626451    0.032528    
                                                9.626451    0.007119    
                                                2.574449    2.574449    
                                                2.574449    0.586727    
   29.709687   15.056632    8.398156    7.110397    4.684249    2.612739
    1.701726    1.457311    0.812846    0.453382    0.407273    0.252883
    0.141051    0.097472    0.078674    0.023328    0.005583    0.001336
    0.000320    0.000077
  1  1
          1.

  1  1
                      1.

  1  1
                                  1.

  1  1
                                              1.

  1  1
                                                          1.

  1  1
                                                                      1.

  1  1

          1.
  1  1

                      1.
  8
  8 20
                                                2.574449    0.133901    
                                                2.574449    0.032528    
                                                2.574449    0.007119    
                                                0.586727    0.586727    
                                                0.586727    0.133901    
                                                0.586727    0.032528    
                                                0.586727    0.007119    
                                                0.133901    0.133901    
   29.709687   15.056632    8.398156    7.110397    4.684249    2.612739
    1.701726    1.457311    0.812846    0.453382    0.407273    0.252883
    0.141051    0.097472    0.078674    0.023328    0.005583    0.001336
    0.000320    0.000077
  1  1
          1.

  1  1
                      1.

  1  1
                                  1.

  1  1
                                              1.

  1  1
                                                          1.

  1  1
                                                                      1.

  1  1

          1.
  1  1

                      1.
  5
  5 20
                                                0.133901    0.032528    
                                                0.133901    0.007119    
                                                0.032528    0.032528    
                                                0.032528    0.007119    
                                                0.007119    0.007119    
   29.709687   15.056632    8.398156    7.110397    4.684249    2.612739
    1.701726    1.457311    0.812846    0.453382    0.407273    0.252883
    0.141051    0.097472    0.078674    0.023328    0.005583    0.001336
    0.000320    0.000077
  1  1
          1.
  1  1
                      1.
  1  1
                                  1.
  1  1
                                              1.
  1  1
                                                          1.
  8
  8 20
                                                13.524384   20.103750   
                                                13.524384   0.231318    
                                                13.524384   0.025512    
                                                13.524384   0.002278    
                                                5.635161    20.103750   
                                                5.635161    0.231318    
                                                5.635161    0.025512    
                                                5.635161    0.002278    
   25.096331   19.842994   10.475632    6.017749    5.530359    2.919620
    1.541343    1.442972    0.813715    0.429581    0.346004    0.226787
    0.119727    0.082967    0.063207    0.019894    0.004770    0.001144
    0.000274    0.000066
  1  1
          1.

  1  1
                      1.

  1  1
                                  1.

  1  1
                                              1.

  1  1
                                                          1.

  1  1
                                                                      1.

  1  1

          1.
  1  1

                      1.
  8
  8 20
                                                1.027057    20.103750   
                                                1.027057    0.231318    
                                                1.027057    0.025512    
                                                1.027057    0.002278    
                                                0.458872    20.103750   
                                                0.458872    0.231318    
                                                0.458872    0.025512    
                                                0.458872    0.002278    
   25.096331   19.842994   10.475632    6.017749    5.530359    2.919620
    1.541343    1.442972    0.813715    0.429581    0.346004    0.226787
    0.119727    0.082967    0.063207    0.019894    0.004770    0.001144
    0.000274    0.000066
  1  1
          1.

  1  1
                      1.

  1  1
                                  1.

  1  1
                                              1.

  1  1
                                                          1.

  1  1
                                                                      1.

  1  1

          1.
  1  1

                      1.
  8
  8 20
                                                0.136243    20.103750   
                                                0.136243    0.231318    
                                                0.136243    0.025512    
                                                0.136243    0.002278    
                                                0.016484    20.103750   
                                                0.016484    0.231318    
                                                0.016484    0.025512    
                                                0.016484    0.002278    
   25.096331   19.842994   10.475632    6.017749    5.530359    2.919620
    1.541343    1.442972    0.813715    0.429581    0.346004    0.226787
    0.119727    0.082967    0.063207    0.019894    0.004770    0.001144
    0.000274    0.000066
  1  1
          1.

  1  1
                      1.

  1  1
                                  1.

  1  1
                                              1.

  1  1
                                                          1.

  1  1
                                                                      1.

  1  1

          1.
  1  1

                      1.
  8
  8 20
                                                0.003835    20.103750   
                                                0.003835    0.231318    
                                                0.003835    0.025512    
                                                0.003835    0.002278    
                                                0.000881    20.103750   
                                                0.000881    0.231318    
                                                0.000881    0.025512    
                                                0.000881    0.002278    
   25.096331   19.842994   10.475632    6.017749    5.530359    2.919620
    1.541343    1.442972    0.813715    0.429581    0.346004    0.226787
    0.119727    0.082967    0.063207    0.019894    0.004770    0.001144
    0.000274    0.000066
  1  1
          1.

  1  1
                      1.

  1  1
                                  1.

  1  1
                                              1.

  1  1
                                                          1.

  1  1
                                                                      1.

  1  1

          1.
  1  1

                      1.
  8
  8 20
                                                7.268382    3.573330    
                                                7.268382    0.765442    
                                                7.268382    0.055042    
                                                6.063859    3.573330    
                                                6.063859    0.765442    
                                                6.063859    0.055042    
                                                4.459562    3.573330    
                                                4.459562    0.765442    
   25.096331   19.842994   10.475632    6.017749    5.530359    2.919620
    1.541343    1.442972    0.813715    0.429581    0.346004    0.226787
    0.119727    0.082967    0.063207    0.019894    0.004770    0.001144
    0.000274    0.000066
  1  1
          1.

  1  1
                      1.

  1  1
                                  1.

  1  1
                                              1.

  1  1
                                                          1.

  1  1
                                                                      1.

  1  1

          1.
  1  1

                      1.
  8
  8 20
                                                4.459562    0.055042    
                                                1.516763    3.573330    
                                                1.516763    0.765442    
                                                1.516763    0.055042    
                                                0.313452    3.573330    
                                                0.313452    0.765442    
                                                0.313452    0.055042    
                                                0.019783    3.573330    
   25.096331   19.842994   10.475632    6.017749    5.530359    2.919620
    1.541343    1.442972    0.813715    0.429581    0.346004    0.226787
    0.119727    0.082967    0.063207    0.019894    0.004770    0.001144
    0.000274    0.000066
  1  1
          1.

  1  1
                      1.

  1  1
                                  1.

  1  1
                                              1.

  1  1
                                                          1.

  1  1
                                                                      1.

  1  1

          1.
  1  1

                      1.
  8
  8 20
                                                0.019783    0.765442    
                                                0.019783    0.055042    
                                                0.002413    3.573330    
                                                0.002413    0.765442    
                                                0.002413    0.055042    
                                                0.000721    3.573330    
                                                0.000721    0.765442    
                                                0.000721    0.055042    
   25.096331   19.842994   10.475632    6.017749    5.530359    2.919620
    1.541343    1.442972    0.813715    0.429581    0.346004    0.226787
    0.119727    0.082967    0.063207    0.019894    0.004770    0.001144
    0.000274    0.000066
  1  1
          1.

  1  1
                      1.

  1  1
                                  1.

  1  1
                                              1.

  1  1
                                                          1.

  1  1
                                                                      1.

  1  1

          1.
  1  1

                      1.
  8                                                            Z1  BVs 1 - 8
  8 10
                                                5.938804    1.256269    
                                                3.564755    0.285426    
                                                2.268862    0.051395    
                                                0.224644    4.781695    
                                                0.083988    0.285446    
                                                0.048321    0.003034    
                                                0.034780    0.011241    
                                                0.018009    0.008181    
    3.579122    0.984281    2.100886    0.462708    0.210285    0.076326
    0.055393    0.033887    0.005378    0.003655
  1  1
          1.

  1  1
                      1.

  1  1
                                  1.

  1  1
                                              1.

  1  1
                                                          1.

  1  1
                                                                      1.

  1  1

          1.
  1  1

                      1.
  8                                                            Z2  BVs 9 - 16
  8 10
                                                6.594845    0.989741    
                                                6.045928    5.160845    
                                                2.758175    0.038616    
                                                0.363256    0.007532    
                                                0.081331    0.379532    
                                                0.014507    0.686077    
                                                0.005783    0.044305    
                                                0.000742    0.043403    
    6.401895    2.380968    0.658900    0.967300    0.172056    0.102206
    0.087771    0.020841    0.004162    0.005355
  1  1
          1.

  1  1
                      1.

  1  1
                                  1.

  1  1
                                              1.

  1  1
                                                          1.

  1  1
                                                                      1.

  1  1

          1.
  1  1

                      1.
eob-tni/np3s_np3s_12-34_np3s_np3s_12-34
elu-tni/000-0_000-0
eob-tni/np3s_np3s_12-34_np3s_np3s_12-34
elu-tni/000-0_000-0
eob-tni/np3s_np3s_12-34_np3s_np3s_12-34
elu-tni/000-0_000-0
eob-tni/np3s_np3s_12-34_np3s_np3s_12-34
elu-tni/000-0_000-0
eob-tni/np3s_np3s_12-34_np3s_np3s_12-34
elu-tni/000-0_000-0
eob-tni/np3s_np3s_12-34_np3s_np3s_12-34
elu-tni/000-0_000-0
eob-tni/tp_123-4_np3s_np3s_12-34
elu-tni/000-0_000-0
eob-tni/tp_123-4_np3s_np3s_12-34
elu-tni/000-0_000-0
eob-tni/tp_123-4_np3s_np3s_12-34
elu-tni/000-0_000-0
eob-tni/tp_123-4_tp_123-4
elu-tni/000-0_000-0
eob-tni/tp_123-4_np3s_np3s_12-34
elu-tni/000-0_000-0
eob-tni/tp_123-4_np3s_np3s_12-34
elu-tni/000-0_000-0
eob-tni/tp_123-4_np3s_np3s_12-34
elu-tni/000-0_000-0
eob-tni/tp_123-4_tp_123-4
elu-tni/000-0_000-0
eob-tni/tp_123-4_tp_123-4
elu-tni/000-0_000-0
eob-tni/tp_123-4_np3s_np3s_12-34
elu-tni/000-0_000-0
eob-tni/tp_123-4_np3s_np3s_12-34
elu-tni/000-0_000-0
eob-tni/tp_123-4_np3s_np3s_12-34
elu-tni/000-0_000-0
eob-tni/tp_123-4_tp_123-4
elu-tni/000-0_000-0
eob-tni/tp_123-4_tp_123-4
elu-tni/000-0_000-0
eob-tni/tp_123-4_tp_123-4
elu-tni/000-0_000-0
eob-tni/tp_123-4_np3s_np3s_12-34
elu-tni/000-0_000-0
eob-tni/tp_123-4_np3s_np3s_12-34
elu-tni/000-0_000-0
eob-tni/tp_123-4_np3s_np3s_12-34
elu-tni/000-0_000-0
eob-tni/tp_123-4_tp_123-4
elu-tni/000-0_000-0
eob-tni/tp_123-4_tp_123-4
elu-tni/000-0_000-0
eob-tni/tp_123-4_tp_123-4
elu-tni/000-0_000-0
eob-tni/tp_123-4_tp_123-4
elu-tni/000-0_000-0
eob-tni/tp_123-4_np3s_np3s_12-34
elu-tni/000-0_000-0
eob-tni/tp_123-4_np3s_np3s_12-34
elu-tni/000-0_000-0
eob-tni/tp_123-4_np3s_np3s_12-34
elu-tni/000-0_000-0
eob-tni/tp_123-4_tp_123-4
elu-tni/000-0_000-0
eob-tni/tp_123-4_tp_123-4
elu-tni/000-0_000-0
eob-tni/tp_123-4_tp_123-4
elu-tni/000-0_000-0
eob-tni/tp_123-4_tp_123-4
elu-tni/000-0_000-0
eob-tni/tp_123-4_tp_123-4
elu-tni/000-0_000-0
eob-tni/tp_123-4_np3s_np3s_12-34
elu-tni/000-0_000-0
eob-tni/tp_123-4_np3s_np3s_12-34
elu-tni/000-0_000-0
eob-tni/tp_123-4_np3s_np3s_12-34
elu-tni/000-0_000-0
eob-tni/tp_123-4_tp_123-4
elu-tni/000-0_000-0
eob-tni/tp_123-4_tp_123-4
elu-tni/000-0_000-0
eob-tni/tp_123-4_tp_123-4
elu-tni/000-0_000-0
eob-tni/tp_123-4_tp_123-4
elu-tni/000-0_000-0
eob-tni/tp_123-4_tp_123-4
elu-tni/000-0_000-0
eob-tni/tp_123-4_tp_123-4
elu-tni/000-0_000-0
eob-tni/tp_123-4_np3s_np3s_12-34
elu-tni/000-0_000-0
eob-tni/tp_123-4_np3s_np3s_12-34
elu-tni/000-0_000-0
eob-tni/tp_123-4_np3s_np3s_12-34
elu-tni/000-0_000-0
eob-tni/tp_123-4_tp_123-4
elu-tni/000-0_000-0
eob-tni/tp_123-4_tp_123-4
elu-tni/000-0_000-0
eob-tni/tp_123-4_tp_123-4
elu-tni/000-0_000-0
eob-tni/tp_123-4_tp_123-4
elu-tni/000-0_000-0
eob-tni/tp_123-4_tp_123-4
elu-tni/000-0_000-0
eob-tni/tp_123-4_tp_123-4
elu-tni/000-0_000-0
eob-tni/tp_123-4_tp_123-4
elu-tni/000-0_000-0
eob-tni/np3s_np3s_12-34_np3s_np3s_12-34
elu-tni/000-0_000-0
eob-tni/np3s_np3s_12-34_np3s_np3s_12-34
elu-tni/000-0_000-0
eob-tni/np3s_np3s_12-34_np3s_np3s_12-34
elu-tni/000-0_000-0
eob-tni/np3s_np3s_12-34_tp_123-4
elu-tni/000-0_000-0
eob-tni/np3s_np3s_12-34_tp_123-4
elu-tni/000-0_000-0
eob-tni/np3s_np3s_12-34_tp_123-4
elu-tni/000-0_000-0
eob-tni/np3s_np3s_12-34_tp_123-4
elu-tni/000-0_000-0
eob-tni/np3s_np3s_12-34_tp_123-4
elu-tni/000-0_000-0
eob-tni/np3s_np3s_12-34_tp_123-4
elu-tni/000-0_000-0
eob-tni/np3s_np3s_12-34_tp_123-4
elu-tni/000-0_000-0
eob-tni/np3s_np3s_12-34_np3s_np3s_12-34
elu-tni/000-0_000-0
eob-tni/tp_123-4_np3s_np3s_12-34
elu-tni/000-0_000-0
eob-tni/tp_123-4_np3s_np3s_12-34
elu-tni/000-0_000-0
eob-tni/tp_123-4_np3s_np3s_12-34
elu-tni/000-0_000-0
eob-tni/tp_123-4_tp_123-4
elu-tni/000-0_000-0
eob-tni/tp_123-4_tp_123-4
elu-tni/000-0_000-0
eob-tni/tp_123-4_tp_123-4
elu-tni/000-0_000-0
eob-tni/tp_123-4_tp_123-4
elu-tni/000-0_000-0
eob-tni/tp_123-4_tp_123-4
elu-tni/000-0_000-0
eob-tni/tp_123-4_tp_123-4
elu-tni/000-0_000-0
eob-tni/tp_123-4_tp_123-4
elu-tni/000-0_000-0
eob-tni/tp_123-4_np3s_np3s_12-34
elu-tni/000-0_000-0
eob-tni/tp_123-4_tp_123-4
elu-tni/000-0_000-0
