 11  2 12 31  1  1 +2  0  0 -1
  1  1  1  1  0  0  0  0  0  0  0  0  0  0  1  1
   0.0000000   1.0000000   1.0000000   1.0000000   1.0000000   1.0000000   1.0000000
   1.0000000   1.0000000   1.0000000   1.0000000   1.0000000   1.0000000   1.6500000
   1.0000000   1.0000000   1.0000000   1.0000000   1.0000000   1.0000000   1.0000000
   1.0000000   1.0000000   1.0000000   1.0000000   1.0000000   1.0000000   1.0000000
   1.0000000   1.0000000
   0   7   0   0   0   1
  57
12.406420000        
0.162174100         
0.280500600         
-8.120542000        
7.520323000         
0.062070800         
1.123018000         
4.845591000         
-0.070549890        
-0.010521230        
-0.131316300        
0.033642010         
0.210280600         
0.146193100         
-0.036177680        
-0.574444800        
-0.322976600        
0.189616700         
0.368620200         
0.209776200         
-0.138132500        
-28.589230000       
1.229725000         
0.255082700         
6.207319000         
-5.955883000        
0.255428200         
0.534312800         
-8.289334000        
0.145977200         
-0.839307100        
2.255247000         
0.015344070         
3.881709000         
1.343516000         
-0.323341800        
-4.168696000        
-1.443538000        
0.369877800         
0.327506400         
0.111571900         
-0.035615640        
1.518383772         
2.182305705         
1.128148553         
0.538112661         
0.177100498         
0.784132820         
0.810718960         
0.386702740         
0.127269348         
0.209551627         
0.199906977         
0.065792217         
0.047676556         
0.031382060         
0.005164140         
  1  1  0
  42  16  17  18  19  20  21  22  23  24  25  26  27  28  29  30  31  32  33  34
  35  36  37  38  39  40  41  42  43  44  45  46  47  48  49  50  51  52  53  54
  55  56  57
   1   2   3   4   5   6   7   8   9  10  11  12  13  14  15  16  17  18  19  20
  21  22  23  24  25  26  27  28  29  30  31  32  33  34  35  36  37  38  39  40
  41  42
  1  1  1  1  1  1  1  1  1  1  1  1  1  1  1  1  1  1  1  1
  2  2  0
  15   1   2   3   4   5   6   7   8   9  10  11  12  13  14  15
  43  44  45  46  47  48  49  50  51  52  53  54  55  56  57
  1  1  1  1  1  1  1  1  1  1  1  1  1  1  1  1  1  1  1  1
  2  2  0 -1
   1  61
42  
  0  0  1  1  1  1  0  1  1  1  0
  1  1  0
   1  80
46  
  0  0  1  0  1  0  0  0  0  0  0
  1  1  0
   1  31
39  
  0  0  0  0  0  0  0  1  0  0  0
  1  1  0
   1  33
41  
  0  0  1  1  0  0  0  0  0  0  0
  2  2  0
   1   9
23  
  0  0  1  1  1  1  0  0  0  0  0
  2  2  0
   1   4
17  
  0  1  0  1  0  1  0  1  0  1  0  0
  2  2  0
   1  59
53  
  0  1  0  1  0  1  0  1  0  1  0  0
  1  1  0
   1  86
10  
  0  1  0  1  0  1  0  1  0  1  0  0
  2  2  0
   1  58
7   
  0  1  0  1  0  1  0  1  0  1  0  0
  2  2  0
   1   1
51  
  0  1  0  1  0  1  0  1  0  1  0  0
  2  2  0
   1   8
17  
  0  1  0  1  0  1  0  1  0  1  0  0
  2  2  0
   1   7
43  
  0  0  1  1  1  0  0  1  1  1  0
  1  1  0
   1  25
11  
  0  0  0  1  0  0  0  0  0  0  0
  1  1  0
   1  51
7   
  0  1  0  1  0  1  0  1  0  1  0  0
  2  2  0
   1  73
51  
  0  0  1  1  0  0  1  0  0  1  0
  1  1  0
   1  19
39  
  0  0  1  1  1  0  0  0  0  0  0
  1  1  0
   1  53
8   
  0  1  0  1  0  1  0  1  0  1  0  0
  1  1  0
   1  77
37  
  0  0  1  1  1  1  0  1  0  1  0
  2  2  0
   1  68
56  
  0  1  0  1  0  1  0  1  0  1  0  0
  2  2  0
   1  67
42  
  0  0  0  0  1  0  0  0  1  1  0
  1  1  0
   1  42
37  
  0  1  0  1  0  1  0  1  0  1  0  0
  1  1  0
   1  82
6   
  0  0  1  0  0  1  1  0  0  1  0
  1  1  0
   1  28
1   
  0  0  1  0  0  0  1  0  0  1  0
  1  1  0
   1  17
7   
  0  1  0  1  0  1  0  1  0  1  0  0
  1  1  0
   1  34
39  
  0  1  0  1  0  1  0  1  0  1  0  0
  1  1  0
   1  41
11  
  0  1  0  1  0  1  0  1  0  1  0  0
  1  1  0
   1  48
28  
  0  1  0  1  0  1  0  1  0  1  0  0
  2  2  0
   1   2
4   
  0  0  1  0  1  0  1  1  1  1  0
  1  1  0
   1  26
25  
  0  1  0  1  0  1  0  1  0  1  0  0
  1  1  0
   1  83
23  
  0  0  0  1  1  1  1  0  0  1  0
  2  2  0
   1  64
19  
  0  0  1  1  0  0  0  1  0  0  0
  1  1  0
   1  74
16  
  0  1  0  1  0  1  0  1  0  1  0  0
  1  1  0
   1  47
22  
  0  0  1  0  1  1  1  1  1  0  0
  1  1  0
   1  18
1   
  0  0  1  0  1  0  1  1  1  1  0
  2  2  0
   1  60
34  
  0  1  0  1  0  1  0  1  0  1  0  0
  1  1  0
   1  45
7   
  0  1  0  1  0  1  0  1  0  1  0  0
  1  1  0
   1  79
4   
  0  1  0  1  0  1  0  1  0  1  0  0
  1  1  0
   1  16
5   
  0  1  0  1  0  1  0  1  0  1  0  0
  2  2  0
   1  66
19  
  0  0  0  1  0  0  0  1  0  0  0
  1  1  0
   1  35
19  
  0  0  0  0  0  0  0  0  1  0  0
  1  1  0
   1  23
45  
  0  1  0  1  0  1  0  1  0  1  0  0
  1  1  0
   1  39
27  
  0  1  0  1  0  1  0  1  0  1  0  0
  1  1  0
   1  75
40  
  0  1  0  1  0  1  0  1  0  1  0  0
  1  1  0
   1  37
16  
  0  1  0  1  0  1  0  1  0  1  0  0
  2  2  0
   1  72
55  
  0  1  0  1  0  1  0  1  0  1  0  0
  1  1  0
   1  27
1   
  0  0  1  1  1  1  1  1  1  1  0
  1  1  0
   1  43
50  
  0  0  1  0  0  0  0  0  0  1  0
  1  1  0
   1  88
8   
  0  1  0  1  0  1  0  1  0  1  0  0
  2  2  0
   1  69
5   
  0  0  0  0  0  1  0  0  0  0  0
  1  1  0
   1  24
11  
  0  1  0  1  0  1  0  1  0  1  0  0
  2  2  0
   1  65
23  
  0  1  0  1  0  1  0  1  0  1  0  0
  1  1  0
   1  30
44  
  0  1  0  1  0  1  0  1  0  1  0  0
  1  1  0
   1  36
14  
  0  1  0  1  0  1  0  1  0  1  0  0
  1  1  0
   1  89
10  
  0  1  0  1  0  1  0  1  0  1  0  0
  1  1  0
   1  29
18  
  0  1  0  1  0  1  0  1  0  1  0  0
  1  1  0
   1  38
1   
  0  0  1  0  0  0  0  0  0  1  0
  1  1  0
   1  78
47  
  0  1  0  1  0  1  0  1  0  1  0  0
  1  1  0
   1  21
24  
  0  1  0  1  0  1  0  1  0  1  0  0
  1  1  0
   1  52
28  
  0  1  0  1  0  1  0  1  0  1  0  0
  1  1  0
   1  40
21  
  0  1  0  1  0  1  0  1  0  1  0  0
  2  2  0
   1  71
16  
  0  1  0  1  0  1  0  1  0  1  0  0
  1  1  0
   1  81
8   
  0  1  0  1  0  1  0  1  0  1  0  0
  1  1  0
   1  50
5   
  0  0  1  0  1  0  1  0  0  0  0
  2  2  0
   1  62
46  
  0  1  0  1  0  1  0  1  0  1  0  0
  2  2  0
   1  11
24  
  0  1  0  1  0  1  0  1  0  1  0  0
  1  1  0
   1  49
36  
  0  0  1  1  1  1  1  0  1  0  0
  1  1  0
   1  87
54  
  0  0  0  0  0  0  1  0  0  1  0
  1  1  0
   1  32
14  
  0  1  0  1  0  1  0  1  0  1  0  0
