 10  8  9  3 00  0  0  0  0
nnn_pot
  6                                                            Z1  BVs 1 - 6
  6  5
                                    14.096923   
                                    11.574368   
                                    9.480317    
                                    8.955485    
                                    0.686950    
                                    0.075621    
   13.366618    3.129438    1.371084    0.611701    0.063943
  1  1
          1.
  1  1
                      1.
  1  1
                                  1.
  1  1
                                              1.
  1  1
                                                          1.
  1  1
                                                                      1.
  6                                                            Z2  BVs 7 - 12
  6  5
                                    7.746782    
                                    5.735309    
                                    1.924536    
                                    1.069302    
                                    1.067129    
                                    0.122844    
   13.904667    5.716728    0.960525    0.280923    0.093905
  1  1
          1.
  1  1
                      1.
  1  1
                                  1.
  1  1
                                              1.
  1  1
                                                          1.
  1  1
                                                                      1.
eob-tni/123_123
elu-tni/000_000
eob-tni/123_123
elu-tni/000_000
eob-tni/123_123
elu-tni/000_000
