 10  8  9  3 00  0  0  0  0
nnn_pot
  6                                                            Z1  BVs 1 - 6
  6  4
                                    16.899769   
                                    4.977843    
                                    4.629809    
                                    0.812481    
                                    0.121306    
                                    0.121285    
   10.237092    4.092036    0.123945    0.005243
  1  1
          1.
  1  1
                      1.
  1  1
                                  1.
  1  1
                                              1.
  1  1
                                                          1.
  1  1
                                                                      1.
  6                                                            Z2  BVs 7 - 12
  6  4
                                    10.425501   
                                    9.781234    
                                    9.139954    
                                    1.717756    
                                    0.523408    
                                    0.006660    
    3.582873    0.564829    0.167142    0.092572
  1  1
          1.
  1  1
                      1.
  1  1
                                  1.
  1  1
                                              1.
  1  1
                                                          1.
  1  1
                                                                      1.
eob-tni/t_no1_t_no1
elu-tni/000_000
eob-tni/t_no6_t_no1
elu-tni/000_000
eob-tni/t_no6_t_no6
elu-tni/000_000
