#E_tot          E_tot-Eth     Phase(s) scatt. length
  0.00690000   0.01000000  -3.27350000   3.83987729
  0.03190000   0.03500000  -7.02920000   3.84993810
  0.05690000   0.06000000  -9.37070000   3.85806136
  0.08190000   0.08500000 -11.22300000   3.86659161
  0.10690000   0.11000000 -12.80090000   3.87542797
  0.13190000   0.13500000 -14.19590000   3.88430632
  0.15690000   0.16000000 -15.45730000   3.89311926
  0.18190000   0.18500000 -16.61570000   3.90191899
  0.20690000   0.21000000 -17.69150000   3.91073821
  0.23190000   0.23500000 -18.69920000   3.91961712
  0.25690000   0.26000000 -19.64970000   3.92862423
  0.28190000   0.28500000 -20.55100000   3.93773669
  0.30690000   0.31000000 -21.40950000   3.94696496
  0.33190000   0.33500000 -22.23020000   3.95629070
  0.35690000   0.36000000 -23.01720000   3.96570410
  0.38190000   0.38500000 -23.77390000   3.97519790
  0.40690000   0.41000000 -24.50290000   3.98471926
  0.43190000   0.43500000 -25.20690000   3.99431557
  0.45690000   0.46000000 -25.88780000   4.00395007
  0.48190000   0.48500000 -26.54750000   4.01363754
  0.50690000   0.51000000 -27.18760000   4.02337983
  0.53190000   0.53500000 -27.80940000   4.03316019
  0.55690000   0.56000000 -28.41430000   4.04300657
  0.58190000   0.58500000 -29.00330000   4.05290155
  0.60690000   0.61000000 -29.57750000   4.06286410
  0.63190000   0.63500000 -30.13780000   4.07289598
  0.65690000   0.66000000 -30.68490000   4.08298039
  0.68190000   0.68500000 -31.21970000   4.09314536
  0.70690000   0.71000000 -31.74270000   4.10336453
  0.73190000   0.73500000 -32.25450000   4.11363730
  0.75690000   0.76000000 -32.75580000   4.12398686
  0.78190000   0.78500000 -33.24700000   4.13439579
  0.80690000   0.81000000 -33.72850000   4.14485326
  0.83190000   0.83500000 -34.20080000   4.15536979
  0.85690000   0.86000000 -34.66430000   4.16594513
  0.88190000   0.88500000 -35.11930000   4.17656802
  0.90690000   0.91000000 -35.56620000   4.18724678
  0.93190000   0.93500000 -36.00520000   4.19796240
  0.95690000   0.96000000 -36.43670000   4.20873008
  0.98190000   0.98500000 -36.86090000   4.21953716
  1.00690000   1.01000000 -37.27810000   4.23038906
  1.03190000   1.03500000 -37.68860000   4.24129363
  1.05690000   1.06000000 -38.09250000   4.25223037
  1.08190000   1.08500000 -38.49010000   4.26321147
  1.10690000   1.11000000 -38.88150000   4.27422042
  1.13190000   1.13500000 -39.26710000   4.28528829
  1.15690000   1.16000000 -39.64690000   4.29638667
  1.18190000   1.18500000 -40.02110000   4.30751920
  1.20690000   1.21000000 -40.38990000   4.31869089
  1.23190000   1.23500000 -40.75350000   4.32990802
  1.25690000   1.26000000 -41.11200000   4.34116282
  1.28190000   1.28500000 -41.46560000   4.35246392
  1.30690000   1.31000000 -41.81430000   4.36379035
  1.33190000   1.33500000 -42.15840000   4.37516808
  1.35690000   1.36000000 -42.49790000   4.38657801
  1.38190000   1.38500000 -42.83290000   4.39801719
  1.40690000   1.41000000 -43.16360000   4.40949884
  1.43190000   1.43500000 -43.49010000   4.42102161
  1.45690000   1.46000000 -43.81250000   4.43258484
  1.48190000   1.48500000 -44.13080000   4.44417303
  1.50690000   1.51000000 -44.44520000   4.45580226
  1.53190000   1.53500000 -44.75580000   4.46747379
  1.55690000   1.56000000 -45.06260000   4.47917381
  1.58190000   1.58500000 -45.36580000   4.49092026
  1.60690000   1.61000000 -45.66530000   4.50268462
  1.63190000   1.63500000 -45.96140000   4.51450160
  1.65690000   1.66000000 -46.25400000   4.52634351
  1.68190000   1.68500000 -46.54320000   4.53821449
  1.70690000   1.71000000 -46.82920000   4.55013506
  1.73190000   1.73500000 -47.11190000   4.56207851
  1.75690000   1.76000000 -47.39140000   4.57405018
  1.78190000   1.78500000 -47.66780000   4.58605584
  1.80690000   1.81000000 -47.94110000   4.59808555
  1.83190000   1.83500000 -48.21140000   4.61014576
  1.85690000   1.86000000 -48.47880000   4.62224330
  1.88190000   1.88500000 -48.74330000   4.63436911
  1.90690000   1.91000000 -49.00490000   4.64651426
  1.93190000   1.93500000 -49.26380000   4.65870287
  1.95690000   1.96000000 -49.51980000   4.67089364
  1.98190000   1.98500000 -49.77320000   4.68312775
  2.00690000   2.01000000 -50.02400000   4.69539736
  2.03190000   2.03500000 -50.27210000   4.70767802
  2.05690000   2.06000000 -50.51760000   4.71997868
  2.08190000   2.08500000 -50.76060000   4.73230862
  2.10690000   2.11000000 -51.00110000   4.74466060
  2.13190000   2.13500000 -51.23910000   4.75702742
  2.15690000   2.16000000 -51.47470000   4.76941905
  2.18190000   2.18500000 -51.70790000   4.78182865
  2.20690000   2.21000000 -51.93880000   4.79426668
  2.23190000   2.23500000 -52.16730000   4.80670933
  2.25690000   2.26000000 -52.39360000   4.81918472
  2.28190000   2.28500000 -52.61760000   4.83166920
  2.30690000   2.31000000 -52.83930000   4.84415642
  2.33190000   2.33500000 -53.05890000   4.85667533
  2.35690000   2.36000000 -53.27630000   4.86920240
  2.38190000   2.38500000 -53.49150000   4.88173160
  2.40690000   2.41000000 -53.70460000   4.89427484
  2.43190000   2.43500000 -53.91560000   4.90682639
  2.45690000   2.46000000 -54.12450000   4.91938054
  2.48190000   2.48500000 -54.33140000   4.93194977
  2.50690000   2.51000000 -54.53620000   4.94451041
  2.53190000   2.53500000 -54.73910000   4.95709350
  2.55690000   2.56000000 -54.93990000   4.96965703
  2.58190000   2.58500000 -55.13880000   4.98223240
  2.60690000   2.61000000 -55.33570000   4.99479589
  2.63190000   2.63500000 -55.53070000   5.00736084
  2.65690000   2.66000000 -55.72370000   5.01990332
  2.68190000   2.68500000 -55.91480000   5.03243686
  2.70690000   2.71000000 -56.10410000   5.04497538
  2.73190000   2.73500000 -56.29140000   5.05747583
  2.75690000   2.76000000 -56.47690000   5.06997121
  2.78190000   2.78500000 -56.66060000   5.08245670
  2.80690000   2.81000000 -56.84230000   5.09488861
  2.83190000   2.83500000 -57.02230000   5.10732006
  2.85690000   2.86000000 -57.20040000   5.11970723
  2.88190000   2.88500000 -57.37660000   5.13204494
  2.90690000   2.91000000 -57.55100000   5.14434781
  2.93190000   2.93500000 -57.72360000   5.15661094
  2.95690000   2.96000000 -57.89440000   5.16882939
  2.98190000   2.98500000 -58.06330000   5.18097808
  3.00690000   3.01000000 -58.23040000   5.19307197
  3.03190000   3.03500000 -58.39570000   5.20510608
  3.05690000   3.06000000 -58.55910000   5.21705494
  3.08190000   3.08500000 -58.72070000   5.22893378
  3.10690000   3.11000000 -58.88040000   5.24071687
  3.13190000   3.13500000 -59.03820000   5.25239884
  3.15690000   3.16000000 -59.19420000   5.26399514
  3.18190000   3.18500000 -59.34820000   5.27545870
  3.20690000   3.21000000 -59.50020000   5.28678375
  3.23190000   3.23500000 -59.65030000   5.29798568
  3.25690000   3.26000000 -59.79830000   5.30901641
  3.28190000   3.28500000 -59.94440000   5.31991261
  3.30690000   3.31000000 -60.08830000   5.33060421
  3.33190000   3.33500000 -60.23000000   5.34108471
  3.35690000   3.36000000 -60.36960000   5.35136938
  3.38190000   3.38500000 -60.50690000   5.36140836
  3.40690000   3.41000000 -60.64180000   5.37117292
  3.43190000   3.43500000 -60.77420000   5.38063397
  3.45690000   3.46000000 -60.90410000   5.38978413
  3.48190000   3.48500000 -61.03130000   5.39857163
  3.50690000   3.51000000 -61.15560000   5.40694396
  3.53190000   3.53500000 -61.27700000   5.41489280
  3.55690000   3.56000000 -61.39500000   5.42229735
  3.58190000   3.58500000 -61.50960000   5.42914820
  3.60690000   3.61000000 -61.62040000   5.43534542
  3.63190000   3.63500000 -61.72690000   5.44076526
  3.65690000   3.66000000 -61.82880000   5.44532854
  3.68190000   3.68500000 -61.92540000   5.44886414
  3.70690000   3.71000000 -62.01580000   5.45115394
  3.73190000   3.73500000 -62.09900000   5.45195593
  3.75690000   3.76000000 -62.17340000   5.45088959
  3.78190000   3.78500000 -62.23650000   5.44736719
  3.80690000   3.81000000 -62.28440000   5.44048071
  3.83190000   3.83500000 -62.31020000   5.42864016
  3.85690000   3.86000000 -62.29820000   5.40826449
  3.88190000   3.88500000 -62.20900000   5.37049071
  3.90690000   3.91000000 -62.21140000   5.35382411
  3.93190000   3.93500000 -62.04040000   5.29837609
  3.95690000   3.96000000 -62.19350000   5.31586344
  3.98190000   3.98500000 -62.35610000   5.33579311
  4.00690000   4.01000000 -62.52180000   5.35675642
  4.03190000   4.03500000 -62.68890000   5.37838323
  4.05690000   4.06000000 -62.85650000   5.40047727
  4.08190000   4.08500000 -63.02430000   5.42297620
  4.10690000   4.11000000 -63.19200000   5.44581558
  4.13190000   4.13500000 -63.35940000   5.46895255
  4.15690000   4.16000000 -63.52650000   5.49239081
  4.18190000   4.18500000 -63.69310000   5.51608564
  4.20690000   4.21000000 -63.85920000   5.54003966
  4.23190000   4.23500000 -64.02470000   5.56423085
  4.25690000   4.26000000 -64.18970000   5.58868614
  4.28190000   4.28500000 -64.35410000   5.61338320
  4.30690000   4.31000000 -64.51780000   5.63829882
  4.33190000   4.33500000 -64.68090000   5.66346007
  4.35690000   4.36000000 -64.84340000   5.68886915
  4.38190000   4.38500000 -65.00520000   5.71450226
  4.40690000   4.41000000 -65.16630000   5.74036099
  4.43190000   4.43500000 -65.32680000   5.76647342
  4.45690000   4.46000000 -65.48670000   5.79284193
  4.48190000   4.48500000 -65.64590000   5.81944186
  4.50690000   4.51000000 -65.80440000   5.84627486
  4.53190000   4.53500000 -65.96230000   5.87337018
  4.55690000   4.56000000 -66.11960000   5.90073030
  4.58190000   4.58500000 -66.27620000   5.92832965
  4.60690000   4.61000000 -66.43220000   5.95619836
  4.63190000   4.63500000 -66.58750000   5.98431038
  4.65690000   4.66000000 -66.74220000   6.01269643
  4.68190000   4.68500000 -66.89630000   6.04135919
  4.70690000   4.71000000 -67.04970000   6.07027186
  4.73190000   4.73500000 -67.20250000   6.09946612
  4.75690000   4.76000000 -67.35480000   6.12897486
  4.78190000   4.78500000 -67.50640000   6.15874100
  4.80690000   4.81000000 -67.65740000   6.18879722
  4.83190000   4.83500000 -67.80780000   6.21914643
  4.85690000   4.86000000 -67.95760000   6.24979161
  4.88190000   4.88500000 -68.10690000   6.28076744
  4.90690000   4.91000000 -68.25550000   6.31201394
  4.93190000   4.93500000 -68.40360000   6.34359791
  4.95690000   4.96000000 -68.55110000   6.37549082
  4.98190000   4.98500000 -68.69800000   6.40769589
