 11  2 12 31  1  1 +2  0  0 -1
  1  1  1  1  0  0  0  0  0  0  0  0  0  0  1  1
   0.0000000   1.0000000   0.0000000   0.0000000   0.0000000   0.0000000   0.0000000
   0.0000000   0.0000000   0.0000000   0.0000000   0.0000000   0.0000000   1.0000000
   0.0000000   0.0000000   0.0000000   0.0000000   0.0000000   0.0000000   0.0000000
   0.0000000   0.0000000   0.0000000   0.0000000   0.0000000   0.0000000   0.0000000
   0.0000000   0.0000000
   0  37   0   0   0   1
  78
3.859048133         
-1.589231151        
4.395545468         
2.554804297         
2.794281327         
-0.694880692        
1.327286993         
0.363559319         
0.231690419         
0.085327096         
0.010624678         
0.000915000         
0.163619082         
-0.905085599        
-0.526059074        
-0.575369725        
0.143082699         
-0.273301312        
-0.074860403        
-0.047707313        
-0.017569680        
-0.002187725        
-0.000188407        
1.251657099         
1.454990721         
1.591375671         
-0.395742625        
0.755905359         
0.207051255         
0.131950385         
0.048594772         
0.006050877         
0.000521103         
0.422839051         
0.924948549         
-0.230015812        
0.439351674         
0.120343525         
0.076692964         
0.028244534         
0.003516926         
0.000302879         
0.505824744         
-0.251576564        
0.480534724         
0.131624041         
0.083881852         
0.030892062         
0.003846588         
0.000331269         
0.031280977         
-0.119499171        
-0.032732210        
-0.020859703        
-0.007682225        
-0.000956568        
-0.000082380        
0.114127286         
0.062521578         
0.039843981         
0.014673767         
0.001827134         
0.000157353         
0.008562693         
0.010913729         
0.004019315         
0.000500473         
0.000043101         
0.003477571         
0.002561444         
0.000318943         
0.000027467         
0.000471665         
0.000117461         
0.000010116         
0.000007313         
0.000001260         
0.000000054         
  0  0  0
  78   1   2   3   4   5   6   7   8   9  10  11  12  13  14  15  16  17  18  19
  20  21  22  23  24  25  26  27  28  29  30  31  32  33  34  35  36  37  38  39
  40  41  42  43  44  45  46  47  48  49  50  51  52  53  54  55  56  57  58  59
  60  61  62  63  64  65  66  67  68  69  70  71  72  73  74  75  76  77  78
   1   2   3   4   5   6   7   8   9  10  11  12  13  14  15  16  17  18  19  20
  21  22  23  24  25  26  27  28  29  30  31  32  33  34  35  36  37  38  39  40
  41  42  43  44  45  46  47  48  49  50  51  52  53  54  55  56  57  58  59  60
  61  62  63  64  65  66  67  68  69  70  71  72  73  74  75  76  77  78
  1  1  1  1  1  1  1  1  1  1  1  1  1  1  1  1  1  1  1  1
  0  0  0 -1
   1   2
28  
  0  1  0  1  0  1  0
  0  0  0
   1   3
36  
  0  1  0  1  0  1  0
  0  0  0
   1   4
8   
  0  1  0  1  0  1  0
  0  0  0
   1   5
16  
  0  1  0  1  0  1  0
  0  0  0
   1   6
14  
  0  1  0  1  0  1  0
  0  0  0
   1   7
28  
  0  1  0  1  0  1  0
  0  0  0
   1   8
6   
  0  1  0  1  0  1  0
  0  0  0
   1   9
28  
  0  1  0  1  0  1  0
  0  0  0
   1  10
3   
  0  1  0  1  0  1  0
  0  0  0
   1  11
58  
  0  1  0  1  0  1  0
  0  0  0
   1  12
4   
  0  1  0  1  0  1  0
  0  0  0
   1  13
6   
  0  1  0  1  0  1  0
  0  0  0
   1  14
43  
  0  1  0  1  0  1  0
  0  0  0
   1  15
6   
  0  1  0  1  0  1  0
  0  0  0
   1  16
13  
  0  1  0  1  0  1  0
  0  0  0
   1  17
16  
  0  1  0  1  0  1  0
  0  0  0
   1  18
8   
  0  1  0  1  0  1  0
  0  0  0
   1  19
6   
  0  1  0  1  0  1  0
  0  0  0
   1  20
4   
  0  1  0  1  0  1  0
  0  0  0
   1  21
16  
  0  1  0  1  0  1  0
  0  0  0
   1  22
46  
  0  1  0  1  0  1  0
  0  0  0
   1  23
18  
  0  1  0  1  0  1  0
  0  0  0
   1  24
3   
  0  1  0  1  0  1  0
  0  0  0
   1  25
37  
  0  1  0  1  0  1  0
  0  0  0
   1  26
18  
  0  1  0  1  0  1  0
  0  0  0
   1  27
16  
  0  1  0  1  0  1  0
  0  0  0
   1  28
45  
  0  1  0  1  0  1  0
  0  0  0
   1  29
37  
  0  1  0  1  0  1  0
  0  0  0
   1  30
34  
  0  1  0  1  0  1  0
  0  0  0
   1  31
5   
  0  1  0  1  0  1  0
  0  0  0
   1  32
15  
  0  1  0  1  0  1  0
  0  0  0
   1  33
37  
  0  1  0  1  0  1  0
  0  0  0
   1  34
2   
  0  1  0  1  0  1  0
  0  0  0
   1  35
46  
  0  1  0  1  0  1  0
  0  0  0
   1  36
25  
  0  1  0  1  0  1  0
  0  0  0
   1  37
38  
  0  1  0  1  0  1  0
  0  0  0
   1  38
30  
  0  1  0  1  0  1  0
  0  0  0
   1  39
30  
  0  1  0  1  0  1  0
  0  0  0
   1  40
46  
  0  1  0  1  0  1  0
  0  0  0
   1  41
4   
  0  1  0  1  0  1  0
  0  0  0
   1  42
1   
  0  1  0  1  0  1  0
  0  0  0
   1  43
30  
  0  1  0  1  0  1  0
  0  0  0
   1  44
15  
  0  1  0  1  0  1  0
  0  0  0
   1  45
5   
  0  1  0  1  0  1  0
  0  0  0
   1  46
17  
  0  1  0  1  0  1  0
  0  0  0
   1  47
13  
  0  1  0  1  0  1  0
  0  0  0
   1  48
26  
  0  1  0  1  0  1  0
  0  0  0
   1  49
8   
  0  1  0  1  0  1  0
  0  0  0
   1  50
27  
  0  1  0  1  0  1  0
  0  0  0
   1  51
7   
  0  1  0  1  0  1  0
  0  0  0
   1  52
9   
  0  1  0  1  0  1  0
  0  0  0
   1  53
1   
  0  1  0  1  0  1  0
  0  0  0
   1  54
28  
  0  1  0  1  0  1  0
  0  0  0
   1  55
45  
  0  1  0  1  0  1  0
  0  0  0
   1  56
15  
  0  1  0  1  0  1  0
  0  0  0
   1  57
25  
  0  1  0  1  0  1  0
  0  0  0
   1  58
44  
  0  1  0  1  0  1  0
  0  0  0
   1  59
38  
  0  1  0  1  0  1  0
  0  0  0
   1  60
6   
  0  1  0  1  0  1  0
  0  0  0
   1  61
34  
  0  1  0  1  0  1  0
  0  0  0
   1  62
38  
  0  1  0  1  0  1  0
  0  0  0
   1  63
17  
  0  1  0  1  0  1  0
  0  0  0
   1  64
24  
  0  1  0  1  0  1  0
  0  0  0
   1  65
1   
  0  1  0  1  0  1  0
  0  0  0
   1  66
5   
  0  1  0  1  0  1  0
  0  0  0
   1  67
35  
  0  1  0  1  0  1  0
  0  0  0
   1  68
18  
  0  1  0  1  0  1  0
  0  0  0
   1  69
4   
  0  1  0  1  0  1  0
  0  0  0
   1  70
27  
  0  1  0  1  0  1  0
  0  0  0
   1  71
37  
  0  1  0  1  0  1  0
  0  0  0
   1  72
46  
  0  1  0  1  0  1  0
  0  0  0
   1  73
43  
  0  1  0  1  0  1  0
  0  0  0
   1  74
3   
  0  1  0  1  0  1  0
  0  0  0
   1  75
14  
  0  1  0  1  0  1  0
