 10  8  9  3 00  0  0  0  0
/home/johannesk/kette_repo/limit_cycles/src_python/../systems/2np1s/6.00/nnn_pot
  8
  8 20
                                                7.714625    7.714625    
                                                7.714625    3.077958    
                                                7.714625    0.477478    
                                                7.714625    0.009117    
                                                7.714625    0.003729    
                                                3.077958    3.077958    
                                                3.077958    0.477478    
                                                3.077958    0.009117    
   12.956650    5.134670    2.947287    1.342339    0.821446    0.444741
    2.939000    1.690174    1.185236    0.843000    0.500110    0.257369
    0.138520    0.071429    0.038519    0.018573    0.009726    0.005619
    0.002765    0.001010
  1  1
          1.

  1  1
                      1.

  1  1
                                  1.

  1  1
                                              1.

  1  1
                                                          1.

  1  1
                                                                      1.

  1  1

          1.
  1  1

                      1.
  7
  7 20
                                                3.077958    0.003729    
                                                0.477478    0.477478    
                                                0.477478    0.009117    
                                                0.477478    0.003729    
                                                0.009117    0.009117    
                                                0.009117    0.003729    
                                                0.003729    0.003729    
   12.956650    5.134670    2.947287    1.342339    0.821446    0.444741
    2.939000    1.690174    1.185236    0.843000    0.500110    0.257369
    0.138520    0.071429    0.038519    0.018573    0.009726    0.005619
    0.002765    0.001010
  1  1
          1.

  1  1
                      1.

  1  1
                                  1.

  1  1
                                              1.

  1  1
                                                          1.

  1  1
                                                                      1.

  1  1

          1.
  8
  8 20
                                                15.569609   15.569609   
                                                15.569609   4.280053    
                                                15.569609   1.091085    
                                                15.569609   0.279591    
                                                15.569609   0.047874    
                                                4.280053    4.280053    
                                                4.280053    1.091085    
                                                4.280053    0.279591    
   12.956650    5.134670    2.947287    1.342339    0.821446    0.444741
    2.939000    1.690174    1.185236    0.843000    0.500110    0.257369
    0.138520    0.071429    0.038519    0.018573    0.009726    0.005619
    0.002765    0.001010
  1  1
          1.

  1  1
                      1.

  1  1
                                  1.

  1  1
                                              1.

  1  1
                                                          1.

  1  1
                                                                      1.

  1  1

          1.
  1  1

                      1.
  7
  7 20
                                                4.280053    0.047874    
                                                1.091085    1.091085    
                                                1.091085    0.279591    
                                                1.091085    0.047874    
                                                0.279591    0.279591    
                                                0.279591    0.047874    
                                                0.047874    0.047874    
   12.956650    5.134670    2.947287    1.342339    0.821446    0.444741
    2.939000    1.690174    1.185236    0.843000    0.500110    0.257369
    0.138520    0.071429    0.038519    0.018573    0.009726    0.005619
    0.002765    0.001010
  1  1
          1.

  1  1
                      1.

  1  1
                                  1.

  1  1
                                              1.

  1  1
                                                          1.

  1  1
                                                                      1.

  1  1

          1.
  8
  8 20
                                                15.906184   5.811443    
                                                15.906184   1.653932    
                                                15.906184   0.559851    
                                                15.906184   0.108390    
                                                11.962378   5.811443    
                                                11.962378   1.653932    
                                                11.962378   0.559851    
                                                11.962378   0.108390    
   12.956650    5.134670    2.947287    1.342339    0.821446    0.444741
    2.939000    1.690174    1.185236    0.843000    0.500110    0.257369
    0.138520    0.071429    0.038519    0.018573    0.009726    0.005619
    0.002765    0.001010
  1  1
          1.

  1  1
                      1.

  1  1
                                  1.

  1  1
                                              1.

  1  1
                                                          1.

  1  1
                                                                      1.

  1  1

          1.
  1  1

                      1.
  8
  8 20
                                                7.242743    5.811443    
                                                7.242743    1.653932    
                                                7.242743    0.559851    
                                                7.242743    0.108390    
                                                1.978123    5.811443    
                                                1.978123    1.653932    
                                                1.978123    0.559851    
                                                1.978123    0.108390    
   12.956650    5.134670    2.947287    1.342339    0.821446    0.444741
    2.939000    1.690174    1.185236    0.843000    0.500110    0.257369
    0.138520    0.071429    0.038519    0.018573    0.009726    0.005619
    0.002765    0.001010
  1  1
          1.

  1  1
                      1.

  1  1
                                  1.

  1  1
                                              1.

  1  1
                                                          1.

  1  1
                                                                      1.

  1  1

          1.
  1  1

                      1.
  8
  8 20
                                                1.343673    5.811443    
                                                1.343673    1.653932    
                                                1.343673    0.559851    
                                                1.343673    0.108390    
                                                0.728363    5.811443    
                                                0.728363    1.653932    
                                                0.728363    0.559851    
                                                0.728363    0.108390    
   12.956650    5.134670    2.947287    1.342339    0.821446    0.444741
    2.939000    1.690174    1.185236    0.843000    0.500110    0.257369
    0.138520    0.071429    0.038519    0.018573    0.009726    0.005619
    0.002765    0.001010
  1  1
          1.

  1  1
                      1.

  1  1
                                  1.

  1  1
                                              1.

  1  1
                                                          1.

  1  1
                                                                      1.

  1  1

          1.
  1  1

                      1.
  8
  8 20
                                                0.061157    5.811443    
                                                0.061157    1.653932    
                                                0.061157    0.559851    
                                                0.061157    0.108390    
                                                0.053322    5.811443    
                                                0.053322    1.653932    
                                                0.053322    0.559851    
                                                0.053322    0.108390    
   12.956650    5.134670    2.947287    1.342339    0.821446    0.444741
    2.939000    1.690174    1.185236    0.843000    0.500110    0.257369
    0.138520    0.071429    0.038519    0.018573    0.009726    0.005619
    0.002765    0.001010
  1  1
          1.

  1  1
                      1.

  1  1
                                  1.

  1  1
                                              1.

  1  1
                                                          1.

  1  1
                                                                      1.

  1  1

          1.
  1  1

                      1.
  8
  8 20
                                                17.401970   7.821546    
                                                17.401970   1.249598    
                                                17.401970   0.385116    
                                                17.401970   0.097243    
                                                12.763605   7.821546    
                                                12.763605   1.249598    
                                                12.763605   0.385116    
                                                12.763605   0.097243    
   12.956650    5.134670    2.947287    1.342339    0.821446    0.444741
    2.939000    1.690174    1.185236    0.843000    0.500110    0.257369
    0.138520    0.071429    0.038519    0.018573    0.009726    0.005619
    0.002765    0.001010
  1  1
          1.

  1  1
                      1.

  1  1
                                  1.

  1  1
                                              1.

  1  1
                                                          1.

  1  1
                                                                      1.

  1  1

          1.
  1  1

                      1.
  8
  8 20
                                                7.748695    7.821546    
                                                7.748695    1.249598    
                                                7.748695    0.385116    
                                                7.748695    0.097243    
                                                3.323130    7.821546    
                                                3.323130    1.249598    
                                                3.323130    0.385116    
                                                3.323130    0.097243    
   12.956650    5.134670    2.947287    1.342339    0.821446    0.444741
    2.939000    1.690174    1.185236    0.843000    0.500110    0.257369
    0.138520    0.071429    0.038519    0.018573    0.009726    0.005619
    0.002765    0.001010
  1  1
          1.

  1  1
                      1.

  1  1
                                  1.

  1  1
                                              1.

  1  1
                                                          1.

  1  1
                                                                      1.

  1  1

          1.
  1  1

                      1.
  8
  8 20
                                                1.702767    7.821546    
                                                1.702767    1.249598    
                                                1.702767    0.385116    
                                                1.702767    0.097243    
                                                1.671793    7.821546    
                                                1.671793    1.249598    
                                                1.671793    0.385116    
                                                1.671793    0.097243    
   12.956650    5.134670    2.947287    1.342339    0.821446    0.444741
    2.939000    1.690174    1.185236    0.843000    0.500110    0.257369
    0.138520    0.071429    0.038519    0.018573    0.009726    0.005619
    0.002765    0.001010
  1  1
          1.

  1  1
                      1.

  1  1
                                  1.

  1  1
                                              1.

  1  1
                                                          1.

  1  1
                                                                      1.

  1  1

          1.
  1  1

                      1.
  8
  8 20
                                                0.308255    7.821546    
                                                0.308255    1.249598    
                                                0.308255    0.385116    
                                                0.308255    0.097243    
                                                0.088680    7.821546    
                                                0.088680    1.249598    
                                                0.088680    0.385116    
                                                0.088680    0.097243    
   12.956650    5.134670    2.947287    1.342339    0.821446    0.444741
    2.939000    1.690174    1.185236    0.843000    0.500110    0.257369
    0.138520    0.071429    0.038519    0.018573    0.009726    0.005619
    0.002765    0.001010
  1  1
          1.

  1  1
                      1.

  1  1
                                  1.

  1  1
                                              1.

  1  1
                                                          1.

  1  1
                                                                      1.

  1  1

          1.
  1  1

                      1.
  8
  8 20
                                                15.663943   8.463522    
                                                15.663943   1.615341    
                                                15.663943   0.314483    
                                                15.663943   0.060501    
                                                9.784970    8.463522    
                                                9.784970    1.615341    
                                                9.784970    0.314483    
                                                9.784970    0.060501    
   12.956650    5.134670    2.947287    1.342339    0.821446    0.444741
    2.939000    1.690174    1.185236    0.843000    0.500110    0.257369
    0.138520    0.071429    0.038519    0.018573    0.009726    0.005619
    0.002765    0.001010
  1  1
          1.

  1  1
                      1.

  1  1
                                  1.

  1  1
                                              1.

  1  1
                                                          1.

  1  1
                                                                      1.

  1  1

          1.
  1  1

                      1.
  8
  8 20
                                                8.525373    8.463522    
                                                8.525373    1.615341    
                                                8.525373    0.314483    
                                                8.525373    0.060501    
                                                4.041143    8.463522    
                                                4.041143    1.615341    
                                                4.041143    0.314483    
                                                4.041143    0.060501    
   12.956650    5.134670    2.947287    1.342339    0.821446    0.444741
    2.939000    1.690174    1.185236    0.843000    0.500110    0.257369
    0.138520    0.071429    0.038519    0.018573    0.009726    0.005619
    0.002765    0.001010
  1  1
          1.

  1  1
                      1.

  1  1
                                  1.

  1  1
                                              1.

  1  1
                                                          1.

  1  1
                                                                      1.

  1  1

          1.
  1  1

                      1.
  8
  8 20
                                                1.379506    8.463522    
                                                1.379506    1.615341    
                                                1.379506    0.314483    
                                                1.379506    0.060501    
                                                0.706404    8.463522    
                                                0.706404    1.615341    
                                                0.706404    0.314483    
                                                0.706404    0.060501    
   12.956650    5.134670    2.947287    1.342339    0.821446    0.444741
    2.939000    1.690174    1.185236    0.843000    0.500110    0.257369
    0.138520    0.071429    0.038519    0.018573    0.009726    0.005619
    0.002765    0.001010
  1  1
          1.

  1  1
                      1.

  1  1
                                  1.

  1  1
                                              1.

  1  1
                                                          1.

  1  1
                                                                      1.

  1  1

          1.
  1  1

                      1.
  8
  8 20
                                                0.425041    8.463522    
                                                0.425041    1.615341    
                                                0.425041    0.314483    
                                                0.425041    0.060501    
                                                0.101841    8.463522    
                                                0.101841    1.615341    
                                                0.101841    0.314483    
                                                0.101841    0.060501    
   12.956650    5.134670    2.947287    1.342339    0.821446    0.444741
    2.939000    1.690174    1.185236    0.843000    0.500110    0.257369
    0.138520    0.071429    0.038519    0.018573    0.009726    0.005619
    0.002765    0.001010
  1  1
          1.

  1  1
                      1.

  1  1
                                  1.

  1  1
                                              1.

  1  1
                                                          1.

  1  1
                                                                      1.

  1  1

          1.
  1  1

                      1.
  8
  8 20
                                                10.009156   8.373634    
                                                10.009156   1.299459    
                                                10.009156   0.510357    
                                                10.009156   0.118635    
                                                9.848480    8.373634    
                                                9.848480    1.299459    
                                                9.848480    0.510357    
                                                9.848480    0.118635    
   12.956650    5.134670    2.947287    1.342339    0.821446    0.444741
    2.939000    1.690174    1.185236    0.843000    0.500110    0.257369
    0.138520    0.071429    0.038519    0.018573    0.009726    0.005619
    0.002765    0.001010
  1  1
          1.

  1  1
                      1.

  1  1
                                  1.

  1  1
                                              1.

  1  1
                                                          1.

  1  1
                                                                      1.

  1  1

          1.
  1  1

                      1.
  8
  8 20
                                                8.088892    8.373634    
                                                8.088892    1.299459    
                                                8.088892    0.510357    
                                                8.088892    0.118635    
                                                4.348722    8.373634    
                                                4.348722    1.299459    
                                                4.348722    0.510357    
                                                4.348722    0.118635    
   12.956650    5.134670    2.947287    1.342339    0.821446    0.444741
    2.939000    1.690174    1.185236    0.843000    0.500110    0.257369
    0.138520    0.071429    0.038519    0.018573    0.009726    0.005619
    0.002765    0.001010
  1  1
          1.

  1  1
                      1.

  1  1
                                  1.

  1  1
                                              1.

  1  1
                                                          1.

  1  1
                                                                      1.

  1  1

          1.
  1  1

                      1.
  8
  8 20
                                                3.716622    8.373634    
                                                3.716622    1.299459    
                                                3.716622    0.510357    
                                                3.716622    0.118635    
                                                0.994865    8.373634    
                                                0.994865    1.299459    
                                                0.994865    0.510357    
                                                0.994865    0.118635    
   12.956650    5.134670    2.947287    1.342339    0.821446    0.444741
    2.939000    1.690174    1.185236    0.843000    0.500110    0.257369
    0.138520    0.071429    0.038519    0.018573    0.009726    0.005619
    0.002765    0.001010
  1  1
          1.

  1  1
                      1.

  1  1
                                  1.

  1  1
                                              1.

  1  1
                                                          1.

  1  1
                                                                      1.

  1  1

          1.
  1  1

                      1.
  8
  8 20
                                                0.994802    8.373634    
                                                0.994802    1.299459    
                                                0.994802    0.510357    
                                                0.994802    0.118635    
                                                0.346170    8.373634    
                                                0.346170    1.299459    
                                                0.346170    0.510357    
                                                0.346170    0.118635    
   12.956650    5.134670    2.947287    1.342339    0.821446    0.444741
    2.939000    1.690174    1.185236    0.843000    0.500110    0.257369
    0.138520    0.071429    0.038519    0.018573    0.009726    0.005619
    0.002765    0.001010
  1  1
          1.

  1  1
                      1.

  1  1
                                  1.

  1  1
                                              1.

  1  1
                                                          1.

  1  1
                                                                      1.

  1  1

          1.
  1  1

                      1.
eob-tni/np1s_np1s_S0_np1s_np1s_S0
elu-tni/000-0_000-0
eob-tni/np1s_np1s_S0_np1s_np1s_S0
elu-tni/000-0_000-0
eob-tni/np1s_np1s_S0_np1s_np1s_S0
elu-tni/000-0_000-0
eob-tni/np3s_np3s_S0_np1s_np1s_S0
elu-tni/000-0_000-0
eob-tni/np3s_np3s_S0_np1s_np1s_S0
elu-tni/000-0_000-0
eob-tni/np3s_np3s_S0_np3s_np3s_S0
elu-tni/000-0_000-0
eob-tni/np3s_np3s_S0_np1s_np1s_S0
elu-tni/000-0_000-0
eob-tni/np3s_np3s_S0_np1s_np1s_S0
elu-tni/000-0_000-0
eob-tni/np3s_np3s_S0_np3s_np3s_S0
elu-tni/000-0_000-0
eob-tni/np3s_np3s_S0_np3s_np3s_S0
elu-tni/000-0_000-0
eob-tni/hen_1s0_np1s_np1s_S0
elu-tni/000-0_000-0
eob-tni/hen_1s0_np1s_np1s_S0
elu-tni/000-0_000-0
eob-tni/hen_1s0_np3s_np3s_S0
elu-tni/000-0_000-0
eob-tni/hen_1s0_np3s_np3s_S0
elu-tni/000-0_000-0
eob-tni/hen_1s0_hen_1s0
elu-tni/000-0_000-0
eob-tni/hen_1s0_np1s_np1s_S0
elu-tni/000-0_000-0
eob-tni/hen_1s0_np1s_np1s_S0
elu-tni/000-0_000-0
eob-tni/hen_1s0_np3s_np3s_S0
elu-tni/000-0_000-0
eob-tni/hen_1s0_np3s_np3s_S0
elu-tni/000-0_000-0
eob-tni/hen_1s0_hen_1s0
elu-tni/000-0_000-0
eob-tni/hen_1s0_hen_1s0
elu-tni/000-0_000-0
eob-tni/hen_1s0_np1s_np1s_S0
elu-tni/000-0_000-0
eob-tni/hen_1s0_np1s_np1s_S0
elu-tni/000-0_000-0
eob-tni/hen_1s0_np3s_np3s_S0
elu-tni/000-0_000-0
eob-tni/hen_1s0_np3s_np3s_S0
elu-tni/000-0_000-0
eob-tni/hen_1s0_hen_1s0
elu-tni/000-0_000-0
eob-tni/hen_1s0_hen_1s0
elu-tni/000-0_000-0
eob-tni/hen_1s0_hen_1s0
elu-tni/000-0_000-0
eob-tni/hen_1s0_np1s_np1s_S0
elu-tni/000-0_000-0
eob-tni/hen_1s0_np1s_np1s_S0
elu-tni/000-0_000-0
eob-tni/hen_1s0_np3s_np3s_S0
elu-tni/000-0_000-0
eob-tni/hen_1s0_np3s_np3s_S0
elu-tni/000-0_000-0
eob-tni/hen_1s0_hen_1s0
elu-tni/000-0_000-0
eob-tni/hen_1s0_hen_1s0
elu-tni/000-0_000-0
eob-tni/hen_1s0_hen_1s0
elu-tni/000-0_000-0
eob-tni/hen_1s0_hen_1s0
elu-tni/000-0_000-0
eob-tni/hen_6s0_np1s_np1s_S0
elu-tni/000-0_000-0
eob-tni/hen_6s0_np1s_np1s_S0
elu-tni/000-0_000-0
eob-tni/hen_6s0_np3s_np3s_S0
elu-tni/000-0_000-0
eob-tni/hen_6s0_np3s_np3s_S0
elu-tni/000-0_000-0
eob-tni/hen_6s0_hen_1s0
elu-tni/000-0_000-0
eob-tni/hen_6s0_hen_1s0
elu-tni/000-0_000-0
eob-tni/hen_6s0_hen_1s0
elu-tni/000-0_000-0
eob-tni/hen_6s0_hen_1s0
elu-tni/000-0_000-0
eob-tni/hen_6s0_hen_6s0
elu-tni/000-0_000-0
eob-tni/hen_6s0_np1s_np1s_S0
elu-tni/000-0_000-0
eob-tni/hen_6s0_np1s_np1s_S0
elu-tni/000-0_000-0
eob-tni/hen_6s0_np3s_np3s_S0
elu-tni/000-0_000-0
eob-tni/hen_6s0_np3s_np3s_S0
elu-tni/000-0_000-0
eob-tni/hen_6s0_hen_1s0
elu-tni/000-0_000-0
eob-tni/hen_6s0_hen_1s0
elu-tni/000-0_000-0
eob-tni/hen_6s0_hen_1s0
elu-tni/000-0_000-0
eob-tni/hen_6s0_hen_1s0
elu-tni/000-0_000-0
eob-tni/hen_6s0_hen_6s0
elu-tni/000-0_000-0
eob-tni/hen_6s0_hen_6s0
elu-tni/000-0_000-0
eob-tni/hen_6s0_np1s_np1s_S0
elu-tni/000-0_000-0
eob-tni/hen_6s0_np1s_np1s_S0
elu-tni/000-0_000-0
eob-tni/hen_6s0_np3s_np3s_S0
elu-tni/000-0_000-0
eob-tni/hen_6s0_np3s_np3s_S0
elu-tni/000-0_000-0
eob-tni/hen_6s0_hen_1s0
elu-tni/000-0_000-0
eob-tni/hen_6s0_hen_1s0
elu-tni/000-0_000-0
eob-tni/hen_6s0_hen_1s0
elu-tni/000-0_000-0
eob-tni/hen_6s0_hen_1s0
elu-tni/000-0_000-0
eob-tni/hen_6s0_hen_6s0
elu-tni/000-0_000-0
eob-tni/hen_6s0_hen_6s0
elu-tni/000-0_000-0
eob-tni/hen_6s0_hen_6s0
elu-tni/000-0_000-0
eob-tni/hen_6s0_np1s_np1s_S0
elu-tni/000-0_000-0
eob-tni/hen_6s0_np1s_np1s_S0
elu-tni/000-0_000-0
eob-tni/hen_6s0_np3s_np3s_S0
elu-tni/000-0_000-0
eob-tni/hen_6s0_np3s_np3s_S0
elu-tni/000-0_000-0
eob-tni/hen_6s0_hen_1s0
elu-tni/000-0_000-0
eob-tni/hen_6s0_hen_1s0
elu-tni/000-0_000-0
eob-tni/hen_6s0_hen_1s0
elu-tni/000-0_000-0
eob-tni/hen_6s0_hen_1s0
elu-tni/000-0_000-0
eob-tni/hen_6s0_hen_6s0
elu-tni/000-0_000-0
eob-tni/hen_6s0_hen_6s0
elu-tni/000-0_000-0
eob-tni/hen_6s0_hen_6s0
elu-tni/000-0_000-0
eob-tni/hen_6s0_hen_6s0
elu-tni/000-0_000-0
eob-tni/tp_1s0_np1s_np1s_S0
elu-tni/000-0_000-0
eob-tni/tp_1s0_np1s_np1s_S0
elu-tni/000-0_000-0
eob-tni/tp_1s0_np3s_np3s_S0
elu-tni/000-0_000-0
eob-tni/tp_1s0_np3s_np3s_S0
elu-tni/000-0_000-0
eob-tni/tp_1s0_hen_1s0
elu-tni/000-0_000-0
eob-tni/tp_1s0_hen_1s0
elu-tni/000-0_000-0
eob-tni/tp_1s0_hen_1s0
elu-tni/000-0_000-0
eob-tni/tp_1s0_hen_1s0
elu-tni/000-0_000-0
eob-tni/tp_1s0_hen_6s0
elu-tni/000-0_000-0
eob-tni/tp_1s0_hen_6s0
elu-tni/000-0_000-0
eob-tni/tp_1s0_hen_6s0
elu-tni/000-0_000-0
eob-tni/tp_1s0_hen_6s0
elu-tni/000-0_000-0
eob-tni/tp_1s0_tp_1s0
elu-tni/000-0_000-0
eob-tni/tp_1s0_np1s_np1s_S0
elu-tni/000-0_000-0
eob-tni/tp_1s0_np1s_np1s_S0
elu-tni/000-0_000-0
eob-tni/tp_1s0_np3s_np3s_S0
elu-tni/000-0_000-0
eob-tni/tp_1s0_np3s_np3s_S0
elu-tni/000-0_000-0
eob-tni/tp_1s0_hen_1s0
elu-tni/000-0_000-0
eob-tni/tp_1s0_hen_1s0
elu-tni/000-0_000-0
eob-tni/tp_1s0_hen_1s0
elu-tni/000-0_000-0
eob-tni/tp_1s0_hen_1s0
elu-tni/000-0_000-0
eob-tni/tp_1s0_hen_6s0
elu-tni/000-0_000-0
eob-tni/tp_1s0_hen_6s0
elu-tni/000-0_000-0
eob-tni/tp_1s0_hen_6s0
elu-tni/000-0_000-0
eob-tni/tp_1s0_hen_6s0
elu-tni/000-0_000-0
eob-tni/tp_1s0_tp_1s0
elu-tni/000-0_000-0
eob-tni/tp_1s0_tp_1s0
elu-tni/000-0_000-0
eob-tni/tp_1s0_np1s_np1s_S0
elu-tni/000-0_000-0
eob-tni/tp_1s0_np1s_np1s_S0
elu-tni/000-0_000-0
eob-tni/tp_1s0_np3s_np3s_S0
elu-tni/000-0_000-0
eob-tni/tp_1s0_np3s_np3s_S0
elu-tni/000-0_000-0
eob-tni/tp_1s0_hen_1s0
elu-tni/000-0_000-0
eob-tni/tp_1s0_hen_1s0
elu-tni/000-0_000-0
eob-tni/tp_1s0_hen_1s0
elu-tni/000-0_000-0
eob-tni/tp_1s0_hen_1s0
elu-tni/000-0_000-0
eob-tni/tp_1s0_hen_6s0
elu-tni/000-0_000-0
eob-tni/tp_1s0_hen_6s0
elu-tni/000-0_000-0
eob-tni/tp_1s0_hen_6s0
elu-tni/000-0_000-0
eob-tni/tp_1s0_hen_6s0
elu-tni/000-0_000-0
eob-tni/tp_1s0_tp_1s0
elu-tni/000-0_000-0
eob-tni/tp_1s0_tp_1s0
elu-tni/000-0_000-0
eob-tni/tp_1s0_tp_1s0
elu-tni/000-0_000-0
eob-tni/tp_1s0_np1s_np1s_S0
elu-tni/000-0_000-0
eob-tni/tp_1s0_np1s_np1s_S0
elu-tni/000-0_000-0
eob-tni/tp_1s0_np3s_np3s_S0
elu-tni/000-0_000-0
eob-tni/tp_1s0_np3s_np3s_S0
elu-tni/000-0_000-0
eob-tni/tp_1s0_hen_1s0
elu-tni/000-0_000-0
eob-tni/tp_1s0_hen_1s0
elu-tni/000-0_000-0
eob-tni/tp_1s0_hen_1s0
elu-tni/000-0_000-0
eob-tni/tp_1s0_hen_1s0
elu-tni/000-0_000-0
eob-tni/tp_1s0_hen_6s0
elu-tni/000-0_000-0
eob-tni/tp_1s0_hen_6s0
elu-tni/000-0_000-0
eob-tni/tp_1s0_hen_6s0
elu-tni/000-0_000-0
eob-tni/tp_1s0_hen_6s0
elu-tni/000-0_000-0
eob-tni/tp_1s0_tp_1s0
elu-tni/000-0_000-0
eob-tni/tp_1s0_tp_1s0
elu-tni/000-0_000-0
eob-tni/tp_1s0_tp_1s0
elu-tni/000-0_000-0
eob-tni/tp_1s0_tp_1s0
elu-tni/000-0_000-0
eob-tni/tp_6s0_np1s_np1s_S0
elu-tni/000-0_000-0
eob-tni/tp_6s0_np1s_np1s_S0
elu-tni/000-0_000-0
eob-tni/tp_6s0_np3s_np3s_S0
elu-tni/000-0_000-0
eob-tni/tp_6s0_np3s_np3s_S0
elu-tni/000-0_000-0
eob-tni/tp_6s0_hen_1s0
elu-tni/000-0_000-0
eob-tni/tp_6s0_hen_1s0
elu-tni/000-0_000-0
eob-tni/tp_6s0_hen_1s0
elu-tni/000-0_000-0
eob-tni/tp_6s0_hen_1s0
elu-tni/000-0_000-0
eob-tni/tp_6s0_hen_6s0
elu-tni/000-0_000-0
eob-tni/tp_6s0_hen_6s0
elu-tni/000-0_000-0
eob-tni/tp_6s0_hen_6s0
elu-tni/000-0_000-0
eob-tni/tp_6s0_hen_6s0
elu-tni/000-0_000-0
eob-tni/tp_6s0_tp_1s0
elu-tni/000-0_000-0
eob-tni/tp_6s0_tp_1s0
elu-tni/000-0_000-0
eob-tni/tp_6s0_tp_1s0
elu-tni/000-0_000-0
eob-tni/tp_6s0_tp_1s0
elu-tni/000-0_000-0
eob-tni/tp_6s0_tp_6s0
elu-tni/000-0_000-0
eob-tni/tp_6s0_np1s_np1s_S0
elu-tni/000-0_000-0
eob-tni/tp_6s0_np1s_np1s_S0
elu-tni/000-0_000-0
eob-tni/tp_6s0_np3s_np3s_S0
elu-tni/000-0_000-0
eob-tni/tp_6s0_np3s_np3s_S0
elu-tni/000-0_000-0
eob-tni/tp_6s0_hen_1s0
elu-tni/000-0_000-0
eob-tni/tp_6s0_hen_1s0
elu-tni/000-0_000-0
eob-tni/tp_6s0_hen_1s0
elu-tni/000-0_000-0
eob-tni/tp_6s0_hen_1s0
elu-tni/000-0_000-0
eob-tni/tp_6s0_hen_6s0
elu-tni/000-0_000-0
eob-tni/tp_6s0_hen_6s0
elu-tni/000-0_000-0
eob-tni/tp_6s0_hen_6s0
elu-tni/000-0_000-0
eob-tni/tp_6s0_hen_6s0
elu-tni/000-0_000-0
eob-tni/tp_6s0_tp_1s0
elu-tni/000-0_000-0
eob-tni/tp_6s0_tp_1s0
elu-tni/000-0_000-0
eob-tni/tp_6s0_tp_1s0
elu-tni/000-0_000-0
eob-tni/tp_6s0_tp_1s0
elu-tni/000-0_000-0
eob-tni/tp_6s0_tp_6s0
elu-tni/000-0_000-0
eob-tni/tp_6s0_tp_6s0
elu-tni/000-0_000-0
eob-tni/tp_6s0_np1s_np1s_S0
elu-tni/000-0_000-0
eob-tni/tp_6s0_np1s_np1s_S0
elu-tni/000-0_000-0
eob-tni/tp_6s0_np3s_np3s_S0
elu-tni/000-0_000-0
eob-tni/tp_6s0_np3s_np3s_S0
elu-tni/000-0_000-0
eob-tni/tp_6s0_hen_1s0
elu-tni/000-0_000-0
eob-tni/tp_6s0_hen_1s0
elu-tni/000-0_000-0
eob-tni/tp_6s0_hen_1s0
elu-tni/000-0_000-0
eob-tni/tp_6s0_hen_1s0
elu-tni/000-0_000-0
eob-tni/tp_6s0_hen_6s0
elu-tni/000-0_000-0
eob-tni/tp_6s0_hen_6s0
elu-tni/000-0_000-0
eob-tni/tp_6s0_hen_6s0
elu-tni/000-0_000-0
eob-tni/tp_6s0_hen_6s0
elu-tni/000-0_000-0
eob-tni/tp_6s0_tp_1s0
elu-tni/000-0_000-0
eob-tni/tp_6s0_tp_1s0
elu-tni/000-0_000-0
eob-tni/tp_6s0_tp_1s0
elu-tni/000-0_000-0
eob-tni/tp_6s0_tp_1s0
elu-tni/000-0_000-0
eob-tni/tp_6s0_tp_6s0
elu-tni/000-0_000-0
eob-tni/tp_6s0_tp_6s0
elu-tni/000-0_000-0
eob-tni/tp_6s0_tp_6s0
elu-tni/000-0_000-0
eob-tni/tp_6s0_np1s_np1s_S0
elu-tni/000-0_000-0
eob-tni/tp_6s0_np1s_np1s_S0
elu-tni/000-0_000-0
eob-tni/tp_6s0_np3s_np3s_S0
elu-tni/000-0_000-0
eob-tni/tp_6s0_np3s_np3s_S0
elu-tni/000-0_000-0
eob-tni/tp_6s0_hen_1s0
elu-tni/000-0_000-0
eob-tni/tp_6s0_hen_1s0
elu-tni/000-0_000-0
eob-tni/tp_6s0_hen_1s0
elu-tni/000-0_000-0
eob-tni/tp_6s0_hen_1s0
elu-tni/000-0_000-0
eob-tni/tp_6s0_hen_6s0
elu-tni/000-0_000-0
eob-tni/tp_6s0_hen_6s0
elu-tni/000-0_000-0
eob-tni/tp_6s0_hen_6s0
elu-tni/000-0_000-0
eob-tni/tp_6s0_hen_6s0
elu-tni/000-0_000-0
eob-tni/tp_6s0_tp_1s0
elu-tni/000-0_000-0
eob-tni/tp_6s0_tp_1s0
elu-tni/000-0_000-0
eob-tni/tp_6s0_tp_1s0
elu-tni/000-0_000-0
eob-tni/tp_6s0_tp_1s0
elu-tni/000-0_000-0
eob-tni/tp_6s0_tp_6s0
elu-tni/000-0_000-0
eob-tni/tp_6s0_tp_6s0
elu-tni/000-0_000-0
eob-tni/tp_6s0_tp_6s0
elu-tni/000-0_000-0
eob-tni/tp_6s0_tp_6s0
elu-tni/000-0_000-0
