#E_tot          E_tot-Eth     Phase(s) scatt. length
  0.01000000   0.01000000  -4.18460000   4.71143405
  0.03500000   0.03500000  -7.80210000   4.71627951
  0.06000000   0.06000000 -10.18100000   4.72112683
  0.08500000   0.08500000 -12.07740000   4.72595744
  0.11000000   0.11000000 -13.69370000   4.73076760
  0.13500000   0.13500000 -15.12050000   4.73559413
  0.16000000   0.16000000 -16.40760000   4.74040202
  0.18500000   0.18500000 -17.58600000   4.74518580
  0.21000000   0.21000000 -18.67670000   4.74998070
  0.23500000   0.23500000 -19.69440000   4.75474087
  0.26000000   0.26000000 -20.65030000   4.75950995
  0.28500000   0.28500000 -21.55270000   4.76424434
  0.31000000   0.31000000 -22.40850000   4.76899964
  0.33500000   0.33500000 -23.22290000   4.77373344
  0.36000000   0.36000000 -24.00030000   4.77844564
  0.38500000   0.38500000 -24.74450000   4.78316643
  0.41000000   0.41000000 -25.45850000   4.78787499
  0.43500000   0.43500000 -26.14490000   4.79256367
  0.46000000   0.46000000 -26.80600000   4.79723888
  0.48500000   0.48500000 -27.44380000   4.80190608
  0.51000000   0.51000000 -28.06010000   4.80657948
  0.53500000   0.53500000 -28.65620000   4.81121354
  0.56000000   0.56000000 -29.23370000   4.81585789
  0.58500000   0.58500000 -29.79370000   4.82049071
  0.61000000   0.61000000 -30.33730000   4.82511509
  0.63500000   0.63500000 -30.86550000   4.82973533
  0.66000000   0.66000000 -31.37910000   4.83433515
  0.68500000   0.68500000 -31.87890000   4.83891399
  0.71000000   0.71000000 -32.36580000   4.84350313
  0.73500000   0.73500000 -32.84030000   4.84807022
  0.76000000   0.76000000 -33.30310000   4.85263085
  0.78500000   0.78500000 -33.75480000   4.85719076
  0.81000000   0.81000000 -34.19580000   4.86172705
  0.83500000   0.83500000 -34.62670000   4.86626066
  0.86000000   0.86000000 -35.04790000   4.87078229
  0.88500000   0.88500000 -35.45980000   4.87528847
  0.91000000   0.91000000 -35.86290000   4.87979883
  0.93500000   0.93500000 -36.25740000   4.88428372
  0.96000000   0.96000000 -36.64380000   4.88877151
  0.98500000   0.98500000 -37.02230000   4.89324073
  1.01000000   1.01000000 -37.39330000   4.89770907
  1.03500000   1.03500000 -37.75700000   4.90216184
  1.06000000   1.06000000 -38.11370000   4.90660504
  1.08500000   1.08500000 -38.46370000   4.91104727
  1.11000000   1.11000000 -38.80710000   4.91546439
  1.13500000   1.13500000 -39.14420000   4.91986977
  1.16000000   1.16000000 -39.47530000   4.92427878
  1.18500000   1.18500000 -39.80050000   4.92867365
  1.21000000   1.21000000 -40.12000000   4.93305597
  1.23500000   1.23500000 -40.43400000   4.93742901
  1.26000000   1.26000000 -40.74270000   4.94179754
  1.28500000   1.28500000 -41.04620000   4.94615037
  1.31000000   1.31000000 -41.34470000   4.95049510
  1.33500000   1.33500000 -41.63840000   4.95484057
  1.36000000   1.36000000 -41.92730000   4.95916197
  1.38500000   1.38500000 -42.21160000   4.96347045
  1.41000000   1.41000000 -42.49150000   4.96777819
  1.43500000   1.43500000 -42.76710000   4.97208093
  1.46000000   1.46000000 -43.03840000   4.97635792
  1.48500000   1.48500000 -43.30570000   4.98064154
  1.51000000   1.51000000 -43.56900000   4.98491271
  1.53500000   1.53500000 -43.82840000   4.98917056
  1.56000000   1.56000000 -44.08400000   4.99341495
  1.58500000   1.58500000 -44.33590000   4.99764641
  1.61000000   1.61000000 -44.58430000   5.00188360
  1.63500000   1.63500000 -44.82910000   5.00609342
  1.66000000   1.66000000 -45.07050000   5.01029574
  1.68500000   1.68500000 -45.30870000   5.01451104
  1.71000000   1.71000000 -45.54350000   5.01869033
  1.73500000   1.73500000 -45.77520000   5.02287263
  1.76000000   1.76000000 -46.00380000   5.02704494
  1.78500000   1.78500000 -46.22940000   5.03121222
  1.81000000   1.81000000 -46.45200000   5.03536230
  1.83500000   1.83500000 -46.67170000   5.03950100
  1.86000000   1.86000000 -46.88860000   5.04363455
  1.88500000   1.88500000 -47.10270000   5.04775194
  1.91000000   1.91000000 -47.31410000   5.05186015
  1.93500000   1.93500000 -47.52290000   5.05596656
  1.96000000   1.96000000 -47.72910000   5.06006115
  1.98500000   1.98500000 -47.93280000   5.06415196
  2.01000000   2.01000000 -48.13390000   5.06821180
  2.03500000   2.03500000 -48.33270000   5.07228488
  2.06000000   2.06000000 -48.52910000   5.07634456
  2.08500000   2.08500000 -48.72310000   5.08038219
  2.11000000   2.11000000 -48.91490000   5.08442516
  2.13500000   2.13500000 -49.10440000   5.08844743
  2.16000000   2.16000000 -49.29170000   5.09245902
  2.18500000   2.18500000 -49.47690000   5.09647020
  2.21000000   2.21000000 -49.66000000   5.10047352
  2.23500000   2.23500000 -49.84100000   5.10446171
  2.26000000   2.26000000 -50.02000000   5.10844573
  2.28500000   2.28500000 -50.19700000   5.11241869
  2.31000000   2.31000000 -50.37200000   5.11637383
  2.33500000   2.33500000 -50.54510000   5.12032276
  2.36000000   2.36000000 -50.71630000   5.12425910
  2.38500000   2.38500000 -50.88570000   5.12819486
  2.41000000   2.41000000 -51.05330000   5.13212400
  2.43500000   2.43500000 -51.21910000   5.13604061
  2.46000000   2.46000000 -51.38310000   5.13993888
  2.48500000   2.48500000 -51.54540000   5.14383151
  2.51000000   2.51000000 -51.70600000   5.14771302
  2.53500000   2.53500000 -51.86500000   5.15159650
  2.56000000   2.56000000 -52.02230000   5.15545821
  2.58500000   2.58500000 -52.17810000   5.15933010
  2.61000000   2.61000000 -52.33220000   5.16317001
  2.63500000   2.63500000 -52.48480000   5.16701021
  2.66000000   2.66000000 -52.63590000   5.17084596
  2.68500000   2.68500000 -52.78550000   5.17467258
  2.71000000   2.71000000 -52.93350000   5.17846669
  2.73500000   2.73500000 -53.08020000   5.18228014
  2.76000000   2.76000000 -53.22540000   5.18607095
  2.78500000   2.78500000 -53.36920000   5.18985365
  2.81000000   2.81000000 -53.51160000   5.19362403
  2.83500000   2.83500000 -53.65270000   5.19739693
  2.86000000   2.86000000 -53.79240000   5.20114935
  2.88500000   2.88500000 -53.93080000   5.20489634
  2.91000000   2.91000000 -54.06790000   5.20863403
  2.93500000   2.93500000 -54.20380000   5.21237780
  2.96000000   2.96000000 -54.33830000   5.21608559
  2.98500000   2.98500000 -54.47160000   5.21979209
  3.01000000   3.01000000 -54.60370000   5.22349376
  3.03500000   3.03500000 -54.73460000   5.22718713
  3.06000000   3.06000000 -54.86440000   5.23088815
  3.08500000   3.08500000 -54.99290000   5.23455467
  3.11000000   3.11000000 -55.12030000   5.23822218
  3.13500000   3.13500000 -55.24660000   5.24188749
  3.16000000   3.16000000 -55.37170000   5.24552789
  3.18500000   3.18500000 -55.49570000   5.24915975
  3.21000000   3.21000000 -55.61870000   5.25279967
  3.23500000   3.23500000 -55.74060000   5.25642504
  3.26000000   3.26000000 -55.86140000   5.26003284
  3.28500000   3.28500000 -55.98120000   5.26363993
  3.31000000   3.31000000 -56.09990000   5.26722364
  3.33500000   3.33500000 -56.21770000   5.27082087
  3.36000000   3.36000000 -56.33440000   5.27438911
  3.38500000   3.38500000 -56.45020000   5.27796551
  3.41000000   3.41000000 -56.56500000   5.28152748
  3.43500000   3.43500000 -56.67880000   5.28507236
  3.46000000   3.46000000 -56.79170000   5.28861765
  3.48500000   3.48500000 -56.90370000   5.29216090
  3.51000000   3.51000000 -57.01470000   5.29567943
  3.53500000   3.53500000 -57.12480000   5.29919096
  3.56000000   3.56000000 -57.23400000   5.30269309
  3.58500000   3.58500000 -57.34240000   5.30620385
  3.61000000   3.61000000 -57.44990000   5.30970059
  3.63500000   3.63500000 -57.55650000   5.31318098
  3.66000000   3.66000000 -57.66220000   5.31664272
  3.68500000   3.68500000 -57.76710000   5.32010409
  3.71000000   3.71000000 -57.87120000   5.32356299
  3.73500000   3.73500000 -57.97450000   5.32701729
  3.76000000   3.76000000 -58.07700000   5.33046492
  3.78500000   3.78500000 -58.17860000   5.33388303
  3.81000000   3.81000000 -58.27950000   5.33731107
  3.83500000   3.83500000 -58.37960000   5.34072629
  3.86000000   3.86000000 -58.47890000   5.34412667
  3.88500000   3.88500000 -58.57750000   5.34753118
  3.91000000   3.91000000 -58.67530000   5.35091695
  3.93500000   3.93500000 -58.77240000   5.35430311
  3.96000000   3.96000000 -58.86870000   5.35766670
  3.98500000   3.98500000 -58.96430000   5.36102697
  4.01000000   4.01000000 -59.05920000   5.36438213
  4.03500000   4.03500000 -59.15340000   5.36773043
  4.06000000   4.06000000 -59.24690000   5.37107011
  4.08500000   4.08500000 -59.33970000   5.37439943
  4.11000000   4.11000000 -59.43190000   5.37773810
  4.13500000   4.13500000 -59.52330000   5.38104159
  4.16000000   4.16000000 -59.61410000   5.38435111
  4.18500000   4.18500000 -59.70420000   5.38764354
  4.21000000   4.21000000 -59.79370000   5.39093884
  4.23500000   4.23500000 -59.88260000   5.39423549
  4.26000000   4.26000000 -59.97080000   5.39751025
  4.28500000   4.28500000 -60.05830000   5.40076147
  4.31000000   4.31000000 -60.14530000   5.40403119
  4.33500000   4.33500000 -60.23160000   5.40727432
  4.36000000   4.36000000 -60.31730000   5.41051117
  4.38500000   4.38500000 -60.40250000   5.41376229
  4.41000000   4.41000000 -60.48700000   5.41698228
  4.43500000   4.43500000 -60.57090000   5.42019167
  4.46000000   4.46000000 -60.65430000   5.42341117
  4.48500000   4.48500000 -60.73710000   5.42661732
  4.51000000   4.51000000 -60.81930000   5.42980871
  4.53500000   4.53500000 -60.90100000   5.43300624
  4.56000000   4.56000000 -60.98210000   5.43618631
  4.58500000   4.58500000 -61.06260000   5.43934753
  4.61000000   4.61000000 -61.14260000   5.44251100
  4.63500000   4.63500000 -61.22210000   5.44567550
  4.66000000   4.66000000 -61.30100000   5.44881724
  4.68500000   4.68500000 -61.37950000   5.45198012
  4.71000000   4.71000000 -61.45730000   5.45509507
  4.73500000   4.73500000 -61.53470000   5.45822879
  4.76000000   4.76000000 -61.61160000   5.46135746
  4.78500000   4.78500000 -61.68790000   5.46445706
  4.81000000   4.81000000 -61.76380000   5.46757207
  4.83500000   4.83500000 -61.83910000   5.47065559
  4.86000000   4.86000000 -61.91400000   5.47375229
  4.88500000   4.88500000 -61.98840000   5.47683814
  4.91000000   4.91000000 -62.06230000   5.47991200
  4.93500000   4.93500000 -62.13570000   5.48297272
  4.96000000   4.96000000 -62.20870000   5.48604238
  4.98500000   4.98500000 -62.28120000   5.48909676
