#E_tot          E_tot-Eth     Phase(s) scatt. length
  0.01000000   0.01000000  -4.02670000   3.92574204
  0.03500000   0.03500000  -7.52060000   3.93531351
  0.06000000   0.06000000  -9.83020000   3.94488355
  0.08500000   0.08500000 -11.68080000   3.95453635
  0.11000000   0.11000000 -13.26580000   3.96417403
  0.13500000   0.13500000 -14.67180000   3.97387054
  0.16000000   0.16000000 -15.94630000   3.98361337
  0.18500000   0.18500000 -17.11870000   3.99337929
  0.21000000   0.21000000 -18.20890000   4.00319416
  0.23500000   0.23500000 -19.23100000   4.01306442
  0.26000000   0.26000000 -20.19530000   4.02296191
  0.28500000   0.28500000 -21.10990000   4.03291311
  0.31000000   0.31000000 -21.98090000   4.04288153
  0.33500000   0.33500000 -22.81360000   4.05292054
  0.36000000   0.36000000 -23.61190000   4.06298493
  0.38500000   0.38500000 -24.37930000   4.07309012
  0.41000000   0.41000000 -25.11870000   4.08323952
  0.43500000   0.43500000 -25.83260000   4.09344152
  0.46000000   0.46000000 -26.52300000   4.10367603
  0.48500000   0.48500000 -27.19180000   4.11395595
  0.51000000   0.51000000 -27.84060000   4.12428123
  0.53500000   0.53500000 -28.47080000   4.13465034
  0.56000000   0.56000000 -29.08360000   4.14505511
  0.58500000   0.58500000 -29.68020000   4.15551059
  0.61000000   0.61000000 -30.26160000   4.16601722
  0.63500000   0.63500000 -30.82860000   4.17655878
  0.66000000   0.66000000 -31.38210000   4.18715019
  0.68500000   0.68500000 -31.92270000   4.19776916
  0.71000000   0.71000000 -32.45130000   4.20845326
  0.73500000   0.73500000 -32.96840000   4.21918390
  0.76000000   0.76000000 -33.47450000   4.22995111
  0.78500000   0.78500000 -33.97020000   4.24076827
  0.81000000   0.81000000 -34.45590000   4.25162309
  0.83500000   0.83500000 -34.93210000   4.26252498
  0.86000000   0.86000000 -35.39930000   4.27348833
  0.88500000   0.88500000 -35.85770000   4.28448465
  0.91000000   0.91000000 -36.30780000   4.29553703
  0.93500000   0.93500000 -36.74980000   4.30662500
  0.96000000   0.96000000 -37.18410000   4.31776294
  0.98500000   0.98500000 -37.61100000   4.32895254
  1.01000000   1.01000000 -38.03070000   4.34018268
  1.03500000   1.03500000 -38.44350000   4.35146045
  1.06000000   1.06000000 -38.84970000   4.36279522
  1.08500000   1.08500000 -39.24940000   4.37416737
  1.11000000   1.11000000 -39.64290000   4.38559040
  1.13500000   1.13500000 -40.03040000   4.39706409
  1.16000000   1.16000000 -40.41200000   4.40857429
  1.18500000   1.18500000 -40.78810000   4.42015520
  1.21000000   1.21000000 -41.15860000   4.43176450
  1.23500000   1.23500000 -41.52380000   4.44342360
  1.26000000   1.26000000 -41.88390000   4.45513960
  1.28500000   1.28500000 -42.23900000   4.46690512
  1.31000000   1.31000000 -42.58920000   4.47871389
  1.33500000   1.33500000 -42.93470000   4.49057630
  1.36000000   1.36000000 -43.27560000   4.50248805
  1.38500000   1.38500000 -43.61200000   4.51444571
  1.41000000   1.41000000 -43.94400000   4.52644668
  1.43500000   1.43500000 -44.27180000   4.53850496
  1.46000000   1.46000000 -44.59540000   4.55060367
  1.48500000   1.48500000 -44.91500000   4.56275834
  1.51000000   1.51000000 -45.23060000   4.57495339
  1.53500000   1.53500000 -45.54240000   4.58720572
  1.56000000   1.56000000 -45.85050000   4.59951698
  1.58500000   1.58500000 -46.15480000   4.61185717
  1.61000000   1.61000000 -46.45560000   4.62426113
  1.63500000   1.63500000 -46.75280000   4.63669979
  1.66000000   1.66000000 -47.04660000   4.64919298
  1.68500000   1.68500000 -47.33710000   4.66174495
  1.71000000   1.71000000 -47.62430000   4.67434406
  1.73500000   1.73500000 -47.90820000   4.68697893
  1.76000000   1.76000000 -48.18900000   4.69967143
  1.78500000   1.78500000 -48.46670000   4.71241099
  1.81000000   1.81000000 -48.74130000   4.72518726
  1.83500000   1.83500000 -49.01300000   4.73802345
  1.86000000   1.86000000 -49.28180000   4.75090997
  1.88500000   1.88500000 -49.54770000   4.76383737
  1.91000000   1.91000000 -49.81080000   4.77681327
  1.93500000   1.93500000 -50.07110000   4.78982874
  1.96000000   1.96000000 -50.32870000   4.80289201
  1.98500000   1.98500000 -50.58370000   4.81601174
  2.01000000   2.01000000 -50.83600000   4.82916259
  2.03500000   2.03500000 -51.08580000   4.84237086
  2.06000000   2.06000000 -51.33300000   4.85561148
  2.08500000   2.08500000 -51.57780000   4.86891149
  2.11000000   2.11000000 -51.82010000   4.88224607
  2.13500000   2.13500000 -52.06000000   4.89562536
  2.16000000   2.16000000 -52.29750000   4.90904220
  2.18500000   2.18500000 -52.53270000   4.92250731
  2.21000000   2.21000000 -52.76550000   4.93599601
  2.23500000   2.23500000 -52.99610000   4.94953726
  2.26000000   2.26000000 -53.22450000   4.96312463
  2.28500000   2.28500000 -53.45060000   4.97673360
  2.31000000   2.31000000 -53.67460000   4.99039405
  2.33500000   2.33500000 -53.89640000   5.00408161
  2.36000000   2.36000000 -54.11610000   5.01780844
  2.38500000   2.38500000 -54.33370000   5.03156857
  2.41000000   2.41000000 -54.54920000   5.04535605
  2.43500000   2.43500000 -54.76270000   5.05918367
  2.46000000   2.46000000 -54.97410000   5.07302698
  2.48500000   2.48500000 -55.18360000   5.08691794
  2.51000000   2.51000000 -55.39100000   5.10081317
  2.53500000   2.53500000 -55.59650000   5.11474506
  2.56000000   2.56000000 -55.80010000   5.12870832
  2.58500000   2.58500000 -56.00170000   5.14267831
  2.61000000   2.61000000 -56.20140000   5.15666890
  2.63500000   2.63500000 -56.39920000   5.17067479
  2.66000000   2.66000000 -56.59510000   5.18469069
  2.68500000   2.68500000 -56.78910000   5.19871129
  2.71000000   2.71000000 -56.98130000   5.21275119
  2.73500000   2.73500000 -57.17170000   5.22680539
  2.76000000   2.76000000 -57.36020000   5.24084874
  2.78500000   2.78500000 -57.54690000   5.25489612
  2.81000000   2.81000000 -57.73170000   5.26892211
  2.83500000   2.83500000 -57.91480000   5.28296228
  2.86000000   2.86000000 -58.09600000   5.29697069
  2.88500000   2.88500000 -58.27550000   5.31098330
  2.91000000   2.91000000 -58.45310000   5.32495365
  2.93500000   2.93500000 -58.62890000   5.33889719
  2.96000000   2.96000000 -58.80300000   5.35282981
  2.98500000   2.98500000 -58.97520000   5.36670423
  3.01000000   3.01000000 -59.14560000   5.38053616
  3.03500000   3.03500000 -59.31420000   5.39432032
  3.06000000   3.06000000 -59.48090000   5.40802981
  3.08500000   3.08500000 -59.64580000   5.42168061
  3.11000000   3.11000000 -59.80890000   5.43526734
  3.13500000   3.13500000 -59.97010000   5.44876263
  3.16000000   3.16000000 -60.12940000   5.46216064
  3.18500000   3.18500000 -60.28680000   5.47545551
  3.21000000   3.21000000 -60.44220000   5.48861902
  3.23500000   3.23500000 -60.59570000   5.50166731
  3.26000000   3.26000000 -60.74710000   5.51454925
  3.28500000   3.28500000 -60.89650000   5.52728080
  3.31000000   3.31000000 -61.04380000   5.53983273
  3.33500000   3.33500000 -61.18890000   5.55217528
  3.36000000   3.36000000 -61.33180000   5.56430125
  3.38500000   3.38500000 -61.47240000   5.57618023
  3.41000000   3.41000000 -61.61070000   5.58780461
  3.43500000   3.43500000 -61.74640000   5.59909650
  3.46000000   3.46000000 -61.87960000   5.61007079
  3.48500000   3.48500000 -62.01000000   5.62064816
  3.51000000   3.51000000 -62.13760000   5.63081933
  3.53500000   3.53500000 -62.26210000   5.64050339
  3.56000000   3.56000000 -62.38330000   5.64964221
  3.58500000   3.58500000 -62.50100000   5.65817695
  3.61000000   3.61000000 -62.61490000   5.66602395
  3.63500000   3.63500000 -62.72450000   5.67305000
  3.66000000   3.66000000 -62.82940000   5.67914485
  3.68500000   3.68500000 -62.92890000   5.68412396
  3.71000000   3.71000000 -63.02220000   5.68777686
  3.73500000   3.73500000 -63.10830000   5.68984274
  3.76000000   3.76000000 -63.18550000   5.68988754
  3.78500000   3.78500000 -63.25140000   5.68730402
  3.81000000   3.81000000 -63.30230000   5.68116596
  3.83500000   3.83500000 -63.33130000   5.66976594
  3.86000000   3.86000000 -63.32340000   5.64943322
  3.88500000   3.88500000 -63.24030000   5.61092631
  3.91000000   3.91000000 -63.23440000   5.59152753
  3.93500000   3.93500000 -63.04550000   5.52833202
  3.96000000   3.96000000 -63.20400000   5.54879146
  3.98500000   3.98500000 -63.37190000   5.57187464
  4.01000000   4.01000000 -63.54280000   5.59607754
  4.03500000   4.03500000 -63.71490000   5.62098083
  4.06000000   4.06000000 -63.88750000   5.64642440
  4.08500000   4.08500000 -64.06020000   5.67231772
  4.11000000   4.11000000 -64.23260000   5.69856683
  4.13500000   4.13500000 -64.40470000   5.72517677
  4.16000000   4.16000000 -64.57620000   5.75207501
  4.18500000   4.18500000 -64.74720000   5.77929074
  4.21000000   4.21000000 -64.91760000   5.80680143
  4.23500000   4.23500000 -65.08720000   5.83455697
  4.26000000   4.26000000 -65.25620000   5.86261288
  4.28500000   4.28500000 -65.42440000   5.89091807
  4.31000000   4.31000000 -65.59190000   5.91950174
  4.33500000   4.33500000 -65.75860000   5.94833872
  4.36000000   4.36000000 -65.92450000   5.97743080
  4.38500000   4.38500000 -66.08960000   6.00677977
  4.41000000   4.41000000 -66.25400000   6.03641600
  4.43500000   4.43500000 -66.41750000   6.06628443
  4.46000000   4.46000000 -66.58030000   6.09644437
  4.48500000   4.48500000 -66.74220000   6.12683959
  4.51000000   4.51000000 -66.90340000   6.15753061
  4.53500000   4.53500000 -67.06380000   6.18849013
  4.56000000   4.56000000 -67.22340000   6.21972002
  4.58500000   4.58500000 -67.38220000   6.25122217
  4.61000000   4.61000000 -67.54020000   6.28299848
  4.63500000   4.63500000 -67.69740000   6.31505085
  4.66000000   4.66000000 -67.85390000   6.34741291
  4.68500000   4.68500000 -68.00970000   6.38008762
  4.71000000   4.71000000 -68.16460000   6.41301311
  4.73500000   4.73500000 -68.31880000   6.44625582
  4.76000000   4.76000000 -68.47230000   6.47981877
  4.78500000   4.78500000 -68.62500000   6.51367152
  4.81000000   4.81000000 -68.77700000   6.54784991
  4.83500000   4.83500000 -68.92830000   6.58235706
  4.86000000   4.86000000 -69.07880000   6.61716148
  4.88500000   4.88500000 -69.22870000   6.65233522
  4.91000000   4.91000000 -69.37780000   6.68781185
  4.93500000   4.93500000 -69.52620000   6.72362922
  4.96000000   4.96000000 -69.67390000   6.75979059
  4.98500000   4.98500000 -69.82100000   6.79633592
