 10  8  9  3 00  0  0  0
nn_pot
  8
  8 30
                                                23.936634   23.936634   
                                                23.936634   6.394133    
                                                23.936634   1.699882    
                                                23.936634   0.402678    
                                                23.936634   0.086679    
                                                23.936634   0.026721    
                                                23.936634   0.025248    
                                                23.936634   0.005370    
   31.622777   19.638280   12.195705    7.573739    4.703420    2.920904
    1.813931    1.126482    0.699564    0.434441    0.269795    0.167547
    0.104050    0.064617    0.040128    0.024920    0.015476    0.009611
    0.005968    0.003707    0.002302    0.001429    0.000888    0.000551
    0.000342    0.000213    0.000132    0.000082    0.000051    0.000032
  1  1
          1.

  1  1
                      1.

  1  1
                                  1.

  1  1
                                              1.

  1  1
                                                          1.

  1  1
                                                                      1.

  1  1

          1.
  1  1

                      1.
  8
  8 30
                                                6.394133    23.936634   
                                                6.394133    6.394133    
                                                6.394133    1.699882    
                                                6.394133    0.402678    
                                                6.394133    0.086679    
                                                6.394133    0.026721    
                                                6.394133    0.025248    
                                                6.394133    0.005370    
   31.622777   19.638280   12.195705    7.573739    4.703420    2.920904
    1.813931    1.126482    0.699564    0.434441    0.269795    0.167547
    0.104050    0.064617    0.040128    0.024920    0.015476    0.009611
    0.005968    0.003707    0.002302    0.001429    0.000888    0.000551
    0.000342    0.000213    0.000132    0.000082    0.000051    0.000032
  1  1
          1.

  1  1
                      1.

  1  1
                                  1.

  1  1
                                              1.

  1  1
                                                          1.

  1  1
                                                                      1.

  1  1

          1.
  1  1

                      1.
  8
  8 30
                                                1.699882    23.936634   
                                                1.699882    6.394133    
                                                1.699882    1.699882    
                                                1.699882    0.402678    
                                                1.699882    0.086679    
                                                1.699882    0.026721    
                                                1.699882    0.025248    
                                                1.699882    0.005370    
   31.622777   19.638280   12.195705    7.573739    4.703420    2.920904
    1.813931    1.126482    0.699564    0.434441    0.269795    0.167547
    0.104050    0.064617    0.040128    0.024920    0.015476    0.009611
    0.005968    0.003707    0.002302    0.001429    0.000888    0.000551
    0.000342    0.000213    0.000132    0.000082    0.000051    0.000032
  1  1
          1.

  1  1
                      1.

  1  1
                                  1.

  1  1
                                              1.

  1  1
                                                          1.

  1  1
                                                                      1.

  1  1

          1.
  1  1

                      1.
  8
  8 30
                                                0.402678    23.936634   
                                                0.402678    6.394133    
                                                0.402678    1.699882    
                                                0.402678    0.402678    
                                                0.402678    0.086679    
                                                0.402678    0.026721    
                                                0.402678    0.025248    
                                                0.402678    0.005370    
   31.622777   19.638280   12.195705    7.573739    4.703420    2.920904
    1.813931    1.126482    0.699564    0.434441    0.269795    0.167547
    0.104050    0.064617    0.040128    0.024920    0.015476    0.009611
    0.005968    0.003707    0.002302    0.001429    0.000888    0.000551
    0.000342    0.000213    0.000132    0.000082    0.000051    0.000032
  1  1
          1.

  1  1
                      1.

  1  1
                                  1.

  1  1
                                              1.

  1  1
                                                          1.

  1  1
                                                                      1.

  1  1

          1.
  1  1

                      1.
  8
  8 30
                                                0.086679    23.936634   
                                                0.086679    6.394133    
                                                0.086679    1.699882    
                                                0.086679    0.402678    
                                                0.086679    0.086679    
                                                0.086679    0.026721    
                                                0.086679    0.025248    
                                                0.086679    0.005370    
   31.622777   19.638280   12.195705    7.573739    4.703420    2.920904
    1.813931    1.126482    0.699564    0.434441    0.269795    0.167547
    0.104050    0.064617    0.040128    0.024920    0.015476    0.009611
    0.005968    0.003707    0.002302    0.001429    0.000888    0.000551
    0.000342    0.000213    0.000132    0.000082    0.000051    0.000032
  1  1
          1.

  1  1
                      1.

  1  1
                                  1.

  1  1
                                              1.

  1  1
                                                          1.

  1  1
                                                                      1.

  1  1

          1.
  1  1

                      1.
  8
  8 30
                                                0.026721    23.936634   
                                                0.026721    6.394133    
                                                0.026721    1.699882    
                                                0.026721    0.402678    
                                                0.026721    0.086679    
                                                0.026721    0.026721    
                                                0.026721    0.025248    
                                                0.026721    0.005370    
   31.622777   19.638280   12.195705    7.573739    4.703420    2.920904
    1.813931    1.126482    0.699564    0.434441    0.269795    0.167547
    0.104050    0.064617    0.040128    0.024920    0.015476    0.009611
    0.005968    0.003707    0.002302    0.001429    0.000888    0.000551
    0.000342    0.000213    0.000132    0.000082    0.000051    0.000032
  1  1
          1.

  1  1
                      1.

  1  1
                                  1.

  1  1
                                              1.

  1  1
                                                          1.

  1  1
                                                                      1.

  1  1

          1.
  1  1

                      1.
  8
  8 30
                                                0.025248    23.936634   
                                                0.025248    6.394133    
                                                0.025248    1.699882    
                                                0.025248    0.402678    
                                                0.025248    0.086679    
                                                0.025248    0.026721    
                                                0.025248    0.025248    
                                                0.025248    0.005370    
   31.622777   19.638280   12.195705    7.573739    4.703420    2.920904
    1.813931    1.126482    0.699564    0.434441    0.269795    0.167547
    0.104050    0.064617    0.040128    0.024920    0.015476    0.009611
    0.005968    0.003707    0.002302    0.001429    0.000888    0.000551
    0.000342    0.000213    0.000132    0.000082    0.000051    0.000032
  1  1
          1.

  1  1
                      1.

  1  1
                                  1.

  1  1
                                              1.

  1  1
                                                          1.

  1  1
                                                                      1.

  1  1

          1.
  1  1

                      1.
  8
  8 30
                                                0.005370    23.936634   
                                                0.005370    6.394133    
                                                0.005370    1.699882    
                                                0.005370    0.402678    
                                                0.005370    0.086679    
                                                0.005370    0.026721    
                                                0.005370    0.025248    
                                                0.005370    0.005370    
   31.622777   19.638280   12.195705    7.573739    4.703420    2.920904
    1.813931    1.126482    0.699564    0.434441    0.269795    0.167547
    0.104050    0.064617    0.040128    0.024920    0.015476    0.009611
    0.005968    0.003707    0.002302    0.001429    0.000888    0.000551
    0.000342    0.000213    0.000132    0.000082    0.000051    0.000032
  1  1
          1.

  1  1
                      1.

  1  1
                                  1.

  1  1
                                              1.

  1  1
                                                          1.

  1  1
                                                                      1.

  1  1

          1.
  1  1

                      1.
  8
  8 30
                                                23.936634   23.936634   
                                                23.936634   6.394133    
                                                23.936634   1.699882    
                                                23.936634   0.402678    
                                                23.936634   0.086679    
                                                23.936634   0.026721    
                                                23.936634   0.025248    
                                                23.936634   0.005370    
   31.622777   19.638280   12.195705    7.573739    4.703420    2.920904
    1.813931    1.126482    0.699564    0.434441    0.269795    0.167547
    0.104050    0.064617    0.040128    0.024920    0.015476    0.009611
    0.005968    0.003707    0.002302    0.001429    0.000888    0.000551
    0.000342    0.000213    0.000132    0.000082    0.000051    0.000032
  1  1
          1.

  1  1
                      1.

  1  1
                                  1.

  1  1
                                              1.

  1  1
                                                          1.

  1  1
                                                                      1.

  1  1

          1.
  1  1

                      1.
  8
  8 30
                                                6.394133    6.394133    
                                                6.394133    1.699882    
                                                6.394133    0.402678    
                                                6.394133    0.086679    
                                                6.394133    0.026721    
                                                6.394133    0.025248    
                                                6.394133    0.005370    
                                                1.699882    1.699882    
   31.622777   19.638280   12.195705    7.573739    4.703420    2.920904
    1.813931    1.126482    0.699564    0.434441    0.269795    0.167547
    0.104050    0.064617    0.040128    0.024920    0.015476    0.009611
    0.005968    0.003707    0.002302    0.001429    0.000888    0.000551
    0.000342    0.000213    0.000132    0.000082    0.000051    0.000032
  1  1
          1.

  1  1
                      1.

  1  1
                                  1.

  1  1
                                              1.

  1  1
                                                          1.

  1  1
                                                                      1.

  1  1

          1.
  1  1

                      1.
  8
  8 30
                                                1.699882    0.402678    
                                                1.699882    0.086679    
                                                1.699882    0.026721    
                                                1.699882    0.025248    
                                                1.699882    0.005370    
                                                0.402678    0.402678    
                                                0.402678    0.086679    
                                                0.402678    0.026721    
   31.622777   19.638280   12.195705    7.573739    4.703420    2.920904
    1.813931    1.126482    0.699564    0.434441    0.269795    0.167547
    0.104050    0.064617    0.040128    0.024920    0.015476    0.009611
    0.005968    0.003707    0.002302    0.001429    0.000888    0.000551
    0.000342    0.000213    0.000132    0.000082    0.000051    0.000032
  1  1
          1.

  1  1
                      1.

  1  1
                                  1.

  1  1
                                              1.

  1  1
                                                          1.

  1  1
                                                                      1.

  1  1

          1.
  1  1

                      1.
  8
  8 30
                                                0.402678    0.025248    
                                                0.402678    0.005370    
                                                0.086679    0.086679    
                                                0.086679    0.026721    
                                                0.086679    0.025248    
                                                0.086679    0.005370    
                                                0.026721    0.026721    
                                                0.026721    0.025248    
   31.622777   19.638280   12.195705    7.573739    4.703420    2.920904
    1.813931    1.126482    0.699564    0.434441    0.269795    0.167547
    0.104050    0.064617    0.040128    0.024920    0.015476    0.009611
    0.005968    0.003707    0.002302    0.001429    0.000888    0.000551
    0.000342    0.000213    0.000132    0.000082    0.000051    0.000032
  1  1
          1.

  1  1
                      1.

  1  1
                                  1.

  1  1
                                              1.

  1  1
                                                          1.

  1  1
                                                                      1.

  1  1

          1.
  1  1

                      1.
  4
  4 30
                                                0.026721    0.005370    
                                                0.025248    0.025248    
                                                0.025248    0.005370    
                                                0.005370    0.005370    
   31.622777   19.638280   12.195705    7.573739    4.703420    2.920904
    1.813931    1.126482    0.699564    0.434441    0.269795    0.167547
    0.104050    0.064617    0.040128    0.024920    0.015476    0.009611
    0.005968    0.003707    0.002302    0.001429    0.000888    0.000551
    0.000342    0.000213    0.000132    0.000082    0.000051    0.000032
  1  1
          1.
  1  1
                      1.
  1  1
                                  1.
  1  1
                                              1.
  8
  8 30
                                                23.936634   23.936634   
                                                23.936634   6.394133    
                                                23.936634   1.699882    
                                                23.936634   0.402678    
                                                23.936634   0.086679    
                                                23.936634   0.026721    
                                                23.936634   0.025248    
                                                23.936634   0.005370    
   31.622777   19.638280   12.195705    7.573739    4.703420    2.920904
    1.813931    1.126482    0.699564    0.434441    0.269795    0.167547
    0.104050    0.064617    0.040128    0.024920    0.015476    0.009611
    0.005968    0.003707    0.002302    0.001429    0.000888    0.000551
    0.000342    0.000213    0.000132    0.000082    0.000051    0.000032
  1  1
          1.

  1  1
                      1.

  1  1
                                  1.

  1  1
                                              1.

  1  1
                                                          1.

  1  1
                                                                      1.

  1  1

          1.
  1  1

                      1.
  8
  8 30
                                                6.394133    6.394133    
                                                6.394133    1.699882    
                                                6.394133    0.402678    
                                                6.394133    0.086679    
                                                6.394133    0.026721    
                                                6.394133    0.025248    
                                                6.394133    0.005370    
                                                1.699882    1.699882    
   31.622777   19.638280   12.195705    7.573739    4.703420    2.920904
    1.813931    1.126482    0.699564    0.434441    0.269795    0.167547
    0.104050    0.064617    0.040128    0.024920    0.015476    0.009611
    0.005968    0.003707    0.002302    0.001429    0.000888    0.000551
    0.000342    0.000213    0.000132    0.000082    0.000051    0.000032
  1  1
          1.

  1  1
                      1.

  1  1
                                  1.

  1  1
                                              1.

  1  1
                                                          1.

  1  1
                                                                      1.

  1  1

          1.
  1  1

                      1.
  8
  8 30
                                                1.699882    0.402678    
                                                1.699882    0.086679    
                                                1.699882    0.026721    
                                                1.699882    0.025248    
                                                1.699882    0.005370    
                                                0.402678    0.402678    
                                                0.402678    0.086679    
                                                0.402678    0.026721    
   31.622777   19.638280   12.195705    7.573739    4.703420    2.920904
    1.813931    1.126482    0.699564    0.434441    0.269795    0.167547
    0.104050    0.064617    0.040128    0.024920    0.015476    0.009611
    0.005968    0.003707    0.002302    0.001429    0.000888    0.000551
    0.000342    0.000213    0.000132    0.000082    0.000051    0.000032
  1  1
          1.

  1  1
                      1.

  1  1
                                  1.

  1  1
                                              1.

  1  1
                                                          1.

  1  1
                                                                      1.

  1  1

          1.
  1  1

                      1.
  8
  8 30
                                                0.402678    0.025248    
                                                0.402678    0.005370    
                                                0.086679    0.086679    
                                                0.086679    0.026721    
                                                0.086679    0.025248    
                                                0.086679    0.005370    
                                                0.026721    0.026721    
                                                0.026721    0.025248    
   31.622777   19.638280   12.195705    7.573739    4.703420    2.920904
    1.813931    1.126482    0.699564    0.434441    0.269795    0.167547
    0.104050    0.064617    0.040128    0.024920    0.015476    0.009611
    0.005968    0.003707    0.002302    0.001429    0.000888    0.000551
    0.000342    0.000213    0.000132    0.000082    0.000051    0.000032
  1  1
          1.

  1  1
                      1.

  1  1
                                  1.

  1  1
                                              1.

  1  1
                                                          1.

  1  1
                                                                      1.

  1  1

          1.
  1  1

                      1.
  4
  4 30
                                                0.026721    0.005370    
                                                0.025248    0.025248    
                                                0.025248    0.005370    
                                                0.005370    0.005370    
   31.622777   19.638280   12.195705    7.573739    4.703420    2.920904
    1.813931    1.126482    0.699564    0.434441    0.269795    0.167547
    0.104050    0.064617    0.040128    0.024920    0.015476    0.009611
    0.005968    0.003707    0.002302    0.001429    0.000888    0.000551
    0.000342    0.000213    0.000132    0.000082    0.000051    0.000032
  1  1
          1.
  1  1
                      1.
  1  1
                                  1.
  1  1
                                              1.
  8
  8 30
                                                31.802641   5.448401    
                                                31.802641   1.008798    
                                                31.802641   0.248777    
                                                31.802641   0.056455    
                                                12.738194   5.448401    
                                                12.738194   1.008798    
                                                12.738194   0.248777    
                                                12.738194   0.056455    
   31.622777   19.638280   12.195705    7.573739    4.703420    2.920904
    1.813931    1.126482    0.699564    0.434441    0.269795    0.167547
    0.104050    0.064617    0.040128    0.024920    0.015476    0.009611
    0.005968    0.003707    0.002302    0.001429    0.000888    0.000551
    0.000342    0.000213    0.000132    0.000082    0.000051    0.000032
  1  1
          1.

  1  1
                      1.

  1  1
                                  1.

  1  1
                                              1.

  1  1
                                                          1.

  1  1
                                                                      1.

  1  1

          1.
  1  1

                      1.
  8
  8 30
                                                5.494136    5.448401    
                                                5.494136    1.008798    
                                                5.494136    0.248777    
                                                5.494136    0.056455    
                                                2.330715    5.448401    
                                                2.330715    1.008798    
                                                2.330715    0.248777    
                                                2.330715    0.056455    
   31.622777   19.638280   12.195705    7.573739    4.703420    2.920904
    1.813931    1.126482    0.699564    0.434441    0.269795    0.167547
    0.104050    0.064617    0.040128    0.024920    0.015476    0.009611
    0.005968    0.003707    0.002302    0.001429    0.000888    0.000551
    0.000342    0.000213    0.000132    0.000082    0.000051    0.000032
  1  1
          1.

  1  1
                      1.

  1  1
                                  1.

  1  1
                                              1.

  1  1
                                                          1.

  1  1
                                                                      1.

  1  1

          1.
  1  1

                      1.
  8
  8 30
                                                1.357833    5.448401    
                                                1.357833    1.008798    
                                                1.357833    0.248777    
                                                1.357833    0.056455    
                                                0.817800    5.448401    
                                                0.817800    1.008798    
                                                0.817800    0.248777    
                                                0.817800    0.056455    
   31.622777   19.638280   12.195705    7.573739    4.703420    2.920904
    1.813931    1.126482    0.699564    0.434441    0.269795    0.167547
    0.104050    0.064617    0.040128    0.024920    0.015476    0.009611
    0.005968    0.003707    0.002302    0.001429    0.000888    0.000551
    0.000342    0.000213    0.000132    0.000082    0.000051    0.000032
  1  1
          1.

  1  1
                      1.

  1  1
                                  1.

  1  1
                                              1.

  1  1
                                                          1.

  1  1
                                                                      1.

  1  1

          1.
  1  1

                      1.
  8
  8 30
                                                0.370834    5.448401    
                                                0.370834    1.008798    
                                                0.370834    0.248777    
                                                0.370834    0.056455    
                                                0.026671    5.448401    
                                                0.026671    1.008798    
                                                0.026671    0.248777    
                                                0.026671    0.056455    
   31.622777   19.638280   12.195705    7.573739    4.703420    2.920904
    1.813931    1.126482    0.699564    0.434441    0.269795    0.167547
    0.104050    0.064617    0.040128    0.024920    0.015476    0.009611
    0.005968    0.003707    0.002302    0.001429    0.000888    0.000551
    0.000342    0.000213    0.000132    0.000082    0.000051    0.000032
  1  1
          1.

  1  1
                      1.

  1  1
                                  1.

  1  1
                                              1.

  1  1
                                                          1.

  1  1
                                                                      1.

  1  1

          1.
  1  1

                      1.
  8
  8 30
                                                31.976559   15.016276   
                                                31.976559   1.463735    
                                                31.976559   0.365040    
                                                31.976559   0.094677    
                                                11.367071   15.016276   
                                                11.367071   1.463735    
                                                11.367071   0.365040    
                                                11.367071   0.094677    
   31.622777   19.638280   12.195705    7.573739    4.703420    2.920904
    1.813931    1.126482    0.699564    0.434441    0.269795    0.167547
    0.104050    0.064617    0.040128    0.024920    0.015476    0.009611
    0.005968    0.003707    0.002302    0.001429    0.000888    0.000551
    0.000342    0.000213    0.000132    0.000082    0.000051    0.000032
  1  1
          1.

  1  1
                      1.

  1  1
                                  1.

  1  1
                                              1.

  1  1
                                                          1.

  1  1
                                                                      1.

  1  1

          1.
  1  1

                      1.
  8
  8 30
                                                6.436212    15.016276   
                                                6.436212    1.463735    
                                                6.436212    0.365040    
                                                6.436212    0.094677    
                                                5.001632    15.016276   
                                                5.001632    1.463735    
                                                5.001632    0.365040    
                                                5.001632    0.094677    
   31.622777   19.638280   12.195705    7.573739    4.703420    2.920904
    1.813931    1.126482    0.699564    0.434441    0.269795    0.167547
    0.104050    0.064617    0.040128    0.024920    0.015476    0.009611
    0.005968    0.003707    0.002302    0.001429    0.000888    0.000551
    0.000342    0.000213    0.000132    0.000082    0.000051    0.000032
  1  1
          1.

  1  1
                      1.

  1  1
                                  1.

  1  1
                                              1.

  1  1
                                                          1.

  1  1
                                                                      1.

  1  1

          1.
  1  1

                      1.
  8
  8 30
                                                1.816336    15.016276   
                                                1.816336    1.463735    
                                                1.816336    0.365040    
                                                1.816336    0.094677    
                                                1.054528    15.016276   
                                                1.054528    1.463735    
                                                1.054528    0.365040    
                                                1.054528    0.094677    
   31.622777   19.638280   12.195705    7.573739    4.703420    2.920904
    1.813931    1.126482    0.699564    0.434441    0.269795    0.167547
    0.104050    0.064617    0.040128    0.024920    0.015476    0.009611
    0.005968    0.003707    0.002302    0.001429    0.000888    0.000551
    0.000342    0.000213    0.000132    0.000082    0.000051    0.000032
  1  1
          1.

  1  1
                      1.

  1  1
                                  1.

  1  1
                                              1.

  1  1
                                                          1.

  1  1
                                                                      1.

  1  1

          1.
  1  1

                      1.
  8
  8 30
                                                0.867056    15.016276   
                                                0.867056    1.463735    
                                                0.867056    0.365040    
                                                0.867056    0.094677    
                                                0.123976    15.016276   
                                                0.123976    1.463735    
                                                0.123976    0.365040    
                                                0.123976    0.094677    
   31.622777   19.638280   12.195705    7.573739    4.703420    2.920904
    1.813931    1.126482    0.699564    0.434441    0.269795    0.167547
    0.104050    0.064617    0.040128    0.024920    0.015476    0.009611
    0.005968    0.003707    0.002302    0.001429    0.000888    0.000551
    0.000342    0.000213    0.000132    0.000082    0.000051    0.000032
  1  1
          1.

  1  1
                      1.

  1  1
                                  1.

  1  1
                                              1.

  1  1
                                                          1.

  1  1
                                                                      1.

  1  1

          1.
  1  1

                      1.
  8
  8 30
                                                31.802641   5.448401    
                                                31.802641   1.008798    
                                                31.802641   0.248777    
                                                31.802641   0.056455    
                                                12.738194   5.448401    
                                                12.738194   1.008798    
                                                12.738194   0.248777    
                                                12.738194   0.056455    
   31.622777   19.638280   12.195705    7.573739    4.703420    2.920904
    1.813931    1.126482    0.699564    0.434441    0.269795    0.167547
    0.104050    0.064617    0.040128    0.024920    0.015476    0.009611
    0.005968    0.003707    0.002302    0.001429    0.000888    0.000551
    0.000342    0.000213    0.000132    0.000082    0.000051    0.000032
  1  1
          1.

  1  1
                      1.

  1  1
                                  1.

  1  1
                                              1.

  1  1
                                                          1.

  1  1
                                                                      1.

  1  1

          1.
  1  1

                      1.
  8
  8 30
                                                5.494136    5.448401    
                                                5.494136    1.008798    
                                                5.494136    0.248777    
                                                5.494136    0.056455    
                                                2.330715    5.448401    
                                                2.330715    1.008798    
                                                2.330715    0.248777    
                                                2.330715    0.056455    
   31.622777   19.638280   12.195705    7.573739    4.703420    2.920904
    1.813931    1.126482    0.699564    0.434441    0.269795    0.167547
    0.104050    0.064617    0.040128    0.024920    0.015476    0.009611
    0.005968    0.003707    0.002302    0.001429    0.000888    0.000551
    0.000342    0.000213    0.000132    0.000082    0.000051    0.000032
  1  1
          1.

  1  1
                      1.

  1  1
                                  1.

  1  1
                                              1.

  1  1
                                                          1.

  1  1
                                                                      1.

  1  1

          1.
  1  1

                      1.
  8
  8 30
                                                1.357833    5.448401    
                                                1.357833    1.008798    
                                                1.357833    0.248777    
                                                1.357833    0.056455    
                                                0.817800    5.448401    
                                                0.817800    1.008798    
                                                0.817800    0.248777    
                                                0.817800    0.056455    
   31.622777   19.638280   12.195705    7.573739    4.703420    2.920904
    1.813931    1.126482    0.699564    0.434441    0.269795    0.167547
    0.104050    0.064617    0.040128    0.024920    0.015476    0.009611
    0.005968    0.003707    0.002302    0.001429    0.000888    0.000551
    0.000342    0.000213    0.000132    0.000082    0.000051    0.000032
  1  1
          1.

  1  1
                      1.

  1  1
                                  1.

  1  1
                                              1.

  1  1
                                                          1.

  1  1
                                                                      1.

  1  1

          1.
  1  1

                      1.
  8
  8 30
                                                0.370834    5.448401    
                                                0.370834    1.008798    
                                                0.370834    0.248777    
                                                0.370834    0.056455    
                                                0.026671    5.448401    
                                                0.026671    1.008798    
                                                0.026671    0.248777    
                                                0.026671    0.056455    
   31.622777   19.638280   12.195705    7.573739    4.703420    2.920904
    1.813931    1.126482    0.699564    0.434441    0.269795    0.167547
    0.104050    0.064617    0.040128    0.024920    0.015476    0.009611
    0.005968    0.003707    0.002302    0.001429    0.000888    0.000551
    0.000342    0.000213    0.000132    0.000082    0.000051    0.000032
  1  1
          1.

  1  1
                      1.

  1  1
                                  1.

  1  1
                                              1.

  1  1
                                                          1.

  1  1
                                                                      1.

  1  1

          1.
  1  1

                      1.
  8
  8 30
                                                31.976559   15.016276   
                                                31.976559   1.463735    
                                                31.976559   0.365040    
                                                31.976559   0.094677    
                                                11.367071   15.016276   
                                                11.367071   1.463735    
                                                11.367071   0.365040    
                                                11.367071   0.094677    
   31.622777   19.638280   12.195705    7.573739    4.703420    2.920904
    1.813931    1.126482    0.699564    0.434441    0.269795    0.167547
    0.104050    0.064617    0.040128    0.024920    0.015476    0.009611
    0.005968    0.003707    0.002302    0.001429    0.000888    0.000551
    0.000342    0.000213    0.000132    0.000082    0.000051    0.000032
  1  1
          1.

  1  1
                      1.

  1  1
                                  1.

  1  1
                                              1.

  1  1
                                                          1.

  1  1
                                                                      1.

  1  1

          1.
  1  1

                      1.
  8
  8 30
                                                6.436212    15.016276   
                                                6.436212    1.463735    
                                                6.436212    0.365040    
                                                6.436212    0.094677    
                                                5.001632    15.016276   
                                                5.001632    1.463735    
                                                5.001632    0.365040    
                                                5.001632    0.094677    
   31.622777   19.638280   12.195705    7.573739    4.703420    2.920904
    1.813931    1.126482    0.699564    0.434441    0.269795    0.167547
    0.104050    0.064617    0.040128    0.024920    0.015476    0.009611
    0.005968    0.003707    0.002302    0.001429    0.000888    0.000551
    0.000342    0.000213    0.000132    0.000082    0.000051    0.000032
  1  1
          1.

  1  1
                      1.

  1  1
                                  1.

  1  1
                                              1.

  1  1
                                                          1.

  1  1
                                                                      1.

  1  1

          1.
  1  1

                      1.
  8
  8 30
                                                1.816336    15.016276   
                                                1.816336    1.463735    
                                                1.816336    0.365040    
                                                1.816336    0.094677    
                                                1.054528    15.016276   
                                                1.054528    1.463735    
                                                1.054528    0.365040    
                                                1.054528    0.094677    
   31.622777   19.638280   12.195705    7.573739    4.703420    2.920904
    1.813931    1.126482    0.699564    0.434441    0.269795    0.167547
    0.104050    0.064617    0.040128    0.024920    0.015476    0.009611
    0.005968    0.003707    0.002302    0.001429    0.000888    0.000551
    0.000342    0.000213    0.000132    0.000082    0.000051    0.000032
  1  1
          1.

  1  1
                      1.

  1  1
                                  1.

  1  1
                                              1.

  1  1
                                                          1.

  1  1
                                                                      1.

  1  1

          1.
  1  1

                      1.
  8
  8 30
                                                0.867056    15.016276   
                                                0.867056    1.463735    
                                                0.867056    0.365040    
                                                0.867056    0.094677    
                                                0.123976    15.016276   
                                                0.123976    1.463735    
                                                0.123976    0.365040    
                                                0.123976    0.094677    
   31.622777   19.638280   12.195705    7.573739    4.703420    2.920904
    1.813931    1.126482    0.699564    0.434441    0.269795    0.167547
    0.104050    0.064617    0.040128    0.024920    0.015476    0.009611
    0.005968    0.003707    0.002302    0.001429    0.000888    0.000551
    0.000342    0.000213    0.000132    0.000082    0.000051    0.000032
  1  1
          1.

  1  1
                      1.

  1  1
                                  1.

  1  1
                                              1.

  1  1
                                                          1.

  1  1
                                                                      1.

  1  1

          1.
  1  1

                      1.
