 10  8  9  3 00  0  0  0  0
nnn_pot
  6                                                            Z1  BVs 1 - 6
  6  8
                                    13.208669   
                                    11.393009   
                                    7.551884    
                                    1.838963    
                                    0.653699    
                                    0.458799    
   11.463110   10.945159    9.573064    7.614429    6.464369    4.460920
    0.987327    0.008508
  1  1
          1.
  1  1
                      1.
  1  1
                                  1.
  1  1
                                              1.
  1  1
                                                          1.
  1  1
                                                                      1.
  6                                                            Z2  BVs 7 - 12
  6  8
                                    10.475492   
                                    1.421050    
                                    0.223179    
                                    0.072021    
                                    0.012544    
                                    0.012519    
   10.325972    7.065571    3.367454    1.665062    0.404918    0.087363
    0.073974    0.001810
  1  1
          1.
  1  1
                      1.
  1  1
                                  1.
  1  1
                                              1.
  1  1
                                                          1.
  1  1
                                                                      1.
  6                                                            Z3  BVs 13 - 18
  6  8
                                    17.239960   
                                    16.975384   
                                    13.058715   
                                    9.488548    
                                    0.370596    
                                    0.135633    
   19.918177   11.527920   10.956925    3.766104    2.660782    0.122214
    0.066015    0.008546
  1  1
          1.
  1  1
                      1.
  1  1
                                  1.
  1  1
                                              1.
  1  1
                                                          1.
  1  1
                                                                      1.
  6                                                            Z4  BVs 19 - 24
  6  8
                                    11.781870   
                                    11.460162   
                                    4.753492    
                                    2.494502    
                                    0.067245    
                                    0.010840    
   11.876282    9.856122    8.708804    6.835744    5.270288    0.490974
    0.017159    0.016908
  1  1
          1.
  1  1
                      1.
  1  1
                                  1.
  1  1
                                              1.
  1  1
                                                          1.
  1  1
                                                                      1.
eob-tni/dist_3_dist_3
elu-tni/000_000
eob-tni/dist_3_dist_3
elu-tni/000_000
eob-tni/dist_3_dist_3
elu-tni/000_000
eob-tni/dist_3_dist_3
elu-tni/000_000
eob-tni/dist_3_dist_3
elu-tni/000_000
eob-tni/dist_3_dist_3
elu-tni/000_000
eob-tni/dist_3_dist_3
elu-tni/000_000
eob-tni/dist_3_dist_3
elu-tni/000_000
eob-tni/dist_3_dist_3
elu-tni/000_000
eob-tni/dist_3_dist_3
elu-tni/000_000
