 10  8  9  3 00  0  0  0  0
nnn_pot
  8                                                            Z1  BVs 1 - 8
  8  6
                                    9.639793    
                                    8.589484    
                                    4.601439    
                                    0.940767    
                                    0.858870    
                                    0.771759    
                                    0.574935    
                                    0.130700    
    9.763486    2.681140    1.198020    0.304830    0.153695    0.001110
  1  1
          1.

  1  1
                      1.

  1  1
                                  1.

  1  1
                                              1.

  1  1
                                                          1.

  1  1
                                                                      1.

  1  1

          1.
  1  1

                      1.
  8                                                            Z2  BVs 9 - 16
  8  6
                                    11.362567   
                                    3.958186    
                                    3.912981    
                                    2.986883    
                                    1.268478    
                                    0.178543    
                                    0.011127    
                                    0.008476    
  496.103180   10.484045    0.500454    0.243256    0.243225    0.009544
  1  1
          1.

  1  1
                      1.

  1  1
                                  1.

  1  1
                                              1.

  1  1
                                                          1.

  1  1
                                                                      1.

  1  1

          1.
  1  1

                      1.
eob-tni/t_no1_t_no1
elu-tni/000_000
eob-tni/t_no6_t_no1
elu-tni/000_000
eob-tni/t_no6_t_no6
elu-tni/000_000
