 11  2 12 31  1  0 +0  0  0 -1  0 +0
  1  1  1  1  0  0  0  0  0  0  0  0  0  0  1  1
   0.0000000   1.0000000   0.0000000   0.0000000   0.0000000   0.0000000   0.0000000
   0.0000000   0.0000000   0.0000000   0.0000000   0.0000000   0.0000000   0.0000000
   0.0000000   0.0000000   0.0000000   0.0000000   0.0000000   0.0000000   0.0000000
   0.0000000   0.0000000   0.0000000   0.0000000   0.0000000   0.0000000   0.0000000
   0.0000000   0.0000000
   1  69   1  -1   0
   1   1
  0  1  0  1  0  1  0  1  0  1  0  1  0  1  0  1  0  1  0  1
   1   2
  1  0  1  0  1  0  1  0  1  0  1  0  1  0  1  0  1  0  1  0
   1   3
  0  1  0  1  0  1  0  1  0  1  0  1  0  1  0  1  0  1  0  1
   1   4
  1  0  1  0  1  0  1  0  1  0  1  0  1  0  1  0  1  0  1  0
   1   5
  0  1  0  1  0  1  0  1  0  1  0  1  0  1  0  1  0  1  0  1
   1   6
  1  0  1  0  1  0  1  0  1  0  1  0  1  0  1  0  1  0  1  0
   1   7
  0  1  0  1  0  1  0  1  0  1  0  1  0  1  0  1  0  1  0  1
   1   8
  1  0  1  0  1  0  1  0  1  0  1  0  1  0  1  0  1  0  1  0
   1   9
  0  1  0  1  0  1  0  1  0  1  0  1  0  1  0  1  0  1  0  1
   1  10
  1  0  1  0  1  0  1  0  1  0  1  0  1  0  1  0  1  0  1  0
   1  11
  0  1  0  1  0  1  0  1  0  1  0  1  0  1  0  1  0  1  0  1
   1  12
  1  0  1  0  1  0  1  0  1  0  1  0  1  0  1  0  1  0  1  0
   1  13
  0  1  0  1  0  1  0  1  0  1  0  1  0  1  0  1  0  1  0  1
   1  14
  1  0  1  0  1  0  1  0  1  0  1  0  1  0  1  0  1  0  1  0
   1  15
  0  1  0  1  0  1  0  1  0  1  0  1  0  1  0  1  0  1  0  1
   1  16
  1  0  1  0  1  0  1  0  1  0  1  0  1  0  1  0  1  0  1  0
   1  17
  0  1  0  1  0  1  0  1  0  1  0  1  0  1  0  1  0  1  0  1
   1  18
  1  0  1  0  1  0  1  0  1  0  1  0  1  0  1  0  1  0  1  0
   1  19
  0  1  0  1  0  1  0  1  0  1  0  1  0  1  0  1  0  1  0  1
   1  20
  1  0  1  0  1  0  1  0  1  0  1  0  1  0  1  0  1  0  1  0
   1  21
  0  1  0  1  0  1  0  1  0  1  0  1  0  1  0  1  0  1  0  1
   1  22
  1  0  1  0  1  0  1  0  1  0  1  0  1  0  1  0  1  0  1  0
   1  23
  0  1  0  1  0  1  0  1  0  1  0  1  0  1  0  1  0  1  0  1
   1  24
  1  0  1  0  1  0  1  0  1  0  1  0  1  0  1  0  1  0  1  0
   1  25
  0  1  0  1  0  1  0  1  0  1  0  1  0  1  0  1  0  1  0  1
   1  26
  1  0  1  0  1  0  1  0  1  0  1  0  1  0  1  0  1  0  1  0
   1  27
  0  1  0  1  0  1  0  1  0  1  0  1  0  1  0  1  0  1  0  1
   1  28
  1  0  1  0  1  0  1  0  1  0  1  0  1  0  1  0  1  0  1  0
   1  29
  0  1  0  1  0  1  0  1  0  1  0  1  0  1  0  1  0  1  0  1
   1  30
  1  0  1  0  1  0  1  0  1  0  1  0  1  0  1  0  1  0  1  0
   1  31
  0  1  0  1  0  1  0  1  0  1  0  1  0  1  0  1  0  1  0  1
   1  32
  1  0  1  0  1  0  1  0  1  0  1  0  1  0  1  0  1  0  1  0
   1  33
  0  1  0  1  0  1  0  1  0  1  0  1  0  1  0  1  0  1  0  1
   1  34
  1  0  1  0  1  0  1  0  1  0  1  0  1  0  1  0  1  0  1  0
   1  35
  0  1  0  1  0  1  0  1  0  1  0  1  0  1  0  1  0  1  0  1
   1  36
  1  0  1  0  1  0  1  0  1  0  1  0  1  0  1  0  1  0  1  0
   1  37
  0  1  0  1  0  1  0  1  0  1  0  1  0  1  0  1  0  1  0  1
   1  38
  1  0  1  0  1  0  1  0  1  0  1  0  1  0  1  0  1  0  1  0
   1  39
  0  1  0  1  0  1  0  1  0  1  0  1  0  1  0  1  0  1  0  1
   1  40
  1  0  1  0  1  0  1  0  1  0  1  0  1  0  1  0  1  0  1  0
   1  41
  0  1  0  1  0  1  0  1  0  1  0  1  0  1  0  1  0  1  0  1
   1  42
  1  0  1  0  1  0  1  0  1  0  1  0  1  0  1  0  1  0  1  0
   1  43
  0  1  0  1  0  1  0  1  0  1  0  1  0  1  0  1  0  1  0  1
   1  44
  1  0  1  0  1  0  1  0  1  0  1  0  1  0  1  0  1  0  1  0
   1  45
  0  1  0  1  0  1  0  1  0  1  0  1  0  1  0  1  0  1  0  1
   1  46
  1  0  1  0  1  0  1  0  1  0  1  0  1  0  1  0  1  0  1  0
   1  47
  0  1  0  1  0  1  0  1  0  1  0  1  0  1  0  1  0  1  0  1
   1  48
  1  0  1  0  1  0  1  0  1  0  1  0  1  0  1  0  1  0  1  0
   1  49
  0  1  0  1  0  1  0  1  0  1  0  1  0  1  0  1  0  1  0  1
   1  50
  1  0  1  0  1  0  1  0  1  0  1  0  1  0  1  0  1  0  1  0
   1  51
  0  1  0  1  0  1  0  1  0  1  0  1  0  1  0  1  0  1  0  1
   1  52
  1  0  1  0  1  0  1  0  1  0  1  0  1  0  1  0  1  0  1  0
   1  53
  0  1  0  1  0  1  0  1  0  1  0  1  0  1  0  1  0  1  0  1
   1  54
  1  0  1  0  1  0  1  0  1  0  1  0  1  0  1  0  1  0  1  0
   1  55
  0  1  0  1  0  1  0  1  0  1  0  1  0  1  0  1  0  1  0  1
   1  56
  1  0  1  0  1  0  1  0  1  0  1  0  1  0  1  0  1  0  1  0
   1  57
  0  1  0  1  0  1  0  1  0  1  0  1  0  1  0  1  0  1  0  1
   1  58
  1  0  1  0  1  0  1  0  1  0  1  0  1  0  1  0  1  0  1  0
   1  59
  0  1  0  1  0  1  0  1  0  1  0  1  0  1  0  1  0  1  0  1
   1  60
  1  0  1  0  1  0  1  0  1  0  1  0  1  0  1  0  1  0  1  0
   1  61
  0  1  0  1  0  1  0  1  0  1  0  1  0  1  0  1  0  1  0  1
   1  62
  1  0  1  0  1  0  1  0  1  0  1  0  1  0  1  0  1  0  1  0
   1  63
  0  1  0  1  0  1  0  1  0  1  0  1  0  1  0  1  0  1  0  1
   1  64
  1  0  1  0  1  0  1  0  1  0  1  0  1  0  1  0  1  0  1  0
   1  65
  0  1  0  1  0  1  0  1  0  1  0  1  0  1  0  1  0  1  0  1
   1  66
  1  0  1  0  1  0  1  0  1  0  1  0  1  0  1  0  1  0  1  0
   1  67
  0  1  0  1  0  1  0  1  0  1  0  1  0  1  0  1  0  1  0  1
   1  68
  1  0  1  0  1  0  1  0  1  0  1  0  1  0  1  0  1  0  1  0
   1  69
  0  1  0  1  0  1  0  1  0  1  0  1  0  1  0  1  0  1  0  1
