 10  8  9  3 00  0  0  0  0
nnn_pot
  8
  8 20
                                                            6.104118    
1.848796    1.420759    
                                                            6.104118    
1.848796    0.160987    
                                                            6.104118    
1.848796    3.509611    
                                                            8.350393    
0.325112    0.449973    
                                                            8.350393    
0.325112    1.420759    
                                                            8.350393    
0.325112    0.160987    
                                                            8.350393    
0.325112    3.509611    
                                                            1.154339    
3.333448    0.497722    
  129.566500   51.346700   29.472870   13.423390    8.214456    4.447413
    2.939000    1.690174    1.185236    0.843000    0.500110    0.257369
    0.138520    0.071429    0.038519    0.018573    0.009726    0.005619
    0.002765    0.001010
  1  1
          1.

  1  1
                      1.

  1  1
                                  1.

  1  1
                                              1.

  1  1
                                                          1.

  1  1
                                                                      1.

  1  1

          1.
  1  1

                      1.
  8
  8 20
                                                            1.154339    
3.333448    0.250524    
                                                            1.154339    
3.333448    0.202806    
                                                            1.154339    
3.333448    7.464945    
                                                            6.889427    
9.667493    1.554312    
                                                            6.889427    
9.667493    0.497722    
                                                            6.889427    
9.667493    0.250524    
                                                            6.889427    
9.667493    0.202806    
                                                            6.889427    
9.667493    7.464945    
  129.566500   51.346700   29.472870   13.423390    8.214456    4.447413
    2.939000    1.690174    1.185236    0.843000    0.500110    0.257369
    0.138520    0.071429    0.038519    0.018573    0.009726    0.005619
    0.002765    0.001010
  1  1
          1.

  1  1
                      1.

  1  1
                                  1.

  1  1
                                              1.

  1  1
                                                          1.

  1  1
                                                                      1.

  1  1

          1.
  1  1

                      1.
  2
  2 20
                                                            0.379495    
0.232556    0.202806    
                                                            0.379495    
0.232556    7.464945    
  129.566500   51.346700   29.472870   13.423390    8.214456    4.447413
    2.939000    1.690174    1.185236    0.843000    0.500110    0.257369
    0.138520    0.071429    0.038519    0.018573    0.009726    0.005619
    0.002765    0.001010
  1  1
          1.
  1  1
                      1.
  8
  8 20
                                                            2.568468    
0.101681    0.142028    
                                                            2.568468    
0.101681    0.016691    
                                                            5.478191    
0.187344    0.949175    
                                                            5.478191    
0.187344    0.142028    
                                                            5.478191    
0.187344    0.016691    
                                                            10.450956   
0.518530    0.949175    
                                                            10.450956   
0.518530    0.142028    
                                                            3.228672    
0.276570    0.949175    
  129.566500   51.346700   29.472870   13.423390    8.214456    4.447413
    2.939000    1.690174    1.185236    0.843000    0.500110    0.257369
    0.138520    0.071429    0.038519    0.018573    0.009726    0.005619
    0.002765    0.001010
  1  1
          1.

  1  1
                      1.

  1  1
                                  1.

  1  1
                                              1.

  1  1
                                                          1.

  1  1
                                                                      1.

  1  1

          1.
  1  1

                      1.
  7
  7 20
                                                            3.228672    
0.276570    0.142028    
                                                            3.228672    
0.276570    0.016691    
                                                            10.650039   
2.431874    0.578880    
                                                            10.650039   
2.431874    0.594468    
                                                            10.650039   
2.431874    0.382058    
                                                            10.650039   
2.431874    15.835477   
                                                            10.650039   
2.431874    13.644039   
  129.566500   51.346700   29.472870   13.423390    8.214456    4.447413
    2.939000    1.690174    1.185236    0.843000    0.500110    0.257369
    0.138520    0.071429    0.038519    0.018573    0.009726    0.005619
    0.002765    0.001010
  1  1
          1.

  1  1
                      1.

  1  1
                                  1.

  1  1
                                              1.

  1  1
                                                          1.

  1  1
                                                                      1.

  1  1

          1.
  8
  8 20
                                                            5.105217    
0.465950    0.356707    
                                                            5.105217    
0.465950    0.175143    
                                                            5.105217    
0.465950    0.079186    
                                                            2.520938    
1.147968    2.109731    
                                                            2.027783    
0.521002    0.191078    
                                                            2.027783    
0.521002    1.538106    
                                                            2.027783    
0.521002    2.109731    
                                                            8.859802    
1.182805    0.805212    
  129.566500   51.346700   29.472870   13.423390    8.214456    4.447413
    2.939000    1.690174    1.185236    0.843000    0.500110    0.257369
    0.138520    0.071429    0.038519    0.018573    0.009726    0.005619
    0.002765    0.001010
  1  1
          1.

  1  1
                      1.

  1  1
                                  1.

  1  1
                                              1.

  1  1
                                                          1.

  1  1
                                                                      1.

  1  1

          1.
  1  1

                      1.
  5
  5 20
                                                            8.859802    
1.182805    0.191078    
                                                            8.859802    
1.182805    1.538106    
                                                            8.859802    
1.182805    2.109731    
                                                            0.357436    
10.316451   2.109731    
                                                            10.488282   
7.541756    2.109731    
  129.566500   51.346700   29.472870   13.423390    8.214456    4.447413
    2.939000    1.690174    1.185236    0.843000    0.500110    0.257369
    0.138520    0.071429    0.038519    0.018573    0.009726    0.005619
    0.002765    0.001010
  1  1
          1.
  1  1
                      1.
  1  1
                                  1.
  1  1
                                              1.
  1  1
                                                          1.
  8
  8 20
                                                            6.765154    
6.626329    0.166845    
                                                            6.765154    
6.626329    4.064654    
                                                            0.863636    
0.430014    0.626374    
                                                            0.863636    
0.430014    0.180910    
                                                            0.863636    
0.430014    0.166845    
                                                            0.863636    
0.430014    4.064654    
                                                            2.042018    
1.523573    4.064654    
                                                            0.097198    
1.976607    0.626374    
  129.566500   51.346700   29.472870   13.423390    8.214456    4.447413
    2.939000    1.690174    1.185236    0.843000    0.500110    0.257369
    0.138520    0.071429    0.038519    0.018573    0.009726    0.005619
    0.002765    0.001010
  1  1
          1.

  1  1
                      1.

  1  1
                                  1.

  1  1
                                              1.

  1  1
                                                          1.

  1  1
                                                                      1.

  1  1

          1.
  1  1

                      1.
  8
  8 20
                                                            0.097198    
1.976607    0.180910    
                                                            0.097198    
1.976607    0.166845    
                                                            0.097198    
1.976607    4.064654    
                                                            9.542636    
0.444070    0.626374    
                                                            9.542636    
0.444070    0.180910    
                                                            9.542636    
0.444070    0.166845    
                                                            9.542636    
0.444070    4.064654    
                                                            11.020660   
0.421330    0.193209    
  129.566500   51.346700   29.472870   13.423390    8.214456    4.447413
    2.939000    1.690174    1.185236    0.843000    0.500110    0.257369
    0.138520    0.071429    0.038519    0.018573    0.009726    0.005619
    0.002765    0.001010
  1  1
          1.

  1  1
                      1.

  1  1
                                  1.

  1  1
                                              1.

  1  1
                                                          1.

  1  1
                                                                      1.

  1  1

          1.
  1  1

                      1.
  8
  8 20
                                                            11.020660   
0.421330    0.110006    
                                                            11.020660   
0.421330    0.670774    
                                                            0.087736    
0.639761    0.670774    
                                                            2.012569    
0.085359    0.110006    
                                                            2.012569    
0.085359    0.670774    
                                                            7.116637    
0.512253    0.670774    
                                                            8.170708    
7.880175    0.193209    
                                                            8.170708    
7.880175    0.110006    
  129.566500   51.346700   29.472870   13.423390    8.214456    4.447413
    2.939000    1.690174    1.185236    0.843000    0.500110    0.257369
    0.138520    0.071429    0.038519    0.018573    0.009726    0.005619
    0.002765    0.001010
  1  1
          1.

  1  1
                      1.

  1  1
                                  1.

  1  1
                                              1.

  1  1
                                                          1.

  1  1
                                                                      1.

  1  1

          1.
  1  1

                      1.
eob-tni/tpn_1s0h_tpn_1s0h
elu-tni/000-0-0_000-0-0
eob-tni/tpn_1s0h_tpn_1s0h
elu-tni/000-0-0_000-0-0
eob-tni/tpn_1s0h_tpn_1s0h
elu-tni/000-0-0_000-0-0
eob-tni/tpn_1s0h_tpn_1s0h
elu-tni/000-0-0_000-0-0
eob-tni/tpn_1s0h_tpn_1s0h
elu-tni/000-0-0_000-0-0
eob-tni/tpn_1s0h_tpn_1s0h
elu-tni/000-0-0_000-0-0
eob-tni/tpn_6s0h_tpn_1s0h
elu-tni/000-0-0_000-0-0
eob-tni/tpn_6s0h_tpn_1s0h
elu-tni/000-0-0_000-0-0
eob-tni/tpn_6s0h_tpn_1s0h
elu-tni/000-0-0_000-0-0
eob-tni/tpn_6s0h_tpn_6s0h
elu-tni/000-0-0_000-0-0
eob-tni/tpn_6s0h_tpn_1s0h
elu-tni/000-0-0_000-0-0
eob-tni/tpn_6s0h_tpn_1s0h
elu-tni/000-0-0_000-0-0
eob-tni/tpn_6s0h_tpn_1s0h
elu-tni/000-0-0_000-0-0
eob-tni/tpn_6s0h_tpn_6s0h
elu-tni/000-0-0_000-0-0
eob-tni/tpn_6s0h_tpn_6s0h
elu-tni/000-0-0_000-0-0
eob-tni/henn_1s0h_tpn_1s0h
elu-tni/000-0-0_000-0-0
eob-tni/henn_1s0h_tpn_1s0h
elu-tni/000-0-0_000-0-0
eob-tni/henn_1s0h_tpn_1s0h
elu-tni/000-0-0_000-0-0
eob-tni/henn_1s0h_tpn_6s0h
elu-tni/000-0-0_000-0-0
eob-tni/henn_1s0h_tpn_6s0h
elu-tni/000-0-0_000-0-0
eob-tni/henn_1s0h_henn_1s0h
elu-tni/000-0-0_000-0-0
eob-tni/henn_1s0h_tpn_1s0h
elu-tni/000-0-0_000-0-0
eob-tni/henn_1s0h_tpn_1s0h
elu-tni/000-0-0_000-0-0
eob-tni/henn_1s0h_tpn_1s0h
elu-tni/000-0-0_000-0-0
eob-tni/henn_1s0h_tpn_6s0h
elu-tni/000-0-0_000-0-0
eob-tni/henn_1s0h_tpn_6s0h
elu-tni/000-0-0_000-0-0
eob-tni/henn_1s0h_henn_1s0h
elu-tni/000-0-0_000-0-0
eob-tni/henn_1s0h_henn_1s0h
elu-tni/000-0-0_000-0-0
eob-tni/henn_6s0h_tpn_1s0h
elu-tni/000-0-0_000-0-0
eob-tni/henn_6s0h_tpn_1s0h
elu-tni/000-0-0_000-0-0
eob-tni/henn_6s0h_tpn_1s0h
elu-tni/000-0-0_000-0-0
eob-tni/henn_6s0h_tpn_6s0h
elu-tni/000-0-0_000-0-0
eob-tni/henn_6s0h_tpn_6s0h
elu-tni/000-0-0_000-0-0
eob-tni/henn_6s0h_henn_1s0h
elu-tni/000-0-0_000-0-0
eob-tni/henn_6s0h_henn_1s0h
elu-tni/000-0-0_000-0-0
eob-tni/henn_6s0h_henn_6s0h
elu-tni/000-0-0_000-0-0
eob-tni/henn_6s0h_tpn_1s0h
elu-tni/000-0-0_000-0-0
eob-tni/henn_6s0h_tpn_1s0h
elu-tni/000-0-0_000-0-0
eob-tni/henn_6s0h_tpn_1s0h
elu-tni/000-0-0_000-0-0
eob-tni/henn_6s0h_tpn_6s0h
elu-tni/000-0-0_000-0-0
eob-tni/henn_6s0h_tpn_6s0h
elu-tni/000-0-0_000-0-0
eob-tni/henn_6s0h_henn_1s0h
elu-tni/000-0-0_000-0-0
eob-tni/henn_6s0h_henn_1s0h
elu-tni/000-0-0_000-0-0
eob-tni/henn_6s0h_henn_6s0h
elu-tni/000-0-0_000-0-0
eob-tni/henn_6s0h_henn_6s0h
elu-tni/000-0-0_000-0-0
eob-tni/henn_6s0h_tpn_1s0h
elu-tni/000-0-0_000-0-0
eob-tni/henn_6s0h_tpn_1s0h
elu-tni/000-0-0_000-0-0
eob-tni/henn_6s0h_tpn_1s0h
elu-tni/000-0-0_000-0-0
eob-tni/henn_6s0h_tpn_6s0h
elu-tni/000-0-0_000-0-0
eob-tni/henn_6s0h_tpn_6s0h
elu-tni/000-0-0_000-0-0
eob-tni/henn_6s0h_henn_1s0h
elu-tni/000-0-0_000-0-0
eob-tni/henn_6s0h_henn_1s0h
elu-tni/000-0-0_000-0-0
eob-tni/henn_6s0h_henn_6s0h
elu-tni/000-0-0_000-0-0
eob-tni/henn_6s0h_henn_6s0h
elu-tni/000-0-0_000-0-0
eob-tni/henn_6s0h_henn_6s0h
elu-tni/000-0-0_000-0-0
