 10  8  9  3 00  0  0  0  0
/home/johannesk/kette_repo/limit_cycles/src_python/../systems/2np1s/6.00/nnn_pot
  8                                                            Z1  BVs 1 - 8
  8  8
                                    15.906184   
                                    11.962378   
                                    7.242743    
                                    1.978123    
                                    1.343673    
                                    0.728363    
                                    0.061157    
                                    0.053322    
    5.811443    1.655991    1.653932    1.060396    0.559851    0.431366
    0.108390    0.014172
  1  1
          1.

  1  1
                      1.

  1  1
                                  1.

  1  1
                                              1.

  1  1
                                                          1.

  1  1
                                                                      1.

  1  1

          1.
  1  1

                      1.
  8                                                            Z2  BVs 9 - 16
  8  8
                                    17.401970   
                                    12.763605   
                                    7.748695    
                                    3.323130    
                                    1.702767    
                                    1.671793    
                                    0.308255    
                                    0.088680    
    8.141009    7.821546    2.714522    1.249598    0.468406    0.385116
    0.291238    0.097243
  1  1
          1.

  1  1
                      1.

  1  1
                                  1.

  1  1
                                              1.

  1  1
                                                          1.

  1  1
                                                                      1.

  1  1

          1.
  1  1

                      1.
eob-tni/he_no1_he_no1
elu-tni/000_000
eob-tni/he_no6_he_no1
elu-tni/000_000
eob-tni/he_no6_he_no6
elu-tni/000_000
