 10  8  9  3 00  0  0  0  0
nnn_pot
  7                                                            Z1  BVs 1 - 7
  7  6
                                    22.829327   
                                    3.678445    
                                    0.920576    
                                    0.535934    
                                    0.061728    
                                    0.004818    
                                    0.004605    
   23.780020    5.279586    3.723804    0.164235    0.075770    0.046603
  1  1
          1.

  1  1
                      1.

  1  1
                                  1.

  1  1
                                              1.

  1  1
                                                          1.

  1  1
                                                                      1.

  1  1

          1.
  7                                                            Z2  BVs 8 - 14
  7  6
                                    11.278365   
                                    3.629343    
                                    0.997557    
                                    0.287510    
                                    0.123986    
                                    0.003754    
                                    0.002983    
   21.686813    9.941079    0.278938    0.011648    0.000497    0.000128
  1  1
          1.

  1  1
                      1.

  1  1
                                  1.

  1  1
                                              1.

  1  1
                                                          1.

  1  1
                                                                      1.

  1  1

          1.
eob-tni/123_123
elu-tni/000_000
eob-tni/123_123
elu-tni/000_000
eob-tni/123_123
elu-tni/000_000
