 10  8  9  3 00  0  0  0  0
nn_pot
  8                                                            Z1  BVs 1 - 8
  8  8
                                    54.871212   
                                    30.901272   
                                    10.349883   
                                    8.489220    
                                    3.874662    
                                    1.963977    
                                    1.958573    
                                    0.400543    
    7.709987    4.032118    2.339985    1.538994    0.496808    0.106069
    0.104416    0.100217
  1  1
          1.

  1  1
                      1.

  1  1
                                  1.

  1  1
                                              1.

  1  1
                                                          1.

  1  1
                                                                      1.

  1  1

          1.
  1  1

                      1.
  8                                                            Z2  BVs 9 - 16
  8  8
                                    29.874723   
                                    10.692310   
                                    9.885478    
                                    4.367152    
                                    1.742183    
                                    1.374987    
                                    0.302924    
                                    0.061836    
   17.632780    9.312430    7.699022    1.327086    0.823431    0.307397
    0.213852    0.078323
  1  1
          1.

  1  1
                      1.

  1  1
                                  1.

  1  1
                                              1.

  1  1
                                                          1.

  1  1
                                                                      1.

  1  1

          1.
  1  1

                      1.
eob/t_no1_t_no1
elu/000_000
eob/t_no6_t_no1
elu/000_000
eob/t_no6_t_no6
elu/000_000
