 10  8  9  3 00  0  0  0  0
nnn_pot
  8                                                            Z1  BVs 1 - 8
  8 10
                                                11.089624   5.178940    
                                                5.175952    4.950927    
                                                4.074393    3.472579    
                                                1.928151    1.927747    
                                                0.963874    0.222835    
                                                0.124656    0.103433    
                                                0.103382    0.007564    
                                                0.005057    0.004379    
   31.737207   13.493600    1.832493    1.469587    1.363394    0.879695
    0.156035    0.114399    0.068045    0.019071
  1  1
          1.

  1  1
                      1.

  1  1
                                  1.

  1  1
                                              1.

  1  1
                                                          1.

  1  1
                                                                      1.

  1  1

          1.
  1  1

                      1.
  8                                                            Z2  BVs 9 - 16
  8 10
                                                437.404510  13.522980   
                                                9.918560    5.628612    
                                                4.195532    4.116737    
                                                0.414170    0.407958    
                                                0.253662    0.253661    
                                                0.162995    0.058027    
                                                0.045616    0.045616    
                                                0.021377    0.015131    
  310.763153   12.261031    1.248073    0.842698    0.561580    0.122205
    0.110287    0.056148    0.017494    0.005775
  1  1
          1.

  1  1
                      1.

  1  1
                                  1.

  1  1
                                              1.

  1  1
                                                          1.

  1  1
                                                                      1.

  1  1

          1.
  1  1

                      1.
  8                                                            Z3  BVs 17 - 24
  8 10
                                                31.374884   25.927652   
                                                18.469162   10.979920   
                                                10.674160   6.778874    
                                                5.570339    1.300272    
                                                0.495831    0.495765    
                                                0.042704    0.042312    
                                                0.013174    0.009057    
                                                0.004657    0.002486    
   39.721058    9.161425    5.108758    4.233560    0.662374    0.310065
    0.091402    0.042741    0.009489    0.007286
  1  1
          1.

  1  1
                      1.

  1  1
                                  1.

  1  1
                                              1.

  1  1
                                                          1.

  1  1
                                                                      1.

  1  1

          1.
  1  1

                      1.
  8                                                            Z4  BVs 25 - 32
  8 10
                                                134.386322  5.339521    
                                                5.338542    2.360973    
                                                2.360964    1.639001    
                                                0.863955    0.766176    
                                                0.610168    0.610108    
                                                0.138356    0.102346    
                                                0.099505    0.067207    
                                                0.033594    0.003047    
   10.172899    5.234047    2.248695    2.248541    0.310863    0.309152
    0.075702    0.070253    0.017754    0.007146
  1  1
          1.

  1  1
                      1.

  1  1
                                  1.

  1  1
                                              1.

  1  1
                                                          1.

  1  1
                                                                      1.

  1  1

          1.
  1  1

                      1.
eob-tni/np3s_np3s_12-34_np3s_np3s_12-34
elu-tni/000-0_000-0
eob-tni/np3s_np3s_12-34_np3s_np3s_12-34
elu-tni/000-0_000-0
eob-tni/np3s_np3s_12-34_np3s_np3s_12-34
elu-tni/000-0_000-0
eob-tni/tp_123-4_np3s_np3s_12-34
elu-tni/000-0_000-0
eob-tni/tp_123-4_np3s_np3s_12-34
elu-tni/000-0_000-0
eob-tni/tp_123-4_tp_123-4
elu-tni/000-0_000-0
eob-tni/tp_123-4_np3s_np3s_12-34
elu-tni/000-0_000-0
eob-tni/tp_123-4_np3s_np3s_12-34
elu-tni/000-0_000-0
eob-tni/tp_123-4_tp_123-4
elu-tni/000-0_000-0
eob-tni/tp_123-4_tp_123-4
elu-tni/000-0_000-0
