    7.413699     6.005463     4.428273     3.112308     2.221565     0.804135     0.300104
    7.118395     5.953635     4.267986     3.039628     1.759768     0.770668     0.176952
    6.993038     5.905330     4.147755     2.954079     1.672975     0.741118     0.134352
    6.777703     5.327947     3.487211     2.930492     1.609697     0.722920     0.031125
    6.370655     5.071434     3.472300     2.837876     1.543106     0.619036     0.010441
    8.209801     6.318067     4.568849     3.426019     2.616124     1.380952     0.556395
    7.601465     6.223794     4.491407     3.266698     2.602154     1.131689     0.532083
    7.558634     6.073602     4.465402     3.134424     2.534258     1.121827     0.343340
    9.116867     5.926052     3.401308     2.076040     0.781817     0.301291
    8.436845     5.499540     3.222471     2.026223     0.691532     0.253499
    7.923665     5.328747     3.121555     1.497606     0.635218     0.061324
    7.279733     4.987176     3.014858     1.366618     0.581642     0.018945
    9.724292     6.981608     4.956783     2.483545     1.025287     0.565849
    9.281652     6.395717     4.475606     2.406729     0.956693     0.553765
    9.223741     6.301994     4.383791     2.374180     0.954331     0.425605
    9.161900     6.253654     4.019529     2.250945     0.806614     0.327921