 10  2 12 14  1  1 +2  0  0 -1
  1  1  1  1  1  1  1  1  1  1
   1.0000000   1.0000000   1.0000000   1.0000000   1.0000000   1.0000000   1.0000000
   1.0000000   1.0000000   1.0000000   1.0000000   1.0000000   1.0000000
   0  12   0   0   0   1 
  28 
0.819841432       
0.858125506
0.362668475 
6.78756604 
-6.65064304  
0.465281771    
0.0501884601     
0.898197329      
0.379603978      
7.1045245   
-6.96120763         
0.487008999      
0.0525321068       
0.160431539    
3.00257602      
-2.9420062      
0.205823985       
0.0222015765
56.1950774        
-55.0614754       
3.85212387       
0.415516311       
53.9507412        
-3.77441643         
-0.407134258
0.264059753
0.0284832831
0.00307240086      
  2  2  0
  28   1   2   3   4   5   6   7   8   9  10  11  12  13  14  15  16  17  18  19
  20  21  22  23  24  25  26  27  28
   1   2   3   4   5   6   7   8   9  10  11  12  13  14  15  16  17  18  19  20
  21  22  23  24  25  26  27  28  
  1  1  1  1  1  1  1  1  1  1  1  1  1  1  1  1  1  1  1  1  1  1  1  1  1  1
  2  2  0 -1
   1   2
20
  0  1  0  1  0  0  0  0  
  2  2  0 
   1   3
18
  0  1  0  1  0  0  0  0
  2  2  0
   1   4
15
  0  1  0  1  0  0  0  0
  2  2  0
   1   5
8
  0  1  0  1  0  0  0  0
  2  2  0
   1   6
13
  0  1  0  1  0  0  0  0
  2  2  0
   1   7
26
  0  1  0  1  0  0  0  0
  2  2  0
   1   8
5
  0  1  0  1  0  0  0  0
  2  2  0
   1   9
22
  0  1  0  1  0  0  0  0
  2  2  0
   1  10
7 
  0  1  0  1  0  0  0  0
  2  2  0
   1  11
17
  0  1  0  1  0  0  0  0
  2  2  0
   1  12
15
  0  1  0  1  0  0  0  0
  2  2  0
28
  0  1  0  1  0  0  0  0
  2  2  0
   1  13
2
  0  1  0  1  0  0  0  0
  2  2  0
   1  14
18
  0  1  0  1  0  0  0  0
  2  2  0
   1  15
9
  0  1  0  1  0  0  0  0
  2  2  0
   1  16
23
  0  1  0  1  0  0  0  0
  2  2  0
   1  17
27
  0  1  0  1  0  0  0  0
  2  2  0
   1  18
4
  0  1  0  1  0  0  0  0
  2  2  0
   1  19
10
  0  1  0  1  0  0  0  0
  2  2  0
   1  20
16
  0  1  0  1  0  0  0  0
  2  2  0
   1  21
19
  0  1  0  1  0  0  0  0
  2  2  0
   1  22
24
  0  1  0  1  0  0  0  0
  2  2  0
   1  23
11 
  0  1  0  1  0  0  0  0
  2  2  0
   1  24
3 
  0  1  0  1  0  0  0  0
