  0  2  2  2 -0
  1  1  1  1  1  1  1  1  1  1  1  1  1  1  1
  4
  4  4
  4 24  1  2             dd S=0        z3
  1  1  1  1
  4  2  3  1
  4  2  1  3
  4  1  4  1
  4  1  2  3
  4  1  3  2
  4  1  1  4
  2  4  3  1
  2  4  1  3
  2  3  4  1
  2  3  2  3
  2  3  3  2
  2  3  1  4
  3  2  4  1
  3  2  2  3
  3  2  3  2
  3  2  1  4
  3  1  4  2
  3  1  2  4
  1  4  4  1
  1  4  2  3
  1  4  3  2
  1  4  1  4
  1  3  4  2
  1  3  2  4
  1 12
 -1 12
 -1 48
  1 48
 -1 48
  1 48
 -1 12
  1 12
  1 48
 -1 48
  1 48
 -1 48
 -1 48
  1 48
 -1 48
  1 48
  1 12
 -1 12
  1 48
 -1 48
  1 48
 -1 48
 -1 12
  1 12
  4 24  1  2             dd S=0        z3
  1  1  1  1
  4  2  3  1
  4  2  1  3
  4  1  4  1
  4  1  2  3
  4  1  3  2
  4  1  1  4
  2  4  3  1
  2  4  1  3
  2  3  4  1
  2  3  2  3
  2  3  3  2
  2  3  1  4
  3  2  4  1
  3  2  2  3
  3  2  3  2
  3  2  1  4
  3  1  4  2
  3  1  2  4
  1  4  4  1
  1  4  2  3
  1  4  3  2
  1  4  1  4
  1  3  4  2
  1  3  2  4
  1 12
 -1 12
 -1 48
  1 48
 -1 48
  1 48
 -1 12
  1 12
  1 48
 -1 48
  1 48
 -1 48
 -1 48
  1 48
 -1 48
  1 48
  1 12
 -1 12
  1 48
 -1 48
  1 48
 -1 48
 -1 12
  1 12
  4 24  1  2             dd S=0        z3
  1  1  1  1
  4  2  3  1
  4  2  1  3
  4  1  4  1
  4  1  2  3
  4  1  3  2
  4  1  1  4
  2  4  3  1
  2  4  1  3
  2  3  4  1
  2  3  2  3
  2  3  3  2
  2  3  1  4
  3  2  4  1
  3  2  2  3
  3  2  3  2
  3  2  1  4
  3  1  4  2
  3  1  2  4
  1  4  4  1
  1  4  2  3
  1  4  3  2
  1  4  1  4
  1  3  4  2
  1  3  2  4
  1 12
 -1 12
 -1 48
  1 48
 -1 48
  1 48
 -1 12
  1 12
  1 48
 -1 48
  1 48
 -1 48
 -1 48
  1 48
 -1 48
  1 48
  1 12
 -1 12
  1 48
 -1 48
  1 48
 -1 48
 -1 12
  1 12
  4 24  1  2             dd S=0        z3
  1  1  1  1
  4  2  3  1
  4  2  1  3
  4  1  4  1
  4  1  2  3
  4  1  3  2
  4  1  1  4
  2  4  3  1
  2  4  1  3
  2  3  4  1
  2  3  2  3
  2  3  3  2
  2  3  1  4
  3  2  4  1
  3  2  2  3
  3  2  3  2
  3  2  1  4
  3  1  4  2
  3  1  2  4
  1  4  4  1
  1  4  2  3
  1  4  3  2
  1  4  1  4
  1  3  4  2
  1  3  2  4
  1 12
 -1 12
 -1 48
  1 48
 -1 48
  1 48
 -1 12
  1 12
  1 48
 -1 48
  1 48
 -1 48
 -1 48
  1 48
 -1 48
  1 48
  1 12
 -1 12
  1 48
 -1 48
  1 48
 -1 48
 -1 12
  1 12