 10  8  9  3 00  0  0  0  0
/home/sourav/Variational_calculations/limit_cycles/systems/dd_scattering/nn_pot
  8
  8 20
                                                9.925247    9.925247
                                                9.925247    2.924199
                                                9.925247    1.909907
                                                9.925247    0.327144 
                                                9.925247    0.311826
                                                9.925247    0.165039
                                                9.925247    0.029822
                                                2.924199    2.924199
  129.566500   51.346700   29.472870   13.423390    8.214456    4.447413
    2.939000    1.690174    1.185236    0.843000    0.500110    0.257369
    0.138520    0.071429    0.038519    0.018573    0.009726    0.005619
    0.002765    0.001010                                  
  1  1
          1.

  1  1
                     1.
 
  1  1
                                  1.

  1  1
                                              1.

  1  1
                                                          1.

  1  1
                                                                      1.

  1  1

          1.
  1  1

                      1.
  8  
  8 20 
                                                2.924199    1.909907
                                                2.924199    0.327144
                                                2.924199    0.311826
                                                2.924199    0.165039 
                                                2.924199    0.029822
                                                1.909907    1.909907
                                                1.909907    0.327144
                                                1.909907    0.311826
  129.566500   51.346700   29.472870   13.423390    8.214456    4.447413
    2.939000    1.690174    1.185236    0.843000    0.500110    0.257369
    0.138520    0.071429    0.038519    0.018573    0.009726    0.005619
    0.002765    0.001010
  1  1
          1.

  1  1
                      1.

  1  1
                                  1.
  
  1  1
                                              1.
 
  1  1 
                                                          1.

  1  1
                                                                      1.

  1  1
 
          1.
  1  1

                      1.
  8 
  8 20
                                                1.909907    0.165039
                                                1.909907    0.029822
                                                0.327144    0.327144
                                                0.327144    0.311826
                                                0.327144    0.165039
                                                0.327144    0.029822
                                                0.311826    0.311826
                                                0.311826    0.165039
  129.566500   51.346700   29.472870   13.423390    8.214456    4.447413
    2.939000    1.690174    1.185236    0.843000    0.500110    0.257369
    0.138520    0.071429    0.038519    0.018573    0.009726    0.005619
    0.002765    0.001010
  1  1
          1.

  1  1
                      1.

  1  1
                                  1.

  1  1
                                              1.
  
  1  1
                                                          1.
  
  1  1
                                                                      1.

  1  1

          1.
  1  1
  
                      1.
  4 
  4 20
                                                0.311826    0.029822
                                                0.165039    0.165039
                                                0.165039    0.029822
                                                0.029822    0.029822
  129.566500   51.346700   29.472870   13.423390    8.214456    4.447413
    2.939000    1.690174    1.185236    0.843000    0.500110    0.257369
    0.138520    0.071429    0.038519    0.018573    0.009726    0.005619
    0.002765    0.001010
  1  1
          1.
  1  1
                      1.
  1  1
                                  1.
  1  1
                                              1.

                                                


