#E_tot          E_tot-Eth     Phase(s) scatt. length
  0.00657000   1.18500000  -3.31220000   3.98175625
  0.03157000   1.21000000  -7.04520000   3.87890572
  0.05657000   1.23500000  -9.13280000   3.76935968
  0.08157000   1.26000000 -10.94330000   3.77542730
  0.10657000   1.28500000 -12.65060000   3.83432571
  0.13157000   1.31000000 -14.10520000   3.86328943
  0.15657000   1.33500000 -15.34610000   3.86779090
  0.18157000   1.36000000 -16.42330000   3.85764935
  0.20657000   1.38500000 -17.37760000   3.83992707
  0.23157000   1.41000000 -18.25470000   3.82246417
  0.25657000   1.43500000 -19.10490000   3.81351242
  0.28157000   1.46000000 -19.96430000   3.81776651
  0.30657000   1.48500000 -20.83840000   3.83370902
  0.33157000   1.51000000 -21.70990000   3.85599747
  0.35657000   1.53500000 -22.55780000   3.87944073
  0.38157000   1.56000000 -23.36900000   3.90097200
  0.40657000   1.58500000 -24.13820000   3.91929411
  0.43157000   1.61000000 -24.86520000   3.93417130
  0.45657000   1.63500000 -25.55230000   3.94585526
  0.48157000   1.66000000 -26.20290000   3.95479518
  0.50657000   1.68500000 -26.82100000   3.96153574
  0.53157000   1.71000000 -27.41050000   3.96659225
  0.55657000   1.73500000 -27.97620000   3.97062081
  0.58157000   1.76000000 -28.52300000   3.97427862
  0.60657000   1.78500000 -29.05610000   3.97825864
  0.63157000   1.81000000 -29.58090000   3.98327372
  0.65657000   1.83500000 -30.10230000   3.98994626
  0.68157000   1.86000000 -30.62440000   3.99876757
  0.70657000   1.88500000 -31.14970000   4.00997934
  0.73157000   1.91000000 -31.67930000   4.02361531
  0.75657000   1.93500000 -32.21280000   4.03949181
  0.78157000   1.96000000 -32.74850000   4.05724257
  0.80657000   1.98500000 -33.28410000   4.07642797
  0.83157000   2.01000000 -33.81700000   4.09657879
  0.85657000   2.03500000 -34.34470000   4.11725449
  0.88157000   2.06000000 -34.86510000   4.13808574
  0.90657000   2.08500000 -35.37660000   4.15878652
  0.93157000   2.11000000 -35.87800000   4.17913643
  0.95657000   2.13500000 -36.36870000   4.19900974
  0.98157000   2.16000000 -36.84810000   4.21828235
  1.00657000   2.18500000 -37.31630000   4.23693864
  1.03157000   2.21000000 -37.77340000   4.25496375
  1.05657000   2.23500000 -38.21950000   4.27234351
  1.08157000   2.26000000 -38.65500000   4.28911044
  1.10657000   2.28500000 -39.08040000   4.30531310
  1.13157000   2.31000000 -39.49620000   4.32100079
  1.15657000   2.33500000 -39.90270000   4.33619290
  1.18157000   2.36000000 -40.30060000   4.35097114
  1.20657000   2.38500000 -40.69030000   4.36537200
  1.23157000   2.41000000 -41.07250000   4.37947916
  1.25657000   2.43500000 -41.44760000   4.39333109
  1.28157000   2.46000000 -41.81610000   4.40698272
  1.30657000   2.48500000 -42.17870000   4.42052105
  1.33157000   2.51000000 -42.53590000   4.43400337
  1.35657000   2.53500000 -42.88810000   4.44747262
  1.38157000   2.56000000 -43.23590000   4.46100405
  1.40657000   2.58500000 -43.57960000   4.47462743
  1.43157000   2.61000000 -43.91980000   4.48842063
  1.45657000   2.63500000 -44.25660000   4.50238450
  1.48157000   2.66000000 -44.59040000   4.51656793
  1.50657000   2.68500000 -44.92140000   4.53098954
  1.53157000   2.71000000 -45.24960000   4.54563716
  1.55657000   2.73500000 -45.57530000   4.56054693
  1.58157000   2.76000000 -45.89820000   4.57566028
  1.60657000   2.78500000 -46.21850000   4.59099860
  1.63157000   2.81000000 -46.53590000   4.60650367
  1.65657000   2.83500000 -46.85020000   4.62213306
  1.68157000   2.86000000 -47.16140000   4.63787656
  1.70657000   2.88500000 -47.46900000   4.65364269
  1.73157000   2.91000000 -47.77290000   4.66940427
  1.75657000   2.93500000 -48.07280000   4.68510107
  1.78157000   2.96000000 -48.36840000   4.70067208
  1.80657000   2.98500000 -48.65950000   4.71607204
  1.83157000   3.01000000 -48.94580000   4.73123845
  1.85657000   3.03500000 -49.22720000   4.74614141
  1.88157000   3.06000000 -49.50330000   4.76070022
  1.90657000   3.08500000 -49.77390000   4.77486676
  1.93157000   3.11000000 -50.03890000   4.78860926
  1.95657000   3.13500000 -50.29800000   4.80186158
  1.98157000   3.16000000 -50.55100000   4.81457381
  2.00657000   3.18500000 -50.79770000   4.82669551
  2.03157000   3.21000000 -51.03790000   4.83817577
  2.05657000   3.23500000 -51.27130000   4.84894588
  2.08157000   3.26000000 -51.49760000   4.85893654
  2.10657000   3.28500000 -51.71650000   4.86807790
  2.13157000   3.31000000 -51.92760000   4.87628218
  2.15657000   3.33500000 -52.13030000   4.88342596
  2.18157000   3.36000000 -52.32390000   4.88936745
  2.20657000   3.38500000 -52.50760000   4.89394663
  2.23157000   3.41000000 -52.68000000   4.89689685
  2.25657000   3.43500000 -52.83910000   4.89784445
  2.28157000   3.46000000 -52.98190000   4.89623827
  2.30657000   3.48500000 -53.09650000   4.88994702
  2.33157000   3.51000000 -53.17530000   4.87761682
  2.35657000   3.53500000 -53.22500000   4.86045730
  2.38157000   3.56000000 -53.23060000   4.83586478
  2.40657000   3.58500000 -53.26330000   4.81641137
  2.43157000   3.61000000 -53.34040000   4.80506321
  2.45657000   3.63500000 -53.45250000   4.80013032
  2.48157000   3.66000000 -53.58960000   4.79985582
  2.50657000   3.68500000 -53.74460000   4.80300565
  2.53157000   3.71000000 -53.91250000   4.80871693
  2.55657000   3.73500000 -54.08950000   4.81633555
  2.58157000   3.76000000 -54.27310000   4.82543297
  2.60657000   3.78500000 -54.46150000   4.83570097
  2.63157000   3.81000000 -54.65320000   4.84688123
  2.65657000   3.83500000 -54.84730000   4.85881965
  2.68157000   3.86000000 -55.04300000   4.87137785
  2.70657000   3.88500000 -55.23960000   4.88443332
  2.73157000   3.91000000 -55.43680000   4.89793446
  2.75657000   3.93500000 -55.63410000   4.91179202
  2.78157000   3.96000000 -55.83130000   4.92597047
  2.80657000   3.98500000 -56.02820000   4.94043361
  2.83157000   4.01000000 -56.22460000   4.95514457
  2.85657000   4.03500000 -56.42050000   4.97010335
  2.88157000   4.06000000 -56.61580000   4.98529114
  2.90657000   4.08500000 -56.81030000   5.00066970
  2.93157000   4.11000000 -57.00420000   5.01627661
  2.95657000   4.13500000 -57.19740000   5.03209260
  2.98157000   4.16000000 -57.38980000   5.04809800
  3.00657000   4.18500000 -57.58150000   5.06431176
  3.03157000   4.21000000 -57.77260000   5.08075339
  3.05657000   4.23500000 -57.96290000   5.09738360
  3.08157000   4.26000000 -58.15260000   5.11424182
  3.10657000   4.28500000 -58.34170000   5.13132846
  3.13157000   4.31000000 -58.53020000   5.14864399
  3.15657000   4.33500000 -58.71810000   5.16618899
  3.18157000   4.36000000 -58.90540000   5.18396406
  3.20657000   4.38500000 -59.09230000   5.20201110
  3.23157000   4.41000000 -59.27850000   5.22026947
  3.25657000   4.43500000 -59.46430000   5.23880227
  3.28157000   4.46000000 -59.64960000   5.25759021
  3.30657000   4.48500000 -59.83440000   5.27663472
  3.33157000   4.51000000 -60.01880000   5.29595865
  3.35657000   4.53500000 -60.20260000   5.31552104
  3.38157000   4.56000000 -60.38600000   5.33536640
  3.40657000   4.58500000 -60.56890000   5.35547512
  3.43157000   4.61000000 -60.75140000   5.37587102
  3.45657000   4.63500000 -60.93330000   5.39651216
  3.48157000   4.66000000 -61.11480000   5.41744469
  3.50657000   4.68500000 -61.29580000   5.43864868
  3.53157000   4.71000000 -61.47620000   5.46010353
  3.55657000   4.73500000 -61.65620000   5.48185672
  3.58157000   4.76000000 -61.83560000   5.50386491
  3.60657000   4.78500000 -62.01450000   5.52615318
  3.63157000   4.81000000 -62.19280000   5.54870050
  3.65657000   4.83500000 -62.37060000   5.57153248
  3.68157000   4.86000000 -62.54790000   5.59465170
  3.70657000   4.88500000 -62.72450000   5.61801269
  3.73157000   4.91000000 -62.90070000   5.64168979
  3.75657000   4.93500000 -63.07620000   5.66561299
  3.78157000   4.96000000 -63.25110000   5.68980859
  3.80657000   4.98500000 -63.42550000   5.71430385
