 11  2 12 31  1  1 +2  0  0 -1
  1  1  1  1  0  0  0  0  0  0  0  0  0  0  1  1
   0.0000000   1.0000000   1.0000000   1.0000000   1.0000000   1.0000000   1.0000000
   1.0000000   1.0000000   1.0000000   1.0000000   1.0000000   1.0000000   1.0000000
   1.0000000   1.0000000   1.0000000   1.0000000   1.0000000   1.0000000   1.0000000
   1.0000000   1.0000000   1.0000000   1.0000000   1.0000000   1.0000000   1.0000000
   1.0000000   1.0000000
   0 134   0   0   0   1
 149
6.987376447         
3.038228640         
7.403697388         
3.958299700         
1.534085555         
0.407941701         
0.330268211         
1.609625989         
0.860567597         
0.333523083         
0.088689952         
1.961205877         
2.097071295         
0.812744619         
0.216123815         
0.560587247         
0.434524348         
0.115548055         
0.084202508         
0.044782006         
0.005954182         
0.609133400         
-0.057811140        
-0.048865390        
-0.019224980        
3.977835000         
-0.874117500        
-0.955537100        
-0.295405500        
38.341650000        
-0.739807200        
-0.717355400        
-0.238796200        
0.589799300         
0.149346100         
-0.430427600        
-0.108586500        
-0.139788900        
0.140149100         
-0.157176900        
-0.084360980        
0.002504518         
0.253278600         
-0.311783600        
0.008637934         
0.005984097         
-0.063071000        
-0.052044210        
-0.055349130        
-0.000188537        
0.000660683         
0.000696752         
-0.005531610        
5.405651000         
-4.211134000        
1.105319000         
0.414867600         
23.151510000        
-20.880130000       
2.482617000         
0.962075500         
-33.785880000       
66.594530000        
-2.517809000        
-1.046862000        
11.846680000        
-12.920090000       
1.460911000         
0.670253100         
-0.622606200        
0.516610000         
0.515559100         
0.203561700         
0.643811400         
-0.477421000        
0.165694200         
-0.256528600        
-0.365955000        
0.262993800         
-0.503370800        
0.285292600         
0.001300084         
-0.000762638        
-0.001416854        
0.012586110         
-23.764950000       
-6.713293000        
1.504718000         
0.422679100         
45.024690000        
6.793362000         
-0.358736500        
-0.079530810        
-10.484110000       
0.020676190         
0.825062500         
0.305729900         
-1.264732000        
-1.314624000        
0.495091100         
0.113896500         
0.351267600         
-0.366651100        
0.324036600         
0.174059500         
-0.103702300        
-0.089232020        
0.209881700         
0.022366360         
0.050480280         
0.091014730         
-0.018699610        
0.068418690         
-0.000448345        
-0.001666513        
0.000456620         
0.025808930         
4.255856000         
-0.812057200        
-0.570698600        
-0.082776220        
12.796540000        
-2.025113000        
-0.568484000        
-0.115231200        
4.097663000         
12.314090000        
1.574423000         
0.455164300         
-5.006734000        
-11.827300000       
-1.727306000        
-0.458430400        
0.056382290         
0.115443400         
-0.207692900        
-0.031154310        
-0.006222786        
0.027039420         
-0.067294030        
-0.017432420        
0.001735674         
-0.009080915        
0.009765426         
0.000157045         
-0.000256214        
0.001411196         
-0.001364333        
-0.002008348        
  1  1  0
  64  86  87  88  89  90  91  92  93  94  95  96  97  98  99 100 101 102 103 104
 105 106 107 108 109 110 111 112 113 114 115 116 117 118 119 120 121 122 123 124
 125 126 127 128 129 130 131 132 133 134 135 136 137 138 139 140 141 142 143 144
 145 146 147 148 149
  86  87  88  89  90  91  92  93  94  95  96  97  98  99 100 101 102 103 104 105
 106 107 108 109 110 111 112 113 114 115 116 117 118 119 120 121 122 123 124 125
 126 127 128 129 130 131 132 133 134 135 136 137 138 139 140 141 142 143 144 145
 146 147 148 149
  1  1  1  1  1  1  1  1  1  1  1  1  1  1  1  1  1  1  1  1
  1  1  0
  64  22  23  24  25  26  27  28  29  30  31  32  33  34  35  36  37  38  39  40
  41  42  43  44  45  46  47  48  49  50  51  52  53  54  55  56  57  58  59  60
  61  62  63  64  65  66  67  68  69  70  71  72  73  74  75  76  77  78  79  80
  81  82  83  84  85
  22  23  24  25  26  27  28  29  30  31  32  33  34  35  36  37  38  39  40  41
  42  43  44  45  46  47  48  49  50  51  52  53  54  55  56  57  58  59  60  61
  62  63  64  65  66  67  68  69  70  71  72  73  74  75  76  77  78  79  80  81
  82  83  84  85
  1  1  1  1  1  1  1  1  1  1  1  1  1  1  1  1  1  1  1  1
  2  2  0
  21   1   2   3   4   5   6   7   8   9  10  11  12  13  14  15  16  17  18  19
  20  21
   1   2   3   4   5   6   7   8   9  10  11  12  13  14  15  16  17  18  19  20
  21
  1  1  1  1  1  1  1  1  1  1  1  1  1  1  1  1  1  1  1  1
  2  2  0 -1
   1   1
108 
  0  1  0  1  0  1  0  1  0  1
  2  2  0
   1   2
33  
  0  1  0  1  0  1  0  1  0  1
  2  2  0
   1   3
5   
  0  1  0  1  0  1  0  1  0  1
  2  2  0
   1   4
132 
  0  1  0  1  0  1  0  1  0  1
  2  2  0
   1   5
86  
  0  1  0  1  0  1  0  1  0  1
  2  2  0
   1   6
68  
  0  1  0  1  0  1  0  1  0  1
  2  2  0
   1   7
133 
  0  1  0  1  0  1  0  1  0  1
  2  2  0
   1   8
129 
  0  1  0  1  0  1  0  1  0  1
  2  2  0
   1   9
130 
  0  1  0  1  0  1  0  1  0  1
  2  2  0
   1  10
9   
  0  1  0  1  0  1  0  1  0  1
  2  2  0
   1  11
10  
  0  1  0  1  0  1  0  1  0  1
  2  2  0
   1  12
30  
  0  1  0  1  0  1  0  1  0  1
  2  2  0
   1  13
40  
  0  1  0  1  0  1  0  1  0  1
  2  2  0
   1  14
68  
  0  1  0  1  0  1  0  1  0  1
  2  2  0
   1  15
102 
  0  1  0  1  0  1  0  1  0  1
  2  2  0
   1  16
33  
  0  1  0  1  0  1  0  1  0  1
  1  1  0
   1  22
69  
  0  1  0  1  0  1  0  1  0  1
  1  1  0
   1  23
32  
  0  1  0  1  0  1  0  1  0  1
  1  1  0
   1  24
4   
  0  1  0  1  0  1  0  1  0  1
  1  1  0
   1  25
61  
  0  1  0  1  0  1  0  1  0  1
  1  1  0
   1  26
22  
  0  1  0  1  0  1  0  1  0  1
  1  1  0
   1  27
128 
  0  1  0  1  0  1  0  1  0  1
  1  1  0
   1  28
2   
  0  1  0  1  0  1  0  1  0  1
  1  1  0
   1  29
31  
  0  1  0  1  0  1  0  1  0  1
  1  1  0
   1  30
104 
  0  1  0  1  0  1  0  1  0  1
  1  1  0
   1  31
122 
  0  1  0  1  0  1  0  1  0  1
  1  1  0
   1  32
122 
  0  1  0  1  0  1  0  1  0  1
  1  1  0
   1  33
136 
  0  1  0  1  0  1  0  1  0  1
  1  1  0
   1  34
6   
  0  1  0  1  0  1  0  1  0  1
  1  1  0
   1  35
104 
  0  1  0  1  0  1  0  1  0  1
  1  1  0
   1  36
9   
  0  1  0  1  0  1  0  1  0  1
  1  1  0
   1  37
16  
  0  1  0  1  0  1  0  1  0  1
  1  1  0
   1  38
123 
  0  1  0  1  0  1  0  1  0  1
  1  1  0
   1  39
136 
  0  1  0  1  0  1  0  1  0  1
  1  1  0
   1  40
32  
  0  1  0  1  0  1  0  1  0  1
  1  1  0
   1  41
87  
  0  1  0  1  0  1  0  1  0  1
  1  1  0
   1  42
118 
  0  1  0  1  0  1  0  1  0  1
  1  1  0
   1  43
80  
  0  1  0  1  0  1  0  1  0  1
  1  1  0
   1  44
101 
  0  1  0  1  0  1  0  1  0  1
  1  1  0
   1  45
57  
  0  1  0  1  0  1  0  1  0  1
  1  1  0
   1  46
127 
  0  1  0  1  0  1  0  1  0  1
  1  1  0
   1  47
61  
  0  1  0  1  0  1  0  1  0  1
  1  1  0
   1  48
87  
  0  1  0  1  0  1  0  1  0  1
  1  1  0
   1  49
104 
  0  1  0  1  0  1  0  1  0  1
  1  1  0
   1  50
87  
  0  1  0  1  0  1  0  1  0  1
  1  1  0
   1  51
108 
  0  1  0  1  0  1  0  1  0  1
  1  1  0
   1  52
64  
  0  1  0  1  0  1  0  1  0  1
  1  1  0
   1  53
38  
  0  1  0  1  0  1  0  1  0  1
  1  1  0
   1  54
64  
  0  1  0  1  0  1  0  1  0  1
  1  1  0
   1  55
126 
  0  1  0  1  0  1  0  1  0  1
  1  1  0
   1  56
76  
  0  1  0  1  0  1  0  1  0  1
  1  1  0
   1  57
135 
  0  1  0  1  0  1  0  1  0  1
  1  1  0
   1  58
76  
  0  1  0  1  0  1  0  1  0  1
  1  1  0
   1  59
16  
  0  1  0  1  0  1  0  1  0  1
  1  1  0
   1  60
78  
  0  1  0  1  0  1  0  1  0  1
  1  1  0
   1  61
120 
  0  1  0  1  0  1  0  1  0  1
  1  1  0
   1  62
135 
  0  1  0  1  0  1  0  1  0  1
  1  1  0
   1  63
9   
  0  1  0  1  0  1  0  1  0  1
  1  1  0
   1  64
17  
  0  1  0  1  0  1  0  1  0  1
  1  1  0
   1  65
130 
  0  1  0  1  0  1  0  1  0  1
  1  1  0
   1  66
22  
  0  1  0  1  0  1  0  1  0  1
  1  1  0
   1  67
118 
  0  1  0  1  0  1  0  1  0  1
  1  1  0
   1  68
122 
  0  1  0  1  0  1  0  1  0  1
  1  1  0
   1  69
22  
  0  1  0  1  0  1  0  1  0  1
  1  1  0
   1  70
68  
  0  1  0  1  0  1  0  1  0  1
  1  1  0
   1  71
97  
  0  1  0  1  0  1  0  1  0  1
  1  1  0
   1  72
129 
  0  1  0  1  0  1  0  1  0  1
  1  1  0
   1  73
130 
  0  1  0  1  0  1  0  1  0  1
  1  1  0
   1  74
103 
  0  1  0  1  0  1  0  1  0  1
  1  1  0
   1  75
98  
  0  1  0  1  0  1  0  1  0  1
  1  1  0
   1  76
30  
  0  1  0  1  0  1  0  1  0  1
  1  1  0
   1  77
72  
  0  1  0  1  0  1  0  1  0  1
  1  1  0
   1  78
34  
  0  1  0  1  0  1  0  1  0  1
  1  1  0
   1  79
28  
  0  1  0  1  0  1  0  1  0  1
  1  1  0
   1  80
124 
  0  1  0  1  0  1  0  1  0  1
  1  1  0
   1  86
133 
  0  1  0  1  0  1  0  1  0  1
  1  1  0
   1  87
9   
  0  1  0  1  0  1  0  1  0  1
  1  1  0
   1  88
31  
  0  1  0  1  0  1  0  1  0  1
  1  1  0
   1  89
125 
  0  1  0  1  0  1  0  1  0  1
  1  1  0
   1  90
88  
  0  1  0  1  0  1  0  1  0  1
  1  1  0
   1  91
28  
  0  1  0  1  0  1  0  1  0  1
  1  1  0
   1  92
108 
  0  1  0  1  0  1  0  1  0  1
  1  1  0
   1  93
131 
  0  1  0  1  0  1  0  1  0  1
  1  1  0
   1  94
14  
  0  1  0  1  0  1  0  1  0  1
  1  1  0
   1  95
15  
  0  1  0  1  0  1  0  1  0  1
  1  1  0
   1  96
18  
  0  1  0  1  0  1  0  1  0  1
  1  1  0
   1  97
126 
  0  1  0  1  0  1  0  1  0  1
  1  1  0
   1  98
59  
  0  1  0  1  0  1  0  1  0  1
  1  1  0
   1  99
73  
  0  1  0  1  0  1  0  1  0  1
  1  1  0
   1 100
69  
  0  1  0  1  0  1  0  1  0  1
  1  1  0
   1 101
99  
  0  1  0  1  0  1  0  1  0  1
  1  1  0
   1 102
88  
  0  1  0  1  0  1  0  1  0  1
  1  1  0
   1 103
125 
  0  1  0  1  0  1  0  1  0  1
  1  1  0
   1 104
6   
  0  1  0  1  0  1  0  1  0  1
  1  1  0
   1 105
63  
  0  1  0  1  0  1  0  1  0  1
  1  1  0
   1 106
34  
  0  1  0  1  0  1  0  1  0  1
  1  1  0
   1 107
71  
  0  1  0  1  0  1  0  1  0  1
  1  1  0
   1 108
103 
  0  1  0  1  0  1  0  1  0  1
  1  1  0
   1 109
31  
  0  1  0  1  0  1  0  1  0  1
  1  1  0
   1 110
133 
  0  1  0  1  0  1  0  1  0  1
  1  1  0
   1 111
32  
  0  1  0  1  0  1  0  1  0  1
  1  1  0
   1 112
61  
  0  1  0  1  0  1  0  1  0  1
  1  1  0
   1 113
103 
  0  1  0  1  0  1  0  1  0  1
  1  1  0
   1 114
69  
  0  1  0  1  0  1  0  1  0  1
  1  1  0
   1 115
131 
  0  1  0  1  0  1  0  1  0  1
  1  1  0
   1 116
66  
  0  1  0  1  0  1  0  1  0  1
  1  1  0
   1 117
67  
  0  1  0  1  0  1  0  1  0  1
  1  1  0
   1 118
65  
  0  1  0  1  0  1  0  1  0  1
  1  1  0
   1 119
39  
  0  1  0  1  0  1  0  1  0  1
  1  1  0
   1 120
80  
  0  1  0  1  0  1  0  1  0  1
  1  1  0
   1 121
124 
  0  1  0  1  0  1  0  1  0  1
  1  1  0
   1 122
75  
  0  1  0  1  0  1  0  1  0  1
  1  1  0
   1 123
13  
  0  1  0  1  0  1  0  1  0  1
  1  1  0
   1 124
15  
  0  1  0  1  0  1  0  1  0  1
  1  1  0
   1 125
92  
  0  1  0  1  0  1  0  1  0  1
  1  1  0
   1 126
69  
  0  1  0  1  0  1  0  1  0  1
  1  1  0
   1 127
102 
  0  1  0  1  0  1  0  1  0  1
  1  1  0
   1 128
94  
  0  1  0  1  0  1  0  1  0  1
  1  1  0
   1 129
62  
  0  1  0  1  0  1  0  1  0  1
  1  1  0
   1 130
129 
  0  1  0  1  0  1  0  1  0  1
  1  1  0
   1 131
54  
  0  1  0  1  0  1  0  1  0  1
  1  1  0
   1 132
13  
  0  1  0  1  0  1  0  1  0  1
  1  1  0
   1 133
102 
  0  1  0  1  0  1  0  1  0  1
  1  1  0
   1 134
36  
  0  1  0  1  0  1  0  1  0  1
  1  1  0
   1 135
72  
  0  1  0  1  0  1  0  1  0  1
  1  1  0
   1 136
88  
  0  1  0  1  0  1  0  1  0  1
  1  1  0
   1 137
64  
  0  1  0  1  0  1  0  1  0  1
  1  1  0
   1 138
101 
  0  1  0  1  0  1  0  1  0  1
  1  1  0
   1 139
31  
  0  1  0  1  0  1  0  1  0  1
  1  1  0
   1 140
29  
  0  1  0  1  0  1  0  1  0  1
  1  1  0
   1 141
34  
  0  1  0  1  0  1  0  1  0  1
  1  1  0
   1 142
17  
  0  1  0  1  0  1  0  1  0  1
  1  1  0
   1 143
105 
  0  1  0  1  0  1  0  1  0  1
  1  1  0
   1 144
1   
  0  1  0  1  0  1  0  1  0  1
