 10  8  9  3 00  0  0  0
/home/johannesk/kette_repo/limit_cycles/systems/2np1s/8.00/nn_pot
  8
  8 20
                                                19.374998   19.374998   
                                                19.374998   11.928980   
                                                19.374998   9.954878    
                                                19.374998   5.981555    
                                                19.374998   3.089463    
                                                19.374998   1.065841    
                                                19.374998   0.245604    
                                                19.374998   0.044433    
  129.566500   51.346700   29.472870   13.423390    8.214456    4.447413
    2.939000    1.690174    1.185236    0.843000    0.500110    0.257369
    0.138520    0.071429    0.038519    0.018573    0.009726    0.005619
    0.002765    0.001010
  1  1
          1.

  1  1
                      1.

  1  1
                                  1.

  1  1
                                              1.

  1  1
                                                          1.

  1  1
                                                                      1.

  1  1

          1.
  1  1

                      1.
  8
  8 20
                                                11.928980   11.928980   
                                                11.928980   9.954878    
                                                11.928980   5.981555    
                                                11.928980   3.089463    
                                                11.928980   1.065841    
                                                11.928980   0.245604    
                                                11.928980   0.044433    
                                                9.954878    9.954878    
  129.566500   51.346700   29.472870   13.423390    8.214456    4.447413
    2.939000    1.690174    1.185236    0.843000    0.500110    0.257369
    0.138520    0.071429    0.038519    0.018573    0.009726    0.005619
    0.002765    0.001010
  1  1
          1.

  1  1
                      1.

  1  1
                                  1.

  1  1
                                              1.

  1  1
                                                          1.

  1  1
                                                                      1.

  1  1

          1.
  1  1

                      1.
  8
  8 20
                                                9.954878    5.981555    
                                                9.954878    3.089463    
                                                9.954878    1.065841    
                                                9.954878    0.245604    
                                                9.954878    0.044433    
                                                5.981555    5.981555    
                                                5.981555    3.089463    
                                                5.981555    1.065841    
  129.566500   51.346700   29.472870   13.423390    8.214456    4.447413
    2.939000    1.690174    1.185236    0.843000    0.500110    0.257369
    0.138520    0.071429    0.038519    0.018573    0.009726    0.005619
    0.002765    0.001010
  1  1
          1.

  1  1
                      1.

  1  1
                                  1.

  1  1
                                              1.

  1  1
                                                          1.

  1  1
                                                                      1.

  1  1

          1.
  1  1

                      1.
  8
  8 20
                                                5.981555    0.245604    
                                                5.981555    0.044433    
                                                3.089463    3.089463    
                                                3.089463    1.065841    
                                                3.089463    0.245604    
                                                3.089463    0.044433    
                                                1.065841    1.065841    
                                                1.065841    0.245604    
  129.566500   51.346700   29.472870   13.423390    8.214456    4.447413
    2.939000    1.690174    1.185236    0.843000    0.500110    0.257369
    0.138520    0.071429    0.038519    0.018573    0.009726    0.005619
    0.002765    0.001010
  1  1
          1.

  1  1
                      1.

  1  1
                                  1.

  1  1
                                              1.

  1  1
                                                          1.

  1  1
                                                                      1.

  1  1

          1.
  1  1

                      1.
  4
  4 20
                                                1.065841    0.044433    
                                                0.245604    0.245604    
                                                0.245604    0.044433    
                                                0.044433    0.044433    
  129.566500   51.346700   29.472870   13.423390    8.214456    4.447413
    2.939000    1.690174    1.185236    0.843000    0.500110    0.257369
    0.138520    0.071429    0.038519    0.018573    0.009726    0.005619
    0.002765    0.001010
  1  1
          1.
  1  1
                      1.
  1  1
                                  1.
  1  1
                                              1.
  8
  8 20
                                                19.210674   19.210674   
                                                19.210674   15.870665   
                                                19.210674   11.635944   
                                                19.210674   5.601755    
                                                19.210674   5.188663    
                                                19.210674   0.982902    
                                                19.210674   0.247796    
                                                19.210674   0.054676    
  129.566500   51.346700   29.472870   13.423390    8.214456    4.447413
    2.939000    1.690174    1.185236    0.843000    0.500110    0.257369
    0.138520    0.071429    0.038519    0.018573    0.009726    0.005619
    0.002765    0.001010
  1  1
          1.

  1  1
                      1.

  1  1
                                  1.

  1  1
                                              1.

  1  1
                                                          1.

  1  1
                                                                      1.

  1  1

          1.
  1  1

                      1.
  8
  8 20
                                                15.870665   15.870665   
                                                15.870665   11.635944   
                                                15.870665   5.601755    
                                                15.870665   5.188663    
                                                15.870665   0.982902    
                                                15.870665   0.247796    
                                                15.870665   0.054676    
                                                11.635944   11.635944   
  129.566500   51.346700   29.472870   13.423390    8.214456    4.447413
    2.939000    1.690174    1.185236    0.843000    0.500110    0.257369
    0.138520    0.071429    0.038519    0.018573    0.009726    0.005619
    0.002765    0.001010
  1  1
          1.

  1  1
                      1.

  1  1
                                  1.

  1  1
                                              1.

  1  1
                                                          1.

  1  1
                                                                      1.

  1  1

          1.
  1  1

                      1.
  8
  8 20
                                                11.635944   5.601755    
                                                11.635944   5.188663    
                                                11.635944   0.982902    
                                                11.635944   0.247796    
                                                11.635944   0.054676    
                                                5.601755    5.601755    
                                                5.601755    5.188663    
                                                5.601755    0.982902    
  129.566500   51.346700   29.472870   13.423390    8.214456    4.447413
    2.939000    1.690174    1.185236    0.843000    0.500110    0.257369
    0.138520    0.071429    0.038519    0.018573    0.009726    0.005619
    0.002765    0.001010
  1  1
          1.

  1  1
                      1.

  1  1
                                  1.

  1  1
                                              1.

  1  1
                                                          1.

  1  1
                                                                      1.

  1  1

          1.
  1  1

                      1.
  8
  8 20
                                                5.601755    0.247796    
                                                5.601755    0.054676    
                                                5.188663    5.188663    
                                                5.188663    0.982902    
                                                5.188663    0.247796    
                                                5.188663    0.054676    
                                                0.982902    0.982902    
                                                0.982902    0.247796    
  129.566500   51.346700   29.472870   13.423390    8.214456    4.447413
    2.939000    1.690174    1.185236    0.843000    0.500110    0.257369
    0.138520    0.071429    0.038519    0.018573    0.009726    0.005619
    0.002765    0.001010
  1  1
          1.

  1  1
                      1.

  1  1
                                  1.

  1  1
                                              1.

  1  1
                                                          1.

  1  1
                                                                      1.

  1  1

          1.
  1  1

                      1.
  4
  4 20
                                                0.982902    0.054676    
                                                0.247796    0.247796    
                                                0.247796    0.054676    
                                                0.054676    0.054676    
  129.566500   51.346700   29.472870   13.423390    8.214456    4.447413
    2.939000    1.690174    1.185236    0.843000    0.500110    0.257369
    0.138520    0.071429    0.038519    0.018573    0.009726    0.005619
    0.002765    0.001010
  1  1
          1.
  1  1
                      1.
  1  1
                                  1.
  1  1
                                              1.
  8
  8 20
                                                15.746093   15.958586   
                                                15.746093   4.633026    
                                                15.746093   1.548574    
                                                15.746093   1.211833    
                                                15.746093   0.846354    
                                                15.746093   0.124753    
                                                15.746093   0.101379    
                                                11.995843   15.958586   
  129.566500   51.346700   29.472870   13.423390    8.214456    4.447413
    2.939000    1.690174    1.185236    0.843000    0.500110    0.257369
    0.138520    0.071429    0.038519    0.018573    0.009726    0.005619
    0.002765    0.001010
  1  1
          1.

  1  1
                      1.

  1  1
                                  1.

  1  1
                                              1.

  1  1
                                                          1.

  1  1
                                                                      1.

  1  1

          1.
  1  1

                      1.
  8
  8 20
                                                11.995843   4.633026    
                                                11.995843   1.548574    
                                                11.995843   1.211833    
                                                11.995843   0.846354    
                                                11.995843   0.124753    
                                                11.995843   0.101379    
                                                6.967021    15.958586   
                                                6.967021    4.633026    
  129.566500   51.346700   29.472870   13.423390    8.214456    4.447413
    2.939000    1.690174    1.185236    0.843000    0.500110    0.257369
    0.138520    0.071429    0.038519    0.018573    0.009726    0.005619
    0.002765    0.001010
  1  1
          1.

  1  1
                      1.

  1  1
                                  1.

  1  1
                                              1.

  1  1
                                                          1.

  1  1
                                                                      1.

  1  1

          1.
  1  1

                      1.
  8
  8 20
                                                6.967021    1.548574    
                                                6.967021    1.211833    
                                                6.967021    0.846354    
                                                6.967021    0.124753    
                                                6.967021    0.101379    
                                                5.430696    15.958586   
                                                5.430696    4.633026    
                                                5.430696    1.548574    
  129.566500   51.346700   29.472870   13.423390    8.214456    4.447413
    2.939000    1.690174    1.185236    0.843000    0.500110    0.257369
    0.138520    0.071429    0.038519    0.018573    0.009726    0.005619
    0.002765    0.001010
  1  1
          1.

  1  1
                      1.

  1  1
                                  1.

  1  1
                                              1.

  1  1
                                                          1.

  1  1
                                                                      1.

  1  1

          1.
  1  1

                      1.
  8
  8 20
                                                5.430696    1.211833    
                                                5.430696    0.846354    
                                                5.430696    0.124753    
                                                5.430696    0.101379    
                                                1.963290    15.958586   
                                                1.963290    4.633026    
                                                1.963290    1.548574    
                                                1.963290    1.211833    
  129.566500   51.346700   29.472870   13.423390    8.214456    4.447413
    2.939000    1.690174    1.185236    0.843000    0.500110    0.257369
    0.138520    0.071429    0.038519    0.018573    0.009726    0.005619
    0.002765    0.001010
  1  1
          1.

  1  1
                      1.

  1  1
                                  1.

  1  1
                                              1.

  1  1
                                                          1.

  1  1
                                                                      1.

  1  1

          1.
  1  1

                      1.
  8
  8 20
                                                1.963290    0.846354    
                                                1.963290    0.124753    
                                                1.963290    0.101379    
                                                0.815369    15.958586   
                                                0.815369    4.633026    
                                                0.815369    1.548574    
                                                0.815369    1.211833    
                                                0.815369    0.846354    
  129.566500   51.346700   29.472870   13.423390    8.214456    4.447413
    2.939000    1.690174    1.185236    0.843000    0.500110    0.257369
    0.138520    0.071429    0.038519    0.018573    0.009726    0.005619
    0.002765    0.001010
  1  1
          1.

  1  1
                      1.

  1  1
                                  1.

  1  1
                                              1.

  1  1
                                                          1.

  1  1
                                                                      1.

  1  1

          1.
  1  1

                      1.
  8
  8 20
                                                0.815369    0.124753    
                                                0.815369    0.101379    
                                                0.499438    15.958586   
                                                0.499438    4.633026    
                                                0.499438    1.548574    
                                                0.499438    1.211833    
                                                0.499438    0.846354    
                                                0.499438    0.124753    
  129.566500   51.346700   29.472870   13.423390    8.214456    4.447413
    2.939000    1.690174    1.185236    0.843000    0.500110    0.257369
    0.138520    0.071429    0.038519    0.018573    0.009726    0.005619
    0.002765    0.001010
  1  1
          1.

  1  1
                      1.

  1  1
                                  1.

  1  1
                                              1.

  1  1
                                                          1.

  1  1
                                                                      1.

  1  1

          1.
  1  1

                      1.
  8
  8 20
                                                0.499438    0.101379    
                                                0.060294    15.958586   
                                                0.060294    4.633026    
                                                0.060294    1.548574    
                                                0.060294    1.211833    
                                                0.060294    0.846354    
                                                0.060294    0.124753    
                                                0.060294    0.101379    
  129.566500   51.346700   29.472870   13.423390    8.214456    4.447413
    2.939000    1.690174    1.185236    0.843000    0.500110    0.257369
    0.138520    0.071429    0.038519    0.018573    0.009726    0.005619
    0.002765    0.001010
  1  1
          1.

  1  1
                      1.

  1  1
                                  1.

  1  1
                                              1.

  1  1
                                                          1.

  1  1
                                                                      1.

  1  1

          1.
  1  1

                      1.
  8
  8 20
                                                15.990232   12.050540   
                                                15.990232   5.903474    
                                                15.990232   2.954421    
                                                15.990232   1.835608    
                                                15.990232   0.985275    
                                                15.990232   0.327473    
                                                15.990232   0.081051    
                                                12.411367   12.050540   
  129.566500   51.346700   29.472870   13.423390    8.214456    4.447413
    2.939000    1.690174    1.185236    0.843000    0.500110    0.257369
    0.138520    0.071429    0.038519    0.018573    0.009726    0.005619
    0.002765    0.001010
  1  1
          1.

  1  1
                      1.

  1  1
                                  1.

  1  1
                                              1.

  1  1
                                                          1.

  1  1
                                                                      1.

  1  1

          1.
  1  1

                      1.
  8
  8 20
                                                12.411367   5.903474    
                                                12.411367   2.954421    
                                                12.411367   1.835608    
                                                12.411367   0.985275    
                                                12.411367   0.327473    
                                                12.411367   0.081051    
                                                4.989069    12.050540   
                                                4.989069    5.903474    
  129.566500   51.346700   29.472870   13.423390    8.214456    4.447413
    2.939000    1.690174    1.185236    0.843000    0.500110    0.257369
    0.138520    0.071429    0.038519    0.018573    0.009726    0.005619
    0.002765    0.001010
  1  1
          1.

  1  1
                      1.

  1  1
                                  1.

  1  1
                                              1.

  1  1
                                                          1.

  1  1
                                                                      1.

  1  1

          1.
  1  1

                      1.
  8
  8 20
                                                4.989069    2.954421    
                                                4.989069    1.835608    
                                                4.989069    0.985275    
                                                4.989069    0.327473    
                                                4.989069    0.081051    
                                                1.835935    12.050540   
                                                1.835935    5.903474    
                                                1.835935    2.954421    
  129.566500   51.346700   29.472870   13.423390    8.214456    4.447413
    2.939000    1.690174    1.185236    0.843000    0.500110    0.257369
    0.138520    0.071429    0.038519    0.018573    0.009726    0.005619
    0.002765    0.001010
  1  1
          1.

  1  1
                      1.

  1  1
                                  1.

  1  1
                                              1.

  1  1
                                                          1.

  1  1
                                                                      1.

  1  1

          1.
  1  1

                      1.
  8
  8 20
                                                1.835935    1.835608    
                                                1.835935    0.985275    
                                                1.835935    0.327473    
                                                1.835935    0.081051    
                                                0.490898    12.050540   
                                                0.490898    5.903474    
                                                0.490898    2.954421    
                                                0.490898    1.835608    
  129.566500   51.346700   29.472870   13.423390    8.214456    4.447413
    2.939000    1.690174    1.185236    0.843000    0.500110    0.257369
    0.138520    0.071429    0.038519    0.018573    0.009726    0.005619
    0.002765    0.001010
  1  1
          1.

  1  1
                      1.

  1  1
                                  1.

  1  1
                                              1.

  1  1
                                                          1.

  1  1
                                                                      1.

  1  1

          1.
  1  1

                      1.
  8
  8 20
                                                0.490898    0.985275    
                                                0.490898    0.327473    
                                                0.490898    0.081051    
                                                0.463802    12.050540   
                                                0.463802    5.903474    
                                                0.463802    2.954421    
                                                0.463802    1.835608    
                                                0.463802    0.985275    
  129.566500   51.346700   29.472870   13.423390    8.214456    4.447413
    2.939000    1.690174    1.185236    0.843000    0.500110    0.257369
    0.138520    0.071429    0.038519    0.018573    0.009726    0.005619
    0.002765    0.001010
  1  1
          1.

  1  1
                      1.

  1  1
                                  1.

  1  1
                                              1.

  1  1
                                                          1.

  1  1
                                                                      1.

  1  1

          1.
  1  1

                      1.
  8
  8 20
                                                0.463802    0.327473    
                                                0.463802    0.081051    
                                                0.368627    12.050540   
                                                0.368627    5.903474    
                                                0.368627    2.954421    
                                                0.368627    1.835608    
                                                0.368627    0.985275    
                                                0.368627    0.327473    
  129.566500   51.346700   29.472870   13.423390    8.214456    4.447413
    2.939000    1.690174    1.185236    0.843000    0.500110    0.257369
    0.138520    0.071429    0.038519    0.018573    0.009726    0.005619
    0.002765    0.001010
  1  1
          1.

  1  1
                      1.

  1  1
                                  1.

  1  1
                                              1.

  1  1
                                                          1.

  1  1
                                                                      1.

  1  1

          1.
  1  1

                      1.
  8
  8 20
                                                0.368627    0.081051    
                                                0.113153    12.050540   
                                                0.113153    5.903474    
                                                0.113153    2.954421    
                                                0.113153    1.835608    
                                                0.113153    0.985275    
                                                0.113153    0.327473    
                                                0.113153    0.081051    
  129.566500   51.346700   29.472870   13.423390    8.214456    4.447413
    2.939000    1.690174    1.185236    0.843000    0.500110    0.257369
    0.138520    0.071429    0.038519    0.018573    0.009726    0.005619
    0.002765    0.001010
  1  1
          1.

  1  1
                      1.

  1  1
                                  1.

  1  1
                                              1.

  1  1
                                                          1.

  1  1
                                                                      1.

  1  1

          1.
  1  1

                      1.
  8
  8 20
                                                15.966956   8.258132    
                                                15.966956   5.808562    
                                                15.966956   1.962071    
                                                15.966956   1.305765    
                                                15.966956   0.840666    
                                                15.966956   0.479846    
                                                15.966956   0.118774    
                                                11.263241   8.258132    
  129.566500   51.346700   29.472870   13.423390    8.214456    4.447413
    2.939000    1.690174    1.185236    0.843000    0.500110    0.257369
    0.138520    0.071429    0.038519    0.018573    0.009726    0.005619
    0.002765    0.001010
  1  1
          1.

  1  1
                      1.

  1  1
                                  1.

  1  1
                                              1.

  1  1
                                                          1.

  1  1
                                                                      1.

  1  1

          1.
  1  1

                      1.
  8
  8 20
                                                11.263241   5.808562    
                                                11.263241   1.962071    
                                                11.263241   1.305765    
                                                11.263241   0.840666    
                                                11.263241   0.479846    
                                                11.263241   0.118774    
                                                6.290493    8.258132    
                                                6.290493    5.808562    
  129.566500   51.346700   29.472870   13.423390    8.214456    4.447413
    2.939000    1.690174    1.185236    0.843000    0.500110    0.257369
    0.138520    0.071429    0.038519    0.018573    0.009726    0.005619
    0.002765    0.001010
  1  1
          1.

  1  1
                      1.

  1  1
                                  1.

  1  1
                                              1.

  1  1
                                                          1.

  1  1
                                                                      1.

  1  1

          1.
  1  1

                      1.
  8
  8 20
                                                6.290493    1.962071    
                                                6.290493    1.305765    
                                                6.290493    0.840666    
                                                6.290493    0.479846    
                                                6.290493    0.118774    
                                                3.599950    8.258132    
                                                3.599950    5.808562    
                                                3.599950    1.962071    
  129.566500   51.346700   29.472870   13.423390    8.214456    4.447413
    2.939000    1.690174    1.185236    0.843000    0.500110    0.257369
    0.138520    0.071429    0.038519    0.018573    0.009726    0.005619
    0.002765    0.001010
  1  1
          1.

  1  1
                      1.

  1  1
                                  1.

  1  1
                                              1.

  1  1
                                                          1.

  1  1
                                                                      1.

  1  1

          1.
  1  1

                      1.
  8
  8 20
                                                3.599950    1.305765    
                                                3.599950    0.840666    
                                                3.599950    0.479846    
                                                3.599950    0.118774    
                                                1.094580    8.258132    
                                                1.094580    5.808562    
                                                1.094580    1.962071    
                                                1.094580    1.305765    
  129.566500   51.346700   29.472870   13.423390    8.214456    4.447413
    2.939000    1.690174    1.185236    0.843000    0.500110    0.257369
    0.138520    0.071429    0.038519    0.018573    0.009726    0.005619
    0.002765    0.001010
  1  1
          1.

  1  1
                      1.

  1  1
                                  1.

  1  1
                                              1.

  1  1
                                                          1.

  1  1
                                                                      1.

  1  1

          1.
  1  1

                      1.
  8
  8 20
                                                1.094580    0.840666    
                                                1.094580    0.479846    
                                                1.094580    0.118774    
                                                0.156214    8.258132    
                                                0.156214    5.808562    
                                                0.156214    1.962071    
                                                0.156214    1.305765    
                                                0.156214    0.840666    
  129.566500   51.346700   29.472870   13.423390    8.214456    4.447413
    2.939000    1.690174    1.185236    0.843000    0.500110    0.257369
    0.138520    0.071429    0.038519    0.018573    0.009726    0.005619
    0.002765    0.001010
  1  1
          1.

  1  1
                      1.

  1  1
                                  1.

  1  1
                                              1.

  1  1
                                                          1.

  1  1
                                                                      1.

  1  1

          1.
  1  1

                      1.
  8
  8 20
                                                0.156214    0.479846    
                                                0.156214    0.118774    
                                                0.089742    8.258132    
                                                0.089742    5.808562    
                                                0.089742    1.962071    
                                                0.089742    1.305765    
                                                0.089742    0.840666    
                                                0.089742    0.479846    
  129.566500   51.346700   29.472870   13.423390    8.214456    4.447413
    2.939000    1.690174    1.185236    0.843000    0.500110    0.257369
    0.138520    0.071429    0.038519    0.018573    0.009726    0.005619
    0.002765    0.001010
  1  1
          1.

  1  1
                      1.

  1  1
                                  1.

  1  1
                                              1.

  1  1
                                                          1.

  1  1
                                                                      1.

  1  1

          1.
  1  1

                      1.
  8
  8 20
                                                0.089742    0.118774    
                                                0.019407    8.258132    
                                                0.019407    5.808562    
                                                0.019407    1.962071    
                                                0.019407    1.305765    
                                                0.019407    0.840666    
                                                0.019407    0.479846    
                                                0.019407    0.118774    
  129.566500   51.346700   29.472870   13.423390    8.214456    4.447413
    2.939000    1.690174    1.185236    0.843000    0.500110    0.257369
    0.138520    0.071429    0.038519    0.018573    0.009726    0.005619
    0.002765    0.001010
  1  1
          1.

  1  1
                      1.

  1  1
                                  1.

  1  1
                                              1.

  1  1
                                                          1.

  1  1
                                                                      1.

  1  1

          1.
  1  1

                      1.
  8
  8 20
                                                15.277663   13.901996   
                                                15.277663   6.664915    
                                                15.277663   3.311521    
                                                15.277663   1.712871    
                                                15.277663   0.969726    
                                                15.277663   0.485319    
                                                15.277663   0.085741    
                                                9.041326    13.901996   
  129.566500   51.346700   29.472870   13.423390    8.214456    4.447413
    2.939000    1.690174    1.185236    0.843000    0.500110    0.257369
    0.138520    0.071429    0.038519    0.018573    0.009726    0.005619
    0.002765    0.001010
  1  1
          1.

  1  1
                      1.

  1  1
                                  1.

  1  1
                                              1.

  1  1
                                                          1.

  1  1
                                                                      1.

  1  1

          1.
  1  1

                      1.
  8
  8 20
                                                9.041326    6.664915    
                                                9.041326    3.311521    
                                                9.041326    1.712871    
                                                9.041326    0.969726    
                                                9.041326    0.485319    
                                                9.041326    0.085741    
                                                7.790936    13.901996   
                                                7.790936    6.664915    
  129.566500   51.346700   29.472870   13.423390    8.214456    4.447413
    2.939000    1.690174    1.185236    0.843000    0.500110    0.257369
    0.138520    0.071429    0.038519    0.018573    0.009726    0.005619
    0.002765    0.001010
  1  1
          1.

  1  1
                      1.

  1  1
                                  1.

  1  1
                                              1.

  1  1
                                                          1.

  1  1
                                                                      1.

  1  1

          1.
  1  1

                      1.
  8
  8 20
                                                7.790936    3.311521    
                                                7.790936    1.712871    
                                                7.790936    0.969726    
                                                7.790936    0.485319    
                                                7.790936    0.085741    
                                                1.947646    13.901996   
                                                1.947646    6.664915    
                                                1.947646    3.311521    
  129.566500   51.346700   29.472870   13.423390    8.214456    4.447413
    2.939000    1.690174    1.185236    0.843000    0.500110    0.257369
    0.138520    0.071429    0.038519    0.018573    0.009726    0.005619
    0.002765    0.001010
  1  1
          1.

  1  1
                      1.

  1  1
                                  1.

  1  1
                                              1.

  1  1
                                                          1.

  1  1
                                                                      1.

  1  1

          1.
  1  1

                      1.
  8
  8 20
                                                1.947646    1.712871    
                                                1.947646    0.969726    
                                                1.947646    0.485319    
                                                1.947646    0.085741    
                                                1.472293    13.901996   
                                                1.472293    6.664915    
                                                1.472293    3.311521    
                                                1.472293    1.712871    
  129.566500   51.346700   29.472870   13.423390    8.214456    4.447413
    2.939000    1.690174    1.185236    0.843000    0.500110    0.257369
    0.138520    0.071429    0.038519    0.018573    0.009726    0.005619
    0.002765    0.001010
  1  1
          1.

  1  1
                      1.

  1  1
                                  1.

  1  1
                                              1.

  1  1
                                                          1.

  1  1
                                                                      1.

  1  1

          1.
  1  1

                      1.
  8
  8 20
                                                1.472293    0.969726    
                                                1.472293    0.485319    
                                                1.472293    0.085741    
                                                0.363503    13.901996   
                                                0.363503    6.664915    
                                                0.363503    3.311521    
                                                0.363503    1.712871    
                                                0.363503    0.969726    
  129.566500   51.346700   29.472870   13.423390    8.214456    4.447413
    2.939000    1.690174    1.185236    0.843000    0.500110    0.257369
    0.138520    0.071429    0.038519    0.018573    0.009726    0.005619
    0.002765    0.001010
  1  1
          1.

  1  1
                      1.

  1  1
                                  1.

  1  1
                                              1.

  1  1
                                                          1.

  1  1
                                                                      1.

  1  1

          1.
  1  1

                      1.
  8
  8 20
                                                0.363503    0.485319    
                                                0.363503    0.085741    
                                                0.244629    13.901996   
                                                0.244629    6.664915    
                                                0.244629    3.311521    
                                                0.244629    1.712871    
                                                0.244629    0.969726    
                                                0.244629    0.485319    
  129.566500   51.346700   29.472870   13.423390    8.214456    4.447413
    2.939000    1.690174    1.185236    0.843000    0.500110    0.257369
    0.138520    0.071429    0.038519    0.018573    0.009726    0.005619
    0.002765    0.001010
  1  1
          1.

  1  1
                      1.

  1  1
                                  1.

  1  1
                                              1.

  1  1
                                                          1.

  1  1
                                                                      1.

  1  1

          1.
  1  1

                      1.
  8
  8 20
                                                0.244629    0.085741    
                                                0.140009    13.901996   
                                                0.140009    6.664915    
                                                0.140009    3.311521    
                                                0.140009    1.712871    
                                                0.140009    0.969726    
                                                0.140009    0.485319    
                                                0.140009    0.085741    
  129.566500   51.346700   29.472870   13.423390    8.214456    4.447413
    2.939000    1.690174    1.185236    0.843000    0.500110    0.257369
    0.138520    0.071429    0.038519    0.018573    0.009726    0.005619
    0.002765    0.001010
  1  1
          1.

  1  1
                      1.

  1  1
                                  1.

  1  1
                                              1.

  1  1
                                                          1.

  1  1
                                                                      1.

  1  1

          1.
  1  1

                      1.
