#E_tot          E_tot-Eth     Phase(s) scatt. length
  0.01000000   0.01000000  -0.01600000   0.01557316
  0.03500000   0.03500000  -0.83700000   0.43549079
  0.06000000   0.06000000  -2.41370000   0.95966869
  0.08500000   0.08500000  -4.17160000   1.39514129
  0.11000000   0.11000000  -5.92090000   1.74380465
  0.13500000   0.13500000  -7.60400000   2.02624601
  0.16000000   0.16000000  -9.20560000   2.25947955
  0.18500000   0.18500000 -10.72520000   2.45578668
  0.21000000   0.21000000 -12.16720000   2.62382885
  0.23500000   0.23500000 -13.53740000   2.76978687
  0.26000000   0.26000000 -14.84200000   2.89822116
  0.28500000   0.28500000 -16.08650000   3.01246415
  0.31000000   0.31000000 -17.27620000   3.11510254
  0.33500000   0.33500000 -18.41570000   3.20810854
  0.36000000   0.36000000 -19.50910000   3.29303159
  0.38500000   0.38500000 -20.55990000   3.37107988
  0.41000000   0.41000000 -21.57140000   3.44326041
  0.43500000   0.43500000 -22.54640000   3.51037029
  0.46000000   0.46000000 -23.48740000   3.57306588
  0.48500000   0.48500000 -24.39680000   3.63191968
  0.51000000   0.51000000 -25.27660000   3.68738578
  0.53500000   0.53500000 -26.12850000   3.73983055
  0.56000000   0.56000000 -26.95430000   3.78960807
  0.58500000   0.58500000 -27.75530000   3.83696767
  0.61000000   0.61000000 -28.53300000   3.88217435
  0.63500000   0.63500000 -29.28860000   3.92543077
  0.66000000   0.66000000 -30.02320000   3.96691321
  0.68500000   0.68500000 -30.73770000   4.00675804
  0.71000000   0.71000000 -31.43310000   4.04511142
  0.73500000   0.73500000 -32.11030000   4.08209861
  0.76000000   0.76000000 -32.76990000   4.11779370
  0.78500000   0.78500000 -33.41270000   4.15229960
  0.81000000   0.81000000 -34.03930000   4.18568548
  0.83500000   0.83500000 -34.65020000   4.21800313
  0.86000000   0.86000000 -35.24590000   4.24930315
  0.88500000   0.88500000 -35.82690000   4.27963525
  0.91000000   0.91000000 -36.39330000   4.30898550
  0.93500000   0.93500000 -36.94560000   4.33740243
  0.96000000   0.96000000 -37.48380000   4.36485540
  0.98500000   0.98500000 -38.00810000   4.39134484
  1.01000000   1.01000000 -38.51810000   4.41677598
  1.03500000   1.03500000 -39.01370000   4.44110076
  1.06000000   1.06000000 -39.49400000   4.46414352
  1.08500000   1.08500000 -39.95760000   4.48564770
  1.11000000   1.11000000 -40.40210000   4.50519546
  1.13500000   1.13500000 -40.82220000   4.52190362
  1.16000000   1.16000000 -41.20620000   4.53386332
  1.18500000   1.18500000 -41.38400000   4.51394587
  1.21000000   1.21000000 -41.83770000   4.53888624
  1.23500000   1.23500000 -42.29200000   4.56490720
  1.26000000   1.26000000 -42.78280000   4.59778041
  1.28500000   1.28500000 -43.26920000   4.63098378
  1.31000000   1.31000000 -43.73420000   4.66174146
  1.33500000   1.33500000 -44.18550000   4.69125858
  1.36000000   1.36000000 -44.62850000   4.72038933
  1.38500000   1.38500000 -45.06620000   4.74961014
  1.41000000   1.41000000 -45.50110000   4.77932594
  1.43500000   1.43500000 -45.93440000   4.80973440
  1.46000000   1.46000000 -46.36490000   4.84063353
  1.48500000   1.48500000 -46.79040000   4.87164605
  1.51000000   1.51000000 -47.20910000   4.90245273
  1.53500000   1.53500000 -47.62010000   4.93288059
  1.56000000   1.56000000 -48.02380000   4.96297792
  1.58500000   1.58500000 -48.42070000   4.99281208
  1.61000000   1.61000000 -48.81150000   5.02248792
  1.63500000   1.63500000 -49.19680000   5.05209580
  1.66000000   1.66000000 -49.57720000   5.08172903
  1.68500000   1.68500000 -49.95290000   5.11141164
  1.71000000   1.71000000 -50.32450000   5.14124162
  1.73500000   1.73500000 -50.69210000   5.17122833
  1.76000000   1.76000000 -51.05600000   5.20141880
  1.78500000   1.78500000 -51.41630000   5.23182438
  1.81000000   1.81000000 -51.77310000   5.26245704
  1.83500000   1.83500000 -52.12650000   5.29332934
  1.86000000   1.86000000 -52.47620000   5.32437752
  1.88500000   1.88500000 -52.82220000   5.35559390
  1.91000000   1.91000000 -53.16440000   5.38695105
  1.93500000   1.93500000 -53.50250000   5.41838108
  1.96000000   1.96000000 -53.83640000   5.44985358
  1.98500000   1.98500000 -54.16620000   5.48137737
  2.01000000   2.01000000 -54.49190000   5.51294144
  2.03500000   2.03500000 -54.81340000   5.54451386
  2.06000000   2.06000000 -55.13100000   5.57614461
  2.08500000   2.08500000 -55.44470000   5.60782288
  2.11000000   2.11000000 -55.75470000   5.63957988
  2.13500000   2.13500000 -56.06110000   5.67142681
  2.16000000   2.16000000 -56.36410000   5.70339703
  2.18500000   2.18500000 -56.66380000   5.73550354
  2.21000000   2.21000000 -56.96030000   5.76776000
  2.23500000   2.23500000 -57.25370000   5.80018070
  2.26000000   2.26000000 -57.54410000   5.83278066
  2.28500000   2.28500000 -57.83160000   5.86557557
  2.31000000   2.31000000 -58.11630000   5.89858189
  2.33500000   2.33500000 -58.39820000   5.93179367
  2.36000000   2.36000000 -58.67750000   5.96525165
  2.38500000   2.38500000 -58.95410000   5.99892730
  2.41000000   2.41000000 -59.22810000   6.03283882
  2.43500000   2.43500000 -59.49950000   6.06698106
  2.46000000   2.46000000 -59.76850000   6.10139765
  2.48500000   2.48500000 -60.03490000   6.13603521
  2.51000000   2.51000000 -60.29880000   6.17091308
  2.53500000   2.53500000 -60.56030000   6.20605153
  2.56000000   2.56000000 -60.81940000   6.24144618
  2.58500000   2.58500000 -61.07600000   6.27706662
  2.61000000   2.61000000 -61.33020000   6.31293340
  2.63500000   2.63500000 -61.58190000   6.34901515
  2.66000000   2.66000000 -61.83120000   6.38533260
  2.68500000   2.68500000 -62.07800000   6.42185333
  2.71000000   2.71000000 -62.32240000   6.45859823
  2.73500000   2.73500000 -62.56440000   6.49556151
  2.76000000   2.76000000 -62.80390000   6.53270908
  2.78500000   2.78500000 -63.04100000   6.57006204
  2.81000000   2.81000000 -63.27570000   6.60761385
  2.83500000   2.83500000 -63.50790000   6.64532862
  2.86000000   2.86000000 -63.73770000   6.68322763
  2.88500000   2.88500000 -63.96510000   6.72130347
  2.91000000   2.91000000 -64.19020000   6.75957856
  2.93500000   2.93500000 -64.41280000   6.79798505
  2.96000000   2.96000000 -64.63310000   6.83657521
  2.98500000   2.98500000 -64.85100000   6.87531034
  3.01000000   3.01000000 -65.06650000   6.91418147
  3.03500000   3.03500000 -65.27980000   6.95324322
  3.06000000   3.06000000 -65.49060000   6.99239126
  3.08500000   3.08500000 -65.69910000   7.03167992
  3.11000000   3.11000000 -65.90530000   7.07110004
  3.13500000   3.13500000 -66.10900000   7.11057507
  3.16000000   3.16000000 -66.31030000   7.15012667
  3.18500000   3.18500000 -66.50920000   7.18974337
  3.21000000   3.21000000 -66.70550000   7.22934383
  3.23500000   3.23500000 -66.89930000   7.26894844
  3.26000000   3.26000000 -67.09030000   7.30843652
  3.28500000   3.28500000 -67.27860000   7.34782587
  3.31000000   3.31000000 -67.46380000   7.38695336
  3.33500000   3.33500000 -67.64600000   7.42583281
  3.36000000   3.36000000 -67.82460000   7.46421829
  3.38500000   3.38500000 -67.99950000   7.50204163
  3.41000000   3.41000000 -68.17000000   7.53900370
  3.43500000   3.43500000 -68.33540000   7.57479324
  3.46000000   3.46000000 -68.49440000   7.60885360
  3.48500000   3.48500000 -68.64280000   7.63946765
  3.51000000   3.51000000 -68.77340000   7.66367073
  3.53500000   3.53500000 -68.88730000   7.68173603
  3.56000000   3.56000000 -68.97100000   7.68812082
  3.58500000   3.58500000 -69.05610000   7.69537254
  3.61000000   3.61000000 -69.15740000   7.70948248
  3.63500000   3.63500000 -69.27400000   7.73019862
  3.66000000   3.66000000 -69.40260000   7.75630358
  3.68500000   3.68500000 -69.54040000   7.78676648
  3.71000000   3.71000000 -69.68520000   7.82078127
  3.73500000   3.73500000 -69.83530000   7.85772785
  3.76000000   3.76000000 -69.98960000   7.89722041
  3.78500000   3.78500000 -70.14720000   7.93894459
  3.81000000   3.81000000 -70.30730000   7.98261636
  3.83500000   3.83500000 -70.46930000   8.02802728
  3.86000000   3.86000000 -70.63280000   8.07504865
  3.88500000   3.88500000 -70.79740000   8.12354504
  3.91000000   3.91000000 -70.96300000   8.17351240
  3.93500000   3.93500000 -71.12910000   8.22475862
  3.96000000   3.96000000 -71.29570000   8.27731824
  3.98500000   3.98500000 -71.46250000   8.33108265
  4.01000000   4.01000000 -71.62940000   8.38603432
  4.03500000   4.03500000 -71.79640000   8.44220383
  4.06000000   4.06000000 -71.96320000   8.49947180
  4.08500000   4.08500000 -72.12990000   8.55791568
  4.11000000   4.11000000 -72.29630000   8.61746121
  4.13500000   4.13500000 -72.46240000   8.67813435
  4.16000000   4.16000000 -72.62810000   8.73990843
  4.18500000   4.18500000 -72.79350000   8.80286316
  4.21000000   4.21000000 -72.95830000   8.86686163
  4.23500000   4.23500000 -73.12270000   8.93203795
  4.26000000   4.26000000 -73.28660000   8.99836310
  4.28500000   4.28500000 -73.44990000   9.06580530
  4.31000000   4.31000000 -73.61270000   9.13444766
  4.33500000   4.33500000 -73.77490000   9.20425819
  4.36000000   4.36000000 -73.93650000   9.27526272
  4.38500000   4.38500000 -74.09750000   9.34748788
  4.41000000   4.41000000 -74.25790000   9.42096119
  4.43500000   4.43500000 -74.41770000   9.49571100
  4.46000000   4.46000000 -74.57690000   9.57176663
  4.48500000   4.48500000 -74.73540000   9.64909202
  4.51000000   4.51000000 -74.89330000   9.72778236
  4.53500000   4.53500000 -75.05070000   9.80793853
  4.56000000   4.56000000 -75.20730000   9.88938770
  4.58500000   4.58500000 -75.36340000   9.97237027
  4.61000000   4.61000000 -75.51880000  10.05678059
  4.63500000   4.63500000 -75.67370000  10.14279898
  4.66000000   4.66000000 -75.82790000  10.23031702
  4.68500000   4.68500000 -75.98150000  10.31944632
  4.71000000   4.71000000 -76.13450000  10.41022738
  4.73500000   4.73500000 -76.28680000  10.50262251
  4.76000000   4.76000000 -76.43860000  10.59683271
  4.78500000   4.78500000 -76.58980000  10.69282480
  4.81000000   4.81000000 -76.74040000  10.79064527
  4.83500000   4.83500000 -76.89040000  10.89034228
  4.86000000   4.86000000 -77.03980000  10.99196574
  4.88500000   4.88500000 -77.18860000  11.09556738
  4.91000000   4.91000000 -77.33680000  11.20120083
  4.93500000   4.93500000 -77.48450000  11.30901500
  4.96000000   4.96000000 -77.63150000  11.41888295
  4.98500000   4.98500000 -77.77810000  11.53115050
