 10  8  9  3 00  0  0  0  0
nnn_pot
  8                                                            Z1  BVs 1 - 8
  8  6
                                    15.415758   
                                    6.733045    
                                    1.700396    
                                    1.388626    
                                    1.091249    
                                    0.280868    
                                    0.087885    
                                    0.033178    
    3.991205    1.999389    0.726073    0.662361    0.036664    0.026317
  1  1
          1.

  1  1
                      1.

  1  1
                                  1.

  1  1
                                              1.

  1  1
                                                          1.

  1  1
                                                                      1.

  1  1

          1.
  1  1

                      1.
  8                                                            Z2  BVs 9 - 16
  8  6
                                    31.930164   
                                    13.309279   
                                    4.335822    
                                    3.706403    
                                    1.975090    
                                    0.493772    
                                    0.101302    
                                    0.018977    
    0.495784    0.379352    0.150751    0.040459    0.010155    0.006922
  1  1
          1.

  1  1
                      1.

  1  1
                                  1.

  1  1
                                              1.

  1  1
                                                          1.

  1  1
                                                                      1.

  1  1

          1.
  1  1

                      1.
eob-tni/123_123
elu-tni/000_000
eob-tni/123_123
elu-tni/000_000
eob-tni/123_123
elu-tni/000_000
