 11  2 12 31  1  1 +2  0  0 -1
  1  1  1  1  0  0  0  0  0  0  0  0  0  0  1  1
   0.0000000   1.0000000   0.0000000   0.0000000   0.0000000   0.0000000   0.0000000
   0.0000000   0.0000000   0.0000000   0.0000000   0.0000000   0.0000000   1.0000000
   0.0000000   0.0000000   0.0000000   0.0000000   0.0000000   0.0000000   0.0000000
   0.0000000   0.0000000   0.0000000   0.0000000   0.0000000   0.0000000   0.0000000
   0.0000000   0.0000000
   1 100   0   0   0   1
 115
0.088918970         
32.541810000        
13.851900000        
49.916020000        
-47.835940000       
27.140400000        
-5.086687000        
-18.121980000       
-31.489880000       
-4.593260000        
-0.024906650        
0.019078440         
0.430362100         
-0.140807000        
-0.285845100        
-0.819133000        
-0.083452850        
0.100954600         
-0.362155600        
-0.029852340        
-0.108681800        
-11.092110000       
0.011752640         
-0.827018900        
7.368623000         
-0.484106900        
-2.980615000        
-24.475400000       
-0.094227310        
0.103621400         
-0.068596650        
0.027425380         
-0.802947000        
0.734082500         
-0.499251700        
0.903675200         
-0.588273900        
0.212309600         
-50.521290000       
40.072610000        
2.033362000         
-9.182160000        
-4.156748000        
12.485530000        
-7.904407000        
12.361570000        
-0.079006740        
0.107972000         
0.494434700         
0.379494200         
-0.174131400        
85.665130000        
-131.830700000      
92.049650000        
40.811620000        
0.854018100         
4.428530000         
-11.292810000       
-39.802110000       
-98.358270000       
140.732500000       
-86.684780000       
48.359360000        
-35.970240000       
-0.382786400        
-0.051586200        
38.824040000        
-3.848181000        
0.561771400         
0.196039800         
-0.056035460        
-0.029400090        
0.032122040         
-16.983160000       
87.716730000        
29.921490000        
-17.549080000       
-0.122444200        
-0.007055251        
-0.670745100        
-115.131200000      
9.169249000         
-0.012792820        
0.239745700         
-1.284074000        
134.838700000       
-0.073712760        
-0.005380072        
-53.820880000       
4.537882000         
6.797903000         
0.175700600         
-8.052900000        
-17.651750000       
3.105776000         
1.643317000         
3.091022000         
0.186964700         
-0.225456500        
-19.396850000       
0.657189900         
2.024628000         
0.529167700         
0.058920610         
-9.217080000        
-46.964270000       
0.898159600         
15.838710000        
0.249631600         
-11.930960000       
4.426562000         
23.695310000        
-0.555501300        
2.956517000         
-0.103568000        
  0  1  1
 115   1   2   3   4   5   6   7   8   9  10  11  12  13  14  15  16  17  18  19
  20  21  22  23  24  25  26  27  28  29  30  31  32  33  34  35  36  37  38  39
  40  41  42  43  44  45  46  47  48  49  50  51  52  53  54  55  56  57  58  59
  60  61  62  63  64  65  66  67  68  69  70  71  72  73  74  75  76  77  78  79
  80  81  82  83  84  85  86  87  88  89  90  91  92  93  94  95  96  97  98  99
 100 101 102 103 104 105 106 107 108 109 110 111 112 113 114 115
   1   2   3   4   5   6   7   8   9  10  11  12  13  14  15  16  17  18  19  20
  21  22  23  24  25  26  27  28  29  30  31  32  33  34  35  36  37  38  39  40
  41  42  43  44  45  46  47  48  49  50  51  52  53  54  55  56  57  58  59  60
  61  62  63  64  65  66  67  68  69  70  71  72  73  74  75  76  77  78  79  80
  81  82  83  84  85  86  87  88  89  90  91  92  93  94  95  96  97  98  99 100
 101 102 103 104 105 106 107 108 109 110 111 112 113 114 115
  1  1  1  1  1  1  1  1  1  1  1  1  1  1  1  1  1  1  1  1
  0  1  1 -1
   1   1
33  
  0  1  0  1  0  1
  0  1  1
   1   2
19  
  0  1  0  1  0  1
  0  1  1
   1   3
76  
  0  1  0  1  0  1
  0  1  1
   1   4
56  
  0  1  0  1  0  1
  0  1  1
   1   5
7   
  0  1  0  1  0  1
  0  1  1
   1   6
105 
  0  1  0  1  0  1
  0  1  1
   1   7
51  
  0  1  0  1  0  1
  0  1  1
   1  11
84  
  0  1  0  1  0  1
  0  1  1
   1  14
93  
  0  1  0  1  0  1
  0  1  1
   1  19
52  
  0  1  0  1  0  1
  0  1  1
   1  23
10  
  0  1  0  1  0  1
  0  1  1
   1  25
68  
  0  1  0  1  0  1
  0  1  1
   1  27
7   
  0  1  0  1  0  1
  0  1  1
   1  29
38  
  0  1  0  1  0  1
  0  1  1
   1  30
57  
  0  1  0  1  0  1
  0  1  1
   1  31
8   
  0  1  0  1  0  1
  0  1  1
   1  32
54  
  0  1  0  1  0  1
  0  1  1
   1  33
41  
  0  1  0  1  0  1
  0  1  1
   1  34
105 
  0  1  0  1  0  1
  0  1  1
   1  35
92  
  0  1  0  1  0  1
  0  1  1
   1  36
54  
  0  1  0  1  0  1
  0  1  1
   1  37
30  
  0  1  0  1  0  1
  0  1  1
   1  38
4   
  0  1  0  1  0  1
  0  1  1
   1  39
93  
  0  1  0  1  0  1
  0  1  1
   1  40
65  
  0  1  0  1  0  1
  0  1  1
   1  42
54  
  0  1  0  1  0  1
  0  1  1
   1  43
59  
  0  1  0  1  0  1
  0  1  1
   1  44
103 
  0  1  0  1  0  1
  0  1  1
   1  45
16  
  0  1  0  1  0  1
  0  1  1
   1  46
82  
  0  1  0  1  0  1
  0  1  1
   1  47
74  
  0  1  0  1  0  1
  0  1  1
   1  48
52  
  0  1  0  1  0  1
  0  1  1
   1  49
22  
  0  1  0  1  0  1
  0  1  1
   1  50
60  
  0  1  0  1  0  1
  0  1  1
   1  51
9   
  0  1  0  1  0  1
  0  1  1
   1  52
2   
  0  1  0  1  0  1
  0  1  1
   1  53
63  
  0  1  0  1  0  1
  0  1  1
   1  55
28  
  0  1  0  1  0  1
  0  1  1
   1  56
18  
  0  1  0  1  0  1
  0  1  1
   1  57
43  
  0  1  0  1  0  1
  0  1  1
   1  58
2   
  0  1  0  1  0  1
  0  1  1
   1  59
22  
  0  1  0  1  0  1
  0  1  1
   1  60
44  
  0  1  0  1  0  1
  0  1  1
   1  61
58  
  0  1  0  1  0  1
  0  1  1
   1  62
100 
  0  1  0  1  0  1
  0  1  1
   1  63
3   
  0  1  0  1  0  1
  0  1  1
   1  64
77  
  0  1  0  1  0  1
  0  1  1
   1  65
89  
  0  1  0  1  0  1
  0  1  1
   1  66
58  
  0  1  0  1  0  1
  0  1  1
   1  67
38  
  0  1  0  1  0  1
  0  1  1
   1  68
108 
  0  1  0  1  0  1
  0  1  1
   1  69
58  
  0  1  0  1  0  1
  0  1  1
   1  70
113 
  0  1  0  1  0  1
  0  1  1
   1  71
49  
  0  1  0  1  0  1
  0  1  1
   1  73
22  
  0  1  0  1  0  1
  0  1  1
   1  74
75  
  0  1  0  1  0  1
  0  1  1
   1  75
26  
  0  1  0  1  0  1
  0  1  1
   1  76
58  
  0  1  0  1  0  1
  0  1  1
   1  77
107 
  0  1  0  1  0  1
  0  1  1
   1  80
85  
  0  1  0  1  0  1
  0  1  1
   1  81
114 
  0  1  0  1  0  1
  0  1  1
   1  82
54  
  0  1  0  1  0  1
  0  1  1
   1  84
55  
  0  1  0  1  0  1
  0  1  1
   1  85
58  
  0  1  0  1  0  1
  0  1  1
   1  87
59  
  0  1  0  1  0  1
  0  1  1
   1  88
63  
  0  1  0  1  0  1
  0  1  1
   1  90
69  
  0  1  0  1  0  1
  0  1  1
   1  91
94  
  0  1  0  1  0  1
  0  1  1
   1  92
30  
  0  1  0  1  0  1
  0  1  1
   1  93
45  
  0  1  0  1  0  1
  0  1  1
   1  94
40  
  0  1  0  1  0  1
  0  1  1
   1  95
15  
  0  1  0  1  0  1
  0  1  1
   1  96
91  
  0  1  0  1  0  1
  0  1  1
   1  97
56  
  0  1  0  1  0  1
  0  1  1
   1  98
65  
  0  1  0  1  0  1
  0  1  1
   1 101
46  
  0  1  0  1  0  1
  0  1  1
   1 102
40  
  0  1  0  1  0  1
  0  1  1
   1 103
39  
  0  1  0  1  0  1
  0  1  1
   1 104
52  
  0  1  0  1  0  1
  0  1  1
   1 105
110 
  0  1  0  1  0  1
  0  1  1
   1 106
60  
  0  1  0  1  0  1
  0  1  1
   1 107
75  
  0  1  0  1  0  1
  0  1  1
   1 109
5   
  0  1  0  1  0  1
  0  1  1
   1   8
28  
  0  1  0  1  0  1
  0  1  1
   1  12
26  
  0  1  0  1  0  1
  0  1  1
   1  13
100 
  0  1  0  1  0  1
  0  1  1
   1  15
59  
  0  1  0  1  0  1
  0  1  1
   1  16
7   
  0  1  0  1  0  1
  0  1  1
   1  17
105 
  0  1  0  1  0  1
  0  1  1
   1  18
59  
  0  1  0  1  0  1
  0  1  1
   1  20
35  
  0  1  0  1  0  1
  0  1  1
   1  21
25  
  0  1  0  1  0  1
  0  1  1
   1  22
5   
  0  1  0  1  0  1
  0  1  1
   1  24
112 
  0  1  0  1  0  1
  0  1  1
   1  26
48  
  0  1  0  1  0  1
  0  1  1
   1  54
94  
  0  1  0  1  0  1
  0  1  1
   1  72
67  
  0  1  0  1  0  1
  0  1  1
   1  78
30  
  0  1  0  1  0  1
  0  1  1
   1  79
78  
  0  1  0  1  0  1
  0  1  1
   1  83
3   
  0  1  0  1  0  1
  0  1  1
   1  89
82  
  0  1  0  1  0  1
  0  1  1
   1  98
25  
  0  1  0  1  0  1
  0  1  1
   1 110
55  
  0  1  0  1  0  1
