 10  8  9  3 00  0  0  0
nn_pot
  8
  8 20
                                                            0.088116    
5.408115    2.446214    
                                                            19.682947   
6.026024    2.446214    
                                                            5.828080    
11.455392   0.299048    
                                                            5.828080    
11.455392   1.345557    
                                                            5.828080    
11.455392   0.862300    
                                                            5.828080    
11.455392   2.446214    
                                                            13.886420   
0.779292    0.299048    
                                                            13.886420   
0.779292    1.345557    
   12.956650    5.134670    2.947287    1.342339    0.821446    0.444741
    2.939000    1.690174    1.185236    0.843000    0.500110    0.257369
    0.138520    0.071429    0.038519    0.018573    0.009726    0.005619
    0.002765    0.001010
  1  1
          1.

  1  1
                      1.

  1  1
                                  1.

  1  1
                                              1.

  1  1
                                                          1.

  1  1
                                                                      1.

  1  1

          1.
  1  1

                      1.
  8
  8 20
                                                            13.886420   
0.779292    0.862300    
                                                            13.886420   
0.779292    2.446214    
                                                            0.720715    
0.030963    0.862300    
                                                            0.720715    
0.030963    2.446214    
                                                            1.792525    
0.092023    1.345557    
                                                            1.792525    
0.092023    0.862300    
                                                            1.792525    
0.092023    2.446214    
                                                            2.446317    
0.290570    0.436922    
   12.956650    5.134670    2.947287    1.342339    0.821446    0.444741
    2.939000    1.690174    1.185236    0.843000    0.500110    0.257369
    0.138520    0.071429    0.038519    0.018573    0.009726    0.005619
    0.002765    0.001010
  1  1
          1.

  1  1
                      1.

  1  1
                                  1.

  1  1
                                              1.

  1  1
                                                          1.

  1  1
                                                                      1.

  1  1

          1.
  1  1

                      1.
  8
  8 20
                                                            2.446317    
0.290570    0.099337    
                                                            2.446317    
0.290570    7.470468    
                                                            2.446317    
0.290570    2.323507    
                                                            0.199592    
1.462041    0.099337    
                                                            0.199592    
1.462041    2.323507    
                                                            8.541128    
0.527497    0.788036    
                                                            8.541128    
0.527497    0.099337    
                                                            8.541128    
0.527497    7.470468    
   12.956650    5.134670    2.947287    1.342339    0.821446    0.444741
    2.939000    1.690174    1.185236    0.843000    0.500110    0.257369
    0.138520    0.071429    0.038519    0.018573    0.009726    0.005619
    0.002765    0.001010
  1  1
          1.

  1  1
                      1.

  1  1
                                  1.

  1  1
                                              1.

  1  1
                                                          1.

  1  1
                                                                      1.

  1  1

          1.
  1  1

                      1.
  8
  8 20
                                                            8.541128    
0.527497    2.323507    
                                                            2.121705    
4.032752    0.099337    
                                                            2.121705    
4.032752    7.470468    
                                                            2.121705    
4.032752    2.323507    
                                                            7.849492    
0.108629    0.099337    
                                                            7.849492    
0.108629    7.470468    
                                                            0.233176    
6.632819    0.436922    
                                                            0.233176    
6.632819    0.099337    
   12.956650    5.134670    2.947287    1.342339    0.821446    0.444741
    2.939000    1.690174    1.185236    0.843000    0.500110    0.257369
    0.138520    0.071429    0.038519    0.018573    0.009726    0.005619
    0.002765    0.001010
  1  1
          1.

  1  1
                      1.

  1  1
                                  1.

  1  1
                                              1.

  1  1
                                                          1.

  1  1
                                                                      1.

  1  1

          1.
  1  1

                      1.
  1
  1 20
                                                            0.233176    
6.632819    7.470468    
   12.956650    5.134670    2.947287    1.342339    0.821446    0.444741
    2.939000    1.690174    1.185236    0.843000    0.500110    0.257369
    0.138520    0.071429    0.038519    0.018573    0.009726    0.005619
    0.002765    0.001010
  1  1
          1.
  8
  8 20
                                                            0.276627    
0.850540    0.197657    
                                                            0.276627    
0.850540    0.174533    
                                                            2.882648    
0.305466    0.197657    
                                                            2.882648    
0.305466    0.174533    
                                                            2.882648    
0.305466    3.099320    
                                                            4.827941    
5.317963    0.483618    
                                                            4.827941    
5.317963    0.353736    
                                                            4.827941    
5.317963    0.197657    
   12.956650    5.134670    2.947287    1.342339    0.821446    0.444741
    2.939000    1.690174    1.185236    0.843000    0.500110    0.257369
    0.138520    0.071429    0.038519    0.018573    0.009726    0.005619
    0.002765    0.001010
  1  1
          1.

  1  1
                      1.

  1  1
                                  1.

  1  1
                                              1.

  1  1
                                                          1.

  1  1
                                                                      1.

  1  1

          1.
  1  1

                      1.
  8
  8 20
                                                            4.827941    
5.317963    0.174533    
                                                            4.827941    
5.317963    3.099320    
                                                            17.397142   
1.527408    0.197657    
                                                            17.397142   
1.527408    0.174533    
                                                            17.397142   
1.527408    3.099320    
                                                            5.122105    
0.124055    0.174533    
                                                            5.122105    
0.124055    3.099320    
                                                            7.798483    
0.282328    0.207770    
   12.956650    5.134670    2.947287    1.342339    0.821446    0.444741
    2.939000    1.690174    1.185236    0.843000    0.500110    0.257369
    0.138520    0.071429    0.038519    0.018573    0.009726    0.005619
    0.002765    0.001010
  1  1
          1.

  1  1
                      1.

  1  1
                                  1.

  1  1
                                              1.

  1  1
                                                          1.

  1  1
                                                                      1.

  1  1

          1.
  1  1

                      1.
  8
  8 20
                                                            7.798483    
0.282328    4.454622    
                                                            3.898457    
0.095671    4.454622    
                                                            6.026172    
8.554320    0.406855    
                                                            6.026172    
8.554320    0.248298    
                                                            6.026172    
8.554320    0.207770    
                                                            6.026172    
8.554320    4.454622    
                                                            1.694288    
14.888326   0.207770    
                                                            1.694288    
14.888326   4.454622    
   12.956650    5.134670    2.947287    1.342339    0.821446    0.444741
    2.939000    1.690174    1.185236    0.843000    0.500110    0.257369
    0.138520    0.071429    0.038519    0.018573    0.009726    0.005619
    0.002765    0.001010
  1  1
          1.

  1  1
                      1.

  1  1
                                  1.

  1  1
                                              1.

  1  1
                                                          1.

  1  1
                                                                      1.

  1  1

          1.
  1  1

                      1.
  6
  6 20
                                                            4.356486    
10.778608   0.248298    
                                                            4.356486    
10.778608   4.454622    
                                                            10.159494   
12.018058   0.406855    
                                                            10.159494   
12.018058   0.248298    
                                                            10.159494   
12.018058   0.207770    
                                                            10.159494   
12.018058   4.454622    
   12.956650    5.134670    2.947287    1.342339    0.821446    0.444741
    2.939000    1.690174    1.185236    0.843000    0.500110    0.257369
    0.138520    0.071429    0.038519    0.018573    0.009726    0.005619
    0.002765    0.001010
  1  1
          1.
  1  1
                      1.
  1  1
                                  1.
  1  1
                                              1.
  1  1
                                                          1.
  1  1
                                                                      1.
  8
  8 20
                                                            8.198150    
8.104669    0.371029    
                                                            8.198150    
8.104669    0.048430    
                                                            0.558903    
8.556396    0.048430    
                                                            13.957209   
7.154921    0.371029    
                                                            13.957209   
7.154921    0.242165    
                                                            13.957209   
7.154921    0.048430    
                                                            0.271651    
9.775197    0.847947    
                                                            0.271651    
9.775197    0.371029    
   12.956650    5.134670    2.947287    1.342339    0.821446    0.444741
    2.939000    1.690174    1.185236    0.843000    0.500110    0.257369
    0.138520    0.071429    0.038519    0.018573    0.009726    0.005619
    0.002765    0.001010
  1  1
          1.

  1  1
                      1.

  1  1
                                  1.

  1  1
                                              1.

  1  1
                                                          1.

  1  1
                                                                      1.

  1  1

          1.
  1  1

                      1.
  8
  8 20
                                                            0.271651    
9.775197    0.242165    
                                                            0.271651    
9.775197    0.048430    
                                                            10.093068   
1.027962    1.788697    
                                                            10.093068   
1.027962    0.847947    
                                                            10.093068   
1.027962    0.371029    
                                                            10.093068   
1.027962    0.242165    
                                                            10.093068   
1.027962    0.048430    
                                                            0.153058    
4.943115    0.048430    
   12.956650    5.134670    2.947287    1.342339    0.821446    0.444741
    2.939000    1.690174    1.185236    0.843000    0.500110    0.257369
    0.138520    0.071429    0.038519    0.018573    0.009726    0.005619
    0.002765    0.001010
  1  1
          1.

  1  1
                      1.

  1  1
                                  1.

  1  1
                                              1.

  1  1
                                                          1.

  1  1
                                                                      1.

  1  1

          1.
  1  1

                      1.
  8
  8 20
                                                            0.346134    
9.233606    5.227775    
                                                            1.610406    
2.901684    5.522375    
                                                            1.610406    
2.901684    1.288636    
                                                            1.610406    
2.901684    0.765059    
                                                            1.610406    
2.901684    0.161097    
                                                            1.610406    
2.901684    0.351532    
                                                            1.610406    
2.901684    5.227775    
                                                            0.121112    
0.330119    0.351532    
   12.956650    5.134670    2.947287    1.342339    0.821446    0.444741
    2.939000    1.690174    1.185236    0.843000    0.500110    0.257369
    0.138520    0.071429    0.038519    0.018573    0.009726    0.005619
    0.002765    0.001010
  1  1
          1.

  1  1
                      1.

  1  1
                                  1.

  1  1
                                              1.

  1  1
                                                          1.

  1  1
                                                                      1.

  1  1

          1.
  1  1

                      1.
  7
  7 20
                                                            0.121112    
0.330119    5.227775    
                                                            6.935400    
1.297912    0.765059    
                                                            6.935400    
1.297912    0.161097    
                                                            6.935400    
1.297912    5.227775    
                                                            14.518342   
1.925063    0.161097    
                                                            14.518342   
1.925063    0.351532    
                                                            14.518342   
1.925063    5.227775    
   12.956650    5.134670    2.947287    1.342339    0.821446    0.444741
    2.939000    1.690174    1.185236    0.843000    0.500110    0.257369
    0.138520    0.071429    0.038519    0.018573    0.009726    0.005619
    0.002765    0.001010
  1  1
          1.

  1  1
                      1.

  1  1
                                  1.

  1  1
                                              1.

  1  1
                                                          1.

  1  1
                                                                      1.

  1  1

          1.
  8
  8 20
                                                            17.593098   
0.778372    0.899270    
                                                            17.593098   
0.778372    0.173438    
                                                            17.593098   
0.778372    5.483710    
                                                            6.392392    
0.175091    0.173438    
                                                            6.392392    
0.175091    5.483710    
                                                            1.637894    
2.515137    0.899270    
                                                            1.637894    
2.515137    0.173438    
                                                            1.637894    
2.515137    5.483710    
   12.956650    5.134670    2.947287    1.342339    0.821446    0.444741
    2.939000    1.690174    1.185236    0.843000    0.500110    0.257369
    0.138520    0.071429    0.038519    0.018573    0.009726    0.005619
    0.002765    0.001010
  1  1
          1.

  1  1
                      1.

  1  1
                                  1.

  1  1
                                              1.

  1  1
                                                          1.

  1  1
                                                                      1.

  1  1

          1.
  1  1

                      1.
  8
  8 20
                                                            0.696705    
10.666059   1.082797    
                                                            0.696705    
10.666059   0.077834    
                                                            10.622085   
6.274045    0.170708    
                                                            10.622085   
6.274045    1.082797    
                                                            10.622085   
6.274045    0.077834    
                                                            1.676931    
1.718716    1.082797    
                                                            1.676931    
1.718716    0.077834    
                                                            8.937702    
3.635757    0.397037    
   12.956650    5.134670    2.947287    1.342339    0.821446    0.444741
    2.939000    1.690174    1.185236    0.843000    0.500110    0.257369
    0.138520    0.071429    0.038519    0.018573    0.009726    0.005619
    0.002765    0.001010
  1  1
          1.

  1  1
                      1.

  1  1
                                  1.

  1  1
                                              1.

  1  1
                                                          1.

  1  1
                                                                      1.

  1  1

          1.
  1  1

                      1.
  5
  5 20
                                                            8.937702    
3.635757    0.170708    
                                                            8.937702    
3.635757    1.082797    
                                                            8.937702    
3.635757    0.077834    
                                                            6.000456    
0.822894    1.082797    
                                                            6.000456    
0.822894    0.077834    
   12.956650    5.134670    2.947287    1.342339    0.821446    0.444741
    2.939000    1.690174    1.185236    0.843000    0.500110    0.257369
    0.138520    0.071429    0.038519    0.018573    0.009726    0.005619
    0.002765    0.001010
  1  1
          1.
  1  1
                      1.
  1  1
                                  1.
  1  1
                                              1.
  1  1
                                                          1.
