 10  8  9  3 00  0  0  0  0
nnn_pot
  8                                                            Z1  BVs 1 - 8
  8 10
                                                2.504895    8.920199    
                                                10.358597   1.512006    
                                                6.273596    1.011729    
                                                0.261649    0.116485    
                                                5.466689    0.212670    
                                                0.482012    1.317958    
                                                1.508040    0.103905    
                                                19.584961   2.517743    
   22.748854    6.896455    0.945300    0.820298    0.225829    0.232123
    0.077199    0.033656    0.007043    0.005262
  1  1
          1.

  1  1
                      1.

  1  1
                                  1.

  1  1
                                              1.

  1  1
                                                          1.

  1  1
                                                                      1.

  1  1

          1.
  1  1

                      1.
  4                                                            Z2  BVs 9 - 12
  4 10
                                                0.166047    62.225887   
                                                11.234871   2.954239    
                                                0.050709    0.191983    
                                                0.076349    7.731603    
   11.074502    8.768924    0.685533    0.695298    0.234174    0.169912
    0.077878    0.012274    0.112690    0.004957
  1  1
          1.
  1  1
                      1.
  1  1
                                  1.
  1  1
                                              1.
  8                                                            Z3  BVs 13 - 20
  8 10
                                                0.085915    0.147935    
                                                10.066697   0.036599    
                                                1.552017    0.505874    
                                                0.834346    0.090789    
                                                0.039944    2.787157    
                                                25.092257   57.459404   
                                                6.177840    5.838875    
                                                1.181052    2.594507    
    9.105519   65.481728    1.278583    1.082367    0.487560    0.078843
    0.763353    0.068753    0.012179    0.004490
  1  1
          1.

  1  1
                      1.

  1  1
                                  1.

  1  1
                                              1.

  1  1
                                                          1.

  1  1
                                                                      1.

  1  1

          1.
  1  1

                      1.
  4                                                            Z4  BVs 21 - 24
  4 10
                                                0.601352    0.055980    
                                                1.428028    72.843681   
                                                8.997942    0.291960    
                                                0.335380    0.528594    
    4.697527    4.007479    1.389898    0.662277    6.808461    0.244060
    0.075779    0.023078    0.096069    0.004487
  1  1
          1.
  1  1
                      1.
  1  1
                                  1.
  1  1
                                              1.
eob-tni/np1s_np1s_12-34_np1s_np1s_12-34
elu-tni/000-0_000-0
eob-tni/np1s_np1s_12-34_np1s_np1s_12-34
elu-tni/000-0_000-0
eob-tni/np1s_np1s_12-34_np1s_np1s_12-34
elu-tni/000-0_000-0
eob-tni/tp_123-4_np1s_np1s_12-34
elu-tni/000-0_000-0
eob-tni/tp_123-4_np1s_np1s_12-34
elu-tni/000-0_000-0
eob-tni/tp_123-4_tp_123-4
elu-tni/000-0_000-0
eob-tni/tp_123-4_np1s_np1s_12-34
elu-tni/000-0_000-0
eob-tni/tp_123-4_np1s_np1s_12-34
elu-tni/000-0_000-0
eob-tni/tp_123-4_tp_123-4
elu-tni/000-0_000-0
eob-tni/tp_123-4_tp_123-4
elu-tni/000-0_000-0
