 11  2 12 31  1  1 +2  0  0 -1
  1  1  1  1  0  0  0  0  0  0  0  0  0  0  1  1
   0.0000000   1.0000000   1.0000000   1.0000000   1.0000000   1.0000000   1.0000000
   1.0000000   1.0000000   1.0000000   1.0000000   1.0000000   1.0000000   1.0000000
   1.0000000   1.0000000   1.0000000   1.0000000   1.0000000   1.0000000   1.0000000
   1.0000000   1.0000000   1.0000000   1.0000000   1.0000000   1.0000000   1.0000000
   1.0000000   1.0000000
   0 151   0   0   0   1
 276
1.219608224         
0.612743581         
0.243988774         
0.053704715         
0.612743581         
0.307848610         
0.122582442         
0.026981795         
0.243988774         
0.122582442         
0.048811184         
0.010743899         
0.053704715         
0.026981795         
0.010743899         
0.002364855         
1.219608224         
1.225487163         
0.487977547         
0.107409430         
0.307848610         
0.245164885         
0.053963591         
0.048811184         
0.021487798         
0.002364855         
1.219608246         
1.225487185         
0.487977556         
0.107409432         
0.307848616         
0.245164889         
0.053963592         
0.048811185         
0.021487798         
0.002364855         
-1.013308000        
0.376058200         
-0.035759950        
-0.020784140        
-0.001812152        
-1.551652000        
0.821469000         
0.665375600         
-0.057463870        
-0.001791502        
1.467876000         
0.374322700         
-0.522502900        
-0.038866370        
-0.004649873        
-0.029738010        
0.119006400         
-1.044971000        
-0.069803430        
-0.003789141        
-0.072109980        
0.167858700         
-305.728300000      
-0.019157800        
-0.001818022        
0.020065660         
-0.038899630        
0.120384300         
-0.023893760        
-0.001474236        
2.180910000         
-1.047573000        
-0.300317600        
-0.594595500        
-0.040535730        
-0.232649700        
0.202132500         
-0.309980600        
1.046085000         
-0.024720100        
0.383595200         
-0.513232800        
-0.241920700        
305.133400000       
-0.055600080        
-0.194211600        
0.246596300         
0.118384500         
0.620612300         
0.037898990         
-0.029541890        
0.039123220         
0.004699295         
-0.057378390        
-0.007694369        
0.000348736         
-0.000475980        
0.000004521         
0.000302259         
-0.002040498        
-0.020740120        
-0.028555410        
0.029385560         
-0.014116810        
0.000485640         
-0.094873820        
-0.134082400        
-0.197778400        
0.263352500         
0.033174490         
0.069941710         
-0.292906400        
1.496314000         
-0.514311000        
-0.011837030        
-0.046434570        
0.306822100         
-0.439377600        
0.505046100         
0.072503670         
0.027157900         
-0.347670600        
0.983698900         
-0.304355000        
-0.010461330        
-0.002630933        
0.014090890         
0.021287860         
0.002395645         
0.024726580         
-1.000849000        
1.666257000         
-0.585708800        
0.296295900         
0.042175580         
-0.336742800        
-0.561527100        
-0.184568100        
0.057760300         
-0.000690886        
-0.183727800        
0.260962200         
-0.791971000        
0.183414900         
0.028740810         
0.027083240         
-0.037122910        
0.007231027         
0.158780500         
0.000734560         
-0.008690438        
0.012229750         
-0.005801091        
-0.004988054        
0.011450190         
0.000221841         
-0.000294751        
0.000130696         
-0.000320142        
0.001350798         
-1.013308000        
0.376058200         
-0.035759950        
-0.020784140        
-0.001812152        
-1.551651000        
0.821469100         
0.665375600         
-0.057463870        
-0.001791502        
1.467876000         
0.374322700         
-0.522502900        
-0.038866370        
-0.004649873        
-0.029738030        
0.119006400         
-1.044971000        
-0.069803430        
-0.003789141        
-0.072109980        
0.167858700         
-305.728300000      
-0.019157800        
-0.001818022        
0.020065660         
-0.038899630        
0.120384400         
-0.023893760        
-0.001474236        
2.180909000         
-1.047574000        
-0.300317600        
-0.594595500        
-0.040535730        
-0.232649600        
0.202132500         
-0.309980600        
1.046085000         
-0.024720100        
0.383595200         
-0.513232800        
-0.241920700        
305.133400000       
-0.055600080        
-0.194211600        
0.246596300         
0.118384500         
0.620612300         
0.037898990         
-0.029541890        
0.039123220         
0.004699295         
-0.057378390        
-0.007694369        
0.000348736         
-0.000475980        
0.000004521         
0.000302259         
-0.002040498        
-0.020740120        
-0.028555410        
0.029385560         
-0.014116810        
0.000485640         
-0.094873820        
-0.134082400        
-0.197778400        
0.263352500         
0.033174490         
0.069941710         
-0.292906400        
1.496314000         
-0.514311000        
-0.011837030        
-0.046434570        
0.306822100         
-0.439377500        
0.505046100         
0.072503670         
0.027157900         
-0.347670600        
0.983698800         
-0.304354900        
-0.010461330        
-0.002630934        
0.014090890         
0.021287850         
0.002395646         
0.024726580         
-1.000849000        
1.666256000         
-0.585708700        
0.296295900         
0.042175580         
-0.336742800        
-0.561527100        
-0.184568200        
0.057760300         
-0.000690886        
-0.183727800        
0.260962200         
-0.791970900        
0.183414900         
0.028740810         
0.027083240         
-0.037122910        
0.007231028         
0.158780500         
0.000734560         
-0.008690439        
0.012229750         
-0.005801091        
-0.004988053        
0.011450190         
0.000221841         
-0.000294751        
0.000130696         
-0.000320142        
0.001350798         
  1  1  0
 120 157 158 159 160 161 162 163 164 165 166 167 168 169 170 171 172 173 174 175
 176 177 178 179 180 181 182 183 184 185 186 187 188 189 190 191 192 193 194 195
 196 197 198 199 200 201 202 203 204 205 206 207 208 209 210 211 212 213 214 215
 216 217 218 219 220 221 222 223 224 225 226 227 228 229 230 231 232 233 234 235
 236 237 238 239 240 241 242 243 244 245 246 247 248 249 250 251 252 253 254 255
 256 257 258 259 260 261 262 263 264 265 266 267 268 269 270 271 272 273 274 275
 276
 157 158 159 160 161 162 163 164 165 166 167 168 169 170 171 172 173 174 175 176
 177 178 179 180 181 182 183 184 185 186 187 188 189 190 191 192 193 194 195 196
 197 198 199 200 201 202 203 204 205 206 207 208 209 210 211 212 213 214 215 216
 217 218 219 220 221 222 223 224 225 226 227 228 229 230 231 232 233 234 235 236
 237 238 239 240 241 242 243 244 245 246 247 248 249 250 251 252 253 254 255 256
 257 258 259 260 261 262 263 264 265 266 267 268 269 270 271 272 273 274 275 276
  1  1  1  1  1  1  1  1  1  1  1  1  1  1  1  1  1  1  1  1  1  1  1  1  1
  1  1  0
 120  37  38  39  40  41  42  43  44  45  46  47  48  49  50  51  52  53  54  55
  56  57  58  59  60  61  62  63  64  65  66  67  68  69  70  71  72  73  74  75
  76  77  78  79  80  81  82  83  84  85  86  87  88  89  90  91  92  93  94  95
  96  97  98  99 100 101 102 103 104 105 106 107 108 109 110 111 112 113 114 115
 116 117 118 119 120 121 122 123 124 125 126 127 128 129 130 131 132 133 134 135
 136 137 138 139 140 141 142 143 144 145 146 147 148 149 150 151 152 153 154 155
 156
  37  38  39  40  41  42  43  44  45  46  47  48  49  50  51  52  53  54  55  56
  57  58  59  60  61  62  63  64  65  66  67  68  69  70  71  72  73  74  75  76
  77  78  79  80  81  82  83  84  85  86  87  88  89  90  91  92  93  94  95  96
  97  98  99 100 101 102 103 104 105 106 107 108 109 110 111 112 113 114 115 116
 117 118 119 120 121 122 123 124 125 126 127 128 129 130 131 132 133 134 135 136
 137 138 139 140 141 142 143 144 145 146 147 148 149 150 151 152 153 154 155 156
  1  1  1  1  1  1  1  1  1  1  1  1  1  1  1  1  1  1  1  1  1  1  1  1  1
  2  2  0
  10  27  28  29  30  31  32  33  34  35  36
  27  28  29  30  31  32  33  34  35  36
  1  1  1  1  1  1  1  1  1  1  1  1  1  1  1  1  1  1  1  1  1  1  1  1  1
  0  0  0
  10  17  18  19  20  21  22  23  24  25  26
  17  18  19  20  21  22  23  24  25  26
  1  1  1  1  1  1  1  1  1  1  1  1  1  1  1  1  1  1  1  1  1  1  1  1  1
  0  0  0
  16   1   2   3   4   5   6   7   8   9  10  11  12  13  14  15  16
   1   2   3   4   5   6   7   8   9  10  11  12  13  14  15  16
  1  1  1  1  1  1  1  1  1  1  1  1  1  1  1  1  1  1  1  1  1  1  1  1  1
  0  0  0 -1
   1   1
137 
  1  0  1  0  1  0  1  0  0
  0  0  0
   1   2
190 
  1  0  1  0  1  0  1  0  0
  0  0  0
   1   3
192 
  1  0  1  0  1  0  1  0  0
  0  0  0
   1   4
145 
  1  0  1  0  1  0  1  0  0
  0  0  0
   1   5
48  
  1  0  1  0  1  0  1  0  0
  0  0  0
   1   6
103 
  1  0  1  0  1  0  1  0  0
  0  0  0
   1   7
187 
  1  0  1  0  1  0  1  0  0
  0  0  0
   1   8
38  
  1  0  1  0  1  0  1  0  0
  0  0  0
   1   9
194 
  1  0  1  0  1  0  1  0  0
  0  0  0
   1  10
234 
  1  0  1  0  1  0  1  0  0
  0  0  0
   1  11
109 
  1  0  1  0  1  0  1  0  0
  0  0  0
   1  17
103 
  1  0  1  0  1  0  1  0  0
  0  0  0
   1  18
58  
  1  0  1  0  1  0  1  0  0
  0  0  0
   1  19
130 
  1  0  1  0  1  0  1  0  0
  0  0  0
   1  20
104 
  1  0  1  0  1  0  1  0  0
  0  0  0
   1  21
77  
  1  0  1  0  1  0  1  0  0
  2  2  0
   1  27
205 
  1  0  1  0  1  0  1  0  0
  2  2  0
   1  28
53  
  1  0  1  0  1  0  1  0  0
  2  2  0
   1  29
194 
  1  0  1  0  1  0  1  0  0
  2  2  0
   1  30
132 
  1  0  1  0  1  0  1  0  0
  2  2  0
   1  31
133 
  1  0  1  0  1  0  1  0  0
  1  1  0
   1  37
254 
  1  0  1  0  1  0  1  0  0
  1  1  0
   1  38
158 
  1  0  1  0  1  0  1  0  0
  1  1  0
   1  39
115 
  1  0  1  0  1  0  1  0  0
  1  1  0
   1  40
202 
  1  0  1  0  1  0  1  0  0
  1  1  0
   1  41
17  
  1  0  1  0  1  0  1  0  0
  1  1  0
   1  42
3   
  1  0  1  0  1  0  1  0  0
  1  1  0
   1  43
133 
  1  0  1  0  1  0  1  0  0
  1  1  0
   1  44
74  
  1  0  1  0  1  0  1  0  0
  1  1  0
   1  45
9   
  1  0  1  0  1  0  1  0  0
  1  1  0
   1  46
252 
  1  0  1  0  1  0  1  0  0
  1  1  0
   1  47
249 
  1  0  1  0  1  0  1  0  0
  1  1  0
   1  48
20  
  1  0  1  0  1  0  1  0  0
  1  1  0
   1  49
168 
  1  0  1  0  1  0  1  0  0
  1  1  0
   1  50
130 
  1  0  1  0  1  0  1  0  0
  1  1  0
   1  51
252 
  1  0  1  0  1  0  1  0  0
  1  1  0
   1  52
2   
  1  0  1  0  1  0  1  0  0
  1  1  0
   1  53
32  
  1  0  1  0  1  0  1  0  0
  1  1  0
   1  54
158 
  1  0  1  0  1  0  1  0  0
  1  1  0
   1  55
260 
  1  0  1  0  1  0  1  0  0
  1  1  0
   1  56
19  
  1  0  1  0  1  0  1  0  0
  1  1  0
   1  57
129 
  1  0  1  0  1  0  1  0  0
  1  1  0
   1  58
110 
  1  0  1  0  1  0  1  0  0
  1  1  0
   1  59
164 
  1  0  1  0  1  0  1  0  0
  1  1  0
   1  60
138 
  1  0  1  0  1  0  1  0  0
  1  1  0
   1  61
134 
  1  0  1  0  1  0  1  0  0
  1  1  0
   1  62
184 
  1  0  1  0  1  0  1  0  0
  1  1  0
   1  63
137 
  1  0  1  0  1  0  1  0  0
  1  1  0
   1  64
105 
  1  0  1  0  1  0  1  0  0
  1  1  0
   1  65
138 
  1  0  1  0  1  0  1  0  0
  1  1  0
   1  66
169 
  1  0  1  0  1  0  1  0  0
  1  1  0
   1  67
84  
  1  0  1  0  1  0  1  0  0
  1  1  0
   1  68
79  
  1  0  1  0  1  0  1  0  0
  1  1  0
   1  69
43  
  1  0  1  0  1  0  1  0  0
  1  1  0
   1  70
82  
  1  0  1  0  1  0  1  0  0
  1  1  0
   1  71
205 
  1  0  1  0  1  0  1  0  0
  1  1  0
   1  72
69  
  1  0  1  0  1  0  1  0  0
  1  1  0
   1  73
257 
  1  0  1  0  1  0  1  0  0
  1  1  0
   1  74
108 
  1  0  1  0  1  0  1  0  0
  1  1  0
   1  75
2   
  1  0  1  0  1  0  1  0  0
  1  1  0
   1  76
192 
  1  0  1  0  1  0  1  0  0
  1  1  0
   1  77
162 
  1  0  1  0  1  0  1  0  0
  1  1  0
   1  78
114 
  1  0  1  0  1  0  1  0  0
  1  1  0
   1  79
105 
  1  0  1  0  1  0  1  0  0
  1  1  0
   1  80
67  
  1  0  1  0  1  0  1  0  0
  1  1  0
   1  81
205 
  1  0  1  0  1  0  1  0  0
  1  1  0
   1  82
184 
  1  0  1  0  1  0  1  0  0
  1  1  0
   1  83
252 
  1  0  1  0  1  0  1  0  0
  1  1  0
   1  84
83  
  1  0  1  0  1  0  1  0  0
  1  1  0
   1  85
58  
  1  0  1  0  1  0  1  0  0
  1  1  0
   1  86
54  
  1  0  1  0  1  0  1  0  0
  1  1  0
   1  87
108 
  1  0  1  0  1  0  1  0  0
  1  1  0
   1  88
259 
  1  0  1  0  1  0  1  0  0
  1  1  0
   1  89
248 
  1  0  1  0  1  0  1  0  0
  1  1  0
   1  90
194 
  1  0  1  0  1  0  1  0  0
  1  1  0
   1  91
79  
  1  0  1  0  1  0  1  0  0
  1  1  0
   1  92
58  
  1  0  1  0  1  0  1  0  0
  1  1  0
   1  93
238 
  1  0  1  0  1  0  1  0  0
  1  1  0
   1  94
253 
  1  0  1  0  1  0  1  0  0
  1  1  0
   1  95
103 
  1  0  1  0  1  0  1  0  0
  1  1  0
   1  96
5   
  1  0  1  0  1  0  1  0  0
  1  1  0
   1  97
235 
  1  0  1  0  1  0  1  0  0
  1  1  0
   1  98
38  
  1  0  1  0  1  0  1  0  0
  1  1  0
   1  99
233 
  1  0  1  0  1  0  1  0  0
  1  1  0
   1 100
205 
  1  0  1  0  1  0  1  0  0
  1  1  0
   1 101
68  
  1  0  1  0  1  0  1  0  0
  1  1  0
   1 102
145 
  1  0  1  0  1  0  1  0  0
  1  1  0
   1 103
195 
  1  0  1  0  1  0  1  0  0
  1  1  0
   1 104
202 
  1  0  1  0  1  0  1  0  0
  1  1  0
   1 105
129 
  1  0  1  0  1  0  1  0  0
  1  1  0
   1 106
6   
  1  0  1  0  1  0  1  0  0
  1  1  0
   1 107
145 
  1  0  1  0  1  0  1  0  0
  1  1  0
   1 108
133 
  1  0  1  0  1  0  1  0  0
  1  1  0
   1 109
132 
  1  0  1  0  1  0  1  0  0
  1  1  0
   1 110
47  
  1  0  1  0  1  0  1  0  0
  1  1  0
   1 111
249 
  1  0  1  0  1  0  1  0  0
  1  1  0
   1 112
85  
  1  0  1  0  1  0  1  0  0
  1  1  0
   1 113
70  
  1  0  1  0  1  0  1  0  0
  1  1  0
   1 114
9   
  1  0  1  0  1  0  1  0  0
  1  1  0
   1 115
22  
  1  0  1  0  1  0  1  0  0
  1  1  0
   1 116
162 
  1  0  1  0  1  0  1  0  0
  1  1  0
   1 117
85  
  1  0  1  0  1  0  1  0  0
  1  1  0
   1 118
224 
  1  0  1  0  1  0  1  0  0
  1  1  0
   1 119
114 
  1  0  1  0  1  0  1  0  0
  1  1  0
   1 120
104 
  1  0  1  0  1  0  1  0  0
  1  1  0
   1 121
133 
  1  0  1  0  1  0  1  0  0
  1  1  0
   1 122
202 
  1  0  1  0  1  0  1  0  0
  1  1  0
   1 123
229 
  1  0  1  0  1  0  1  0  0
  1  1  0
   1 124
202 
  1  0  1  0  1  0  1  0  0
  1  1  0
   1 125
67  
  1  0  1  0  1  0  1  0  0
  1  1  0
   1 126
260 
  1  0  1  0  1  0  1  0  0
  1  1  0
   1 127
138 
  1  0  1  0  1  0  1  0  0
  1  1  0
   1 128
239 
  1  0  1  0  1  0  1  0  0
  1  1  0
   1 129
48  
  1  0  1  0  1  0  1  0  0
  1  1  0
   1 130
104 
  1  0  1  0  1  0  1  0  0
  1  1  0
   1 131
17  
  1  0  1  0  1  0  1  0  0
  1  1  0
   1 132
192 
  1  0  1  0  1  0  1  0  0
  1  1  0
   1 133
230 
  1  0  1  0  1  0  1  0  0
  1  1  0
   1 134
178 
  1  0  1  0  1  0  1  0  0
  1  1  0
   1 135
38  
  1  0  1  0  1  0  1  0  0
  1  1  0
   1 136
240 
  1  0  1  0  1  0  1  0  0
  1  1  0
   1 137
104 
  1  0  1  0  1  0  1  0  0
  1  1  0
   1 138
258 
  1  0  1  0  1  0  1  0  0
  1  1  0
   1 139
139 
  1  0  1  0  1  0  1  0  0
  1  1  0
   1 140
7   
  1  0  1  0  1  0  1  0  0
  1  1  0
   1 141
48  
  1  0  1  0  1  0  1  0  0
  1  1  0
   1 142
9   
  1  0  1  0  1  0  1  0  0
  1  1  0
   1 143
178 
  1  0  1  0  1  0  1  0  0
  1  1  0
   1 144
113 
  1  0  1  0  1  0  1  0  0
  1  1  0
   1 145
169 
  1  0  1  0  1  0  1  0  0
  1  1  0
   1 146
178 
  1  0  1  0  1  0  1  0  0
  1  1  0
   1 147
110 
  1  0  1  0  1  0  1  0  0
  1  1  0
   1 148
162 
  1  0  1  0  1  0  1  0  0
  1  1  0
   1 149
120 
  1  0  1  0  1  0  1  0  0
  1  1  0
   1 150
70  
  1  0  1  0  1  0  1  0  0
  1  1  0
   1 151
5   
  1  0  1  0  1  0  1  0  0
  1  1  0
   1 157
74  
  1  0  1  0  1  0  1  0  0
  1  1  0
   1 158
178 
  1  0  1  0  1  0  1  0  0
  1  1  0
   1 159
10  
  1  0  1  0  1  0  1  0  0
  1  1  0
   1 160
128 
  1  0  1  0  1  0  1  0  0
  1  1  0
   1 161
128 
  1  0  1  0  1  0  1  0  0
  1  1  0
   1 162
7   
  1  0  1  0  1  0  1  0  0
  1  1  0
   1 163
205 
  1  0  1  0  1  0  1  0  0
  1  1  0
   1 164
138 
  1  0  1  0  1  0  1  0  0
  1  1  0
   1 165
168 
  1  0  1  0  1  0  1  0  0
  1  1  0
   1 166
72  
  1  0  1  0  1  0  1  0  0
  1  1  0
   1 167
257 
  1  0  1  0  1  0  1  0  0
  1  1  0
   1 168
248 
  1  0  1  0  1  0  1  0  0
  1  1  0
   1 169
113 
  1  0  1  0  1  0  1  0  0
  1  1  0
   1 170
48  
  1  0  1  0  1  0  1  0  0
  1  1  0
   1 171
223 
  1  0  1  0  1  0  1  0  0
  1  1  0
   1 172
48  
  1  0  1  0  1  0  1  0  0
  1  1  0
   1 173
47  
  1  0  1  0  1  0  1  0  0
  1  1  0
   1 174
130 
  1  0  1  0  1  0  1  0  0
  1  1  0
   1 175
44  
  1  0  1  0  1  0  1  0  0
  1  1  0
   1 176
19  
  1  0  1  0  1  0  1  0  0
  1  1  0
   1 177
138 
  1  0  1  0  1  0  1  0  0
  1  1  0
   1 178
17  
  1  0  1  0  1  0  1  0  0
  1  1  0
   1 179
73  
  1  0  1  0  1  0  1  0  0
  1  1  0
   1 180
79  
  1  0  1  0  1  0  1  0  0
  1  1  0
   1 181
47  
  1  0  1  0  1  0  1  0  0
  1  1  0
   1 182
17  
  1  0  1  0  1  0  1  0  0
  1  1  0
   1 183
248 
  1  0  1  0  1  0  1  0  0
  1  1  0
   1 184
5   
  1  0  1  0  1  0  1  0  0
  1  1  0
   1 185
21  
  1  0  1  0  1  0  1  0  0
  1  1  0
   1 186
265 
  1  0  1  0  1  0  1  0  0
  1  1  0
   1 187
250 
  1  0  1  0  1  0  1  0  0
  1  1  0
   1 188
137 
  1  0  1  0  1  0  1  0  0
  1  1  0
   1 189
127 
  1  0  1  0  1  0  1  0  0
  1  1  0
   1 190
75  
  1  0  1  0  1  0  1  0  0
  1  1  0
   1 191
70  
  1  0  1  0  1  0  1  0  0
  1  1  0
   1 192
75  
  1  0  1  0  1  0  1  0  0
  1  1  0
   1 193
108 
  1  0  1  0  1  0  1  0  0
  1  1  0
   1 194
258 
  1  0  1  0  1  0  1  0  0
  1  1  0
   1 195
189 
  1  0  1  0  1  0  1  0  0
  1  1  0
   1 196
238 
  1  0  1  0  1  0  1  0  0
  1  1  0
   1 197
104 
  1  0  1  0  1  0  1  0  0
  1  1  0
   1 198
265 
  1  0  1  0  1  0  1  0  0
  1  1  0
   1 199
239 
  1  0  1  0  1  0  1  0  0
  1  1  0
   1 200
235 
  1  0  1  0  1  0  1  0  0
  1  1  0
   1 201
260 
  1  0  1  0  1  0  1  0  0
  1  1  0
   1 202
197 
  1  0  1  0  1  0  1  0  0
  1  1  0
   1 203
74  
  1  0  1  0  1  0  1  0  0
  1  1  0
   1 204
103 
  1  0  1  0  1  0  1  0  0
  1  1  0
   1 205
42  
  1  0  1  0  1  0  1  0  0
  1  1  0
   1 206
254 
  1  0  1  0  1  0  1  0  0
  1  1  0
   1 207
129 
  1  0  1  0  1  0  1  0  0
  1  1  0
   1 208
17  
  1  0  1  0  1  0  1  0  0
  1  1  0
   1 209
260 
  1  0  1  0  1  0  1  0  0
  1  1  0
   1 210
10  
  1  0  1  0  1  0  1  0  0
  1  1  0
   1 211
47  
  1  0  1  0  1  0  1  0  0
  1  1  0
   1 212
139 
  1  0  1  0  1  0  1  0  0
  1  1  0
   1 213
204 
  1  0  1  0  1  0  1  0  0
  1  1  0
   1 214
224 
  1  0  1  0  1  0  1  0  0
  1  1  0
   1 215
223 
  1  0  1  0  1  0  1  0  0
  1  1  0
   1 216
140 
  1  0  1  0  1  0  1  0  0
  1  1  0
   1 217
103 
  1  0  1  0  1  0  1  0  0
  1  1  0
   1 218
205 
  1  0  1  0  1  0  1  0  0
  1  1  0
   1 219
75  
  1  0  1  0  1  0  1  0  0
  1  1  0
   1 220
72  
  1  0  1  0  1  0  1  0  0
  1  1  0
   1 221
27  
  1  0  1  0  1  0  1  0  0
  1  1  0
   1 222
240 
  1  0  1  0  1  0  1  0  0
  1  1  0
   1 223
127 
  1  0  1  0  1  0  1  0  0
  1  1  0
   1 224
31  
  1  0  1  0  1  0  1  0  0
  1  1  0
   1 225
115 
  1  0  1  0  1  0  1  0  0
  1  1  0
   1 226
73  
  1  0  1  0  1  0  1  0  0
  1  1  0
   1 227
189 
  1  0  1  0  1  0  1  0  0
  1  1  0
   1 228
73  
  1  0  1  0  1  0  1  0  0
  1  1  0
   1 229
2   
  1  0  1  0  1  0  1  0  0
  1  1  0
   1 230
38  
  1  0  1  0  1  0  1  0  0
  1  1  0
   1 231
28  
  1  0  1  0  1  0  1  0  0
  1  1  0
   1 232
162 
  1  0  1  0  1  0  1  0  0
  1  1  0
   1 233
37  
  1  0  1  0  1  0  1  0  0
  1  1  0
   1 234
248 
  1  0  1  0  1  0  1  0  0
  1  1  0
   1 235
54  
  1  0  1  0  1  0  1  0  0
  1  1  0
   1 236
134 
  1  0  1  0  1  0  1  0  0
  1  1  0
   1 237
238 
  1  0  1  0  1  0  1  0  0
  1  1  0
   1 238
195 
  1  0  1  0  1  0  1  0  0
  1  1  0
   1 239
249 
  1  0  1  0  1  0  1  0  0
  1  1  0
   1 240
69  
  1  0  1  0  1  0  1  0  0
  1  1  0
   1 241
223 
  1  0  1  0  1  0  1  0  0
  1  1  0
   1 242
257 
  1  0  1  0  1  0  1  0  0
  1  1  0
   1 243
252 
  1  0  1  0  1  0  1  0  0
  1  1  0
   1 244
83  
  1  0  1  0  1  0  1  0  0
  1  1  0
   1 245
105 
  1  0  1  0  1  0  1  0  0
  1  1  0
   1 246
120 
  1  0  1  0  1  0  1  0  0
  1  1  0
   1 247
68  
  1  0  1  0  1  0  1  0  0
  1  1  0
   1 248
205 
  1  0  1  0  1  0  1  0  0
  1  1  0
   1 249
164 
  1  0  1  0  1  0  1  0  0
  1  1  0
   1 250
158 
  1  0  1  0  1  0  1  0  0
  1  1  0
   1 251
120 
  1  0  1  0  1  0  1  0  0
  1  1  0
   1 252
248 
  1  0  1  0  1  0  1  0  0
  1  1  0
   1 253
229 
  1  0  1  0  1  0  1  0  0
  1  1  0
   1 254
83  
  1  0  1  0  1  0  1  0  0
  1  1  0
   1 255
127 
  1  0  1  0  1  0  1  0  0
  1  1  0
   1 256
69  
  1  0  1  0  1  0  1  0  0
  1  1  0
   1 257
113 
  1  0  1  0  1  0  1  0  0
  1  1  0
   1 258
162 
  1  0  1  0  1  0  1  0  0
  1  1  0
   1 259
257 
  1  0  1  0  1  0  1  0  0
  1  1  0
   1 260
32  
  1  0  1  0  1  0  1  0  0
  1  1  0
   1 261
178 
  1  0  1  0  1  0  1  0  0
  1  1  0
   1 262
194 
  1  0  1  0  1  0  1  0  0
  1  1  0
   1 263
31  
  1  0  1  0  1  0  1  0  0
  1  1  0
   1 264
249 
  1  0  1  0  1  0  1  0  0
  1  1  0
   1 265
108 
  1  0  1  0  1  0  1  0  0
  1  1  0
   1 266
162 
  1  0  1  0  1  0  1  0  0
  1  1  0
   1 267
69  
  1  0  1  0  1  0  1  0  0
  1  1  0
   1 268
265 
  1  0  1  0  1  0  1  0  0
  1  1  0
   1 269
158 
  1  0  1  0  1  0  1  0  0
  1  1  0
   1 270
30  
  1  0  1  0  1  0  1  0  0
  1  1  0
   1 271
69  
  1  0  1  0  1  0  1  0  0
