 10  8  9  3 00  0  0  0  0
nnn_pot
  8
  8 25
                                                4.809023    4.809023    
                                                4.809023    0.840891    
                                                4.809023    0.112312    
                                                4.809023    0.011863    
                                                0.840891    4.809023    
                                                0.840891    0.840891    
                                                0.840891    0.112312    
                                                0.840891    0.011863    
   39.810717   20.933090   11.006942    5.787620    3.043220    1.600172
    0.841395    0.442419    0.232631    0.122321    0.064318    0.033819
    0.017783    0.009350    0.004917    0.002585    0.001359    0.000715
    0.000376    0.000198    0.000104    0.000055    0.000029    0.000015
    0.000008
  1  1
          1.

  1  1
                      1.

  1  1
                                  1.

  1  1
                                              1.

  1  1
                                                          1.

  1  1
                                                                      1.

  1  1

          1.
  1  1

                      1.
  8
  8 25
                                                0.112312    4.809023    
                                                0.112312    0.840891    
                                                0.112312    0.112312    
                                                0.112312    0.011863    
                                                0.011863    4.809023    
                                                0.011863    0.840891    
                                                0.011863    0.112312    
                                                0.011863    0.011863    
   39.810717   20.933090   11.006942    5.787620    3.043220    1.600172
    0.841395    0.442419    0.232631    0.122321    0.064318    0.033819
    0.017783    0.009350    0.004917    0.002585    0.001359    0.000715
    0.000376    0.000198    0.000104    0.000055    0.000029    0.000015
    0.000008
  1  1
          1.

  1  1
                      1.

  1  1
                                  1.

  1  1
                                              1.

  1  1
                                                          1.

  1  1
                                                                      1.

  1  1

          1.
  1  1

                      1.
  8
  8 25
                                                4.809023    4.809023    
                                                4.809023    0.840891    
                                                4.809023    0.112312    
                                                4.809023    0.011863    
                                                0.840891    0.840891    
                                                0.840891    0.112312    
                                                0.840891    0.011863    
                                                0.112312    0.112312    
   39.810717   20.933090   11.006942    5.787620    3.043220    1.600172
    0.841395    0.442419    0.232631    0.122321    0.064318    0.033819
    0.017783    0.009350    0.004917    0.002585    0.001359    0.000715
    0.000376    0.000198    0.000104    0.000055    0.000029    0.000015
    0.000008
  1  1
          1.

  1  1
                      1.

  1  1
                                  1.

  1  1
                                              1.

  1  1
                                                          1.

  1  1
                                                                      1.

  1  1

          1.
  1  1

                      1.
  2
  2 25
                                                0.112312    0.011863    
                                                0.011863    0.011863    
   39.810717   20.933090   11.006942    5.787620    3.043220    1.600172
    0.841395    0.442419    0.232631    0.122321    0.064318    0.033819
    0.017783    0.009350    0.004917    0.002585    0.001359    0.000715
    0.000376    0.000198    0.000104    0.000055    0.000029    0.000015
    0.000008
  1  1
          1.
  1  1
                      1.
  8
  8 25
                                                4.809023    4.809023    
                                                4.809023    0.840891    
                                                4.809023    0.112312    
                                                4.809023    0.011863    
                                                0.840891    0.840891    
                                                0.840891    0.112312    
                                                0.840891    0.011863    
                                                0.112312    0.112312    
   39.810717   20.933090   11.006942    5.787620    3.043220    1.600172
    0.841395    0.442419    0.232631    0.122321    0.064318    0.033819
    0.017783    0.009350    0.004917    0.002585    0.001359    0.000715
    0.000376    0.000198    0.000104    0.000055    0.000029    0.000015
    0.000008
  1  1
          1.

  1  1
                      1.

  1  1
                                  1.

  1  1
                                              1.

  1  1
                                                          1.

  1  1
                                                                      1.

  1  1

          1.
  1  1

                      1.
  2
  2 25
                                                0.112312    0.011863    
                                                0.011863    0.011863    
   39.810717   20.933090   11.006942    5.787620    3.043220    1.600172
    0.841395    0.442419    0.232631    0.122321    0.064318    0.033819
    0.017783    0.009350    0.004917    0.002585    0.001359    0.000715
    0.000376    0.000198    0.000104    0.000055    0.000029    0.000015
    0.000008
  1  1
          1.
  1  1
                      1.
  8
  8 25
                                                13.246961   9.954821    
                                                13.246961   3.589319    
                                                13.246961   0.276999    
                                                13.246961   0.098875    
                                                13.246961   0.018062    
                                                6.279704    9.954821    
                                                6.279704    3.589319    
                                                6.279704    0.276999    
   39.810717   20.933090   11.006942    5.787620    3.043220    1.600172
    0.841395    0.442419    0.232631    0.122321    0.064318    0.033819
    0.017783    0.009350    0.004917    0.002585    0.001359    0.000715
    0.000376    0.000198    0.000104    0.000055    0.000029    0.000015
    0.000008
  1  1
          1.

  1  1
                      1.

  1  1
                                  1.

  1  1
                                              1.

  1  1
                                                          1.

  1  1
                                                                      1.

  1  1

          1.
  1  1

                      1.
  8
  8 25
                                                6.279704    0.098875    
                                                6.279704    0.018062    
                                                4.070189    9.954821    
                                                4.070189    3.589319    
                                                4.070189    0.276999    
                                                4.070189    0.098875    
                                                4.070189    0.018062    
                                                1.821069    9.954821    
   39.810717   20.933090   11.006942    5.787620    3.043220    1.600172
    0.841395    0.442419    0.232631    0.122321    0.064318    0.033819
    0.017783    0.009350    0.004917    0.002585    0.001359    0.000715
    0.000376    0.000198    0.000104    0.000055    0.000029    0.000015
    0.000008
  1  1
          1.

  1  1
                      1.

  1  1
                                  1.

  1  1
                                              1.

  1  1
                                                          1.

  1  1
                                                                      1.

  1  1

          1.
  1  1

                      1.
  8
  8 25
                                                1.821069    3.589319    
                                                1.821069    0.276999    
                                                1.821069    0.098875    
                                                1.821069    0.018062    
                                                0.467007    9.954821    
                                                0.467007    3.589319    
                                                0.467007    0.276999    
                                                0.467007    0.098875    
   39.810717   20.933090   11.006942    5.787620    3.043220    1.600172
    0.841395    0.442419    0.232631    0.122321    0.064318    0.033819
    0.017783    0.009350    0.004917    0.002585    0.001359    0.000715
    0.000376    0.000198    0.000104    0.000055    0.000029    0.000015
    0.000008
  1  1
          1.

  1  1
                      1.

  1  1
                                  1.

  1  1
                                              1.

  1  1
                                                          1.

  1  1
                                                                      1.

  1  1

          1.
  1  1

                      1.
  8
  8 25
                                                0.467007    0.018062    
                                                0.167424    9.954821    
                                                0.167424    3.589319    
                                                0.167424    0.276999    
                                                0.167424    0.098875    
                                                0.167424    0.018062    
                                                7.199855    7.624690    
                                                7.199855    4.861963    
   39.810717   20.933090   11.006942    5.787620    3.043220    1.600172
    0.841395    0.442419    0.232631    0.122321    0.064318    0.033819
    0.017783    0.009350    0.004917    0.002585    0.001359    0.000715
    0.000376    0.000198    0.000104    0.000055    0.000029    0.000015
    0.000008
  1  1
          1.

  1  1
                      1.

  1  1
                                  1.

  1  1
                                              1.

  1  1
                                                          1.

  1  1
                                                                      1.

  1  1

          1.
  1  1

                      1.
  8
  8 25
                                                7.199855    0.833819    
                                                7.199855    0.277033    
                                                7.199855    0.048385    
                                                1.980260    7.624690    
                                                1.980260    4.861963    
                                                1.980260    0.833819    
                                                1.980260    0.277033    
                                                1.980260    0.048385    
   39.810717   20.933090   11.006942    5.787620    3.043220    1.600172
    0.841395    0.442419    0.232631    0.122321    0.064318    0.033819
    0.017783    0.009350    0.004917    0.002585    0.001359    0.000715
    0.000376    0.000198    0.000104    0.000055    0.000029    0.000015
    0.000008
  1  1
          1.

  1  1
                      1.

  1  1
                                  1.

  1  1
                                              1.

  1  1
                                                          1.

  1  1
                                                                      1.

  1  1

          1.
  1  1

                      1.
  8
  8 25
                                                0.467097    7.624690    
                                                0.467097    4.861963    
                                                0.467097    0.833819    
                                                0.467097    0.277033    
                                                0.467097    0.048385    
                                                0.405040    7.624690    
                                                0.405040    4.861963    
                                                0.405040    0.833819    
   39.810717   20.933090   11.006942    5.787620    3.043220    1.600172
    0.841395    0.442419    0.232631    0.122321    0.064318    0.033819
    0.017783    0.009350    0.004917    0.002585    0.001359    0.000715
    0.000376    0.000198    0.000104    0.000055    0.000029    0.000015
    0.000008
  1  1
          1.

  1  1
                      1.

  1  1
                                  1.

  1  1
                                              1.

  1  1
                                                          1.

  1  1
                                                                      1.

  1  1

          1.
  1  1

                      1.
  8
  8 25
                                                0.405040    0.277033    
                                                0.405040    0.048385    
                                                0.135344    7.624690    
                                                0.135344    4.861963    
                                                0.135344    0.833819    
                                                0.135344    0.277033    
                                                0.135344    0.048385    
                                                0.030983    7.624690    
   39.810717   20.933090   11.006942    5.787620    3.043220    1.600172
    0.841395    0.442419    0.232631    0.122321    0.064318    0.033819
    0.017783    0.009350    0.004917    0.002585    0.001359    0.000715
    0.000376    0.000198    0.000104    0.000055    0.000029    0.000015
    0.000008
  1  1
          1.

  1  1
                      1.

  1  1
                                  1.

  1  1
                                              1.

  1  1
                                                          1.

  1  1
                                                                      1.

  1  1

          1.
  1  1

                      1.
  4
  4 25
                                                0.030983    4.861963    
                                                0.030983    0.833819    
                                                0.030983    0.277033    
                                                0.030983    0.048385    
   39.810717   20.933090   11.006942    5.787620    3.043220    1.600172
    0.841395    0.442419    0.232631    0.122321    0.064318    0.033819
    0.017783    0.009350    0.004917    0.002585    0.001359    0.000715
    0.000376    0.000198    0.000104    0.000055    0.000029    0.000015
    0.000008
  1  1
          1.
  1  1
                      1.
  1  1
                                  1.
  1  1
                                              1.
  8
  8 25
                                                27.998104   31.485407   
                                                27.998104   2.528284    
                                                27.998104   0.864956    
                                                27.998104   0.496940    
                                                27.998104   0.062317    
                                                11.538177   31.485407   
                                                11.538177   2.528284    
                                                11.538177   0.864956    
   39.810717   20.933090   11.006942    5.787620    3.043220    1.600172
    0.841395    0.442419    0.232631    0.122321    0.064318    0.033819
    0.017783    0.009350    0.004917    0.002585    0.001359    0.000715
    0.000376    0.000198    0.000104    0.000055    0.000029    0.000015
    0.000008
  1  1
          1.

  1  1
                      1.

  1  1
                                  1.

  1  1
                                              1.

  1  1
                                                          1.

  1  1
                                                                      1.

  1  1

          1.
  1  1

                      1.
  8
  8 25
                                                11.538177   0.496940    
                                                11.538177   0.062317    
                                                5.997605    31.485407   
                                                5.997605    2.528284    
                                                5.997605    0.864956    
                                                5.997605    0.496940    
                                                5.997605    0.062317    
                                                2.935775    31.485407   
   39.810717   20.933090   11.006942    5.787620    3.043220    1.600172
    0.841395    0.442419    0.232631    0.122321    0.064318    0.033819
    0.017783    0.009350    0.004917    0.002585    0.001359    0.000715
    0.000376    0.000198    0.000104    0.000055    0.000029    0.000015
    0.000008
  1  1
          1.

  1  1
                      1.

  1  1
                                  1.

  1  1
                                              1.

  1  1
                                                          1.

  1  1
                                                                      1.

  1  1

          1.
  1  1

                      1.
  8
  8 25
                                                2.935775    2.528284    
                                                2.935775    0.864956    
                                                2.935775    0.496940    
                                                2.935775    0.062317    
                                                1.537033    31.485407   
                                                1.537033    2.528284    
                                                1.537033    0.864956    
                                                1.537033    0.496940    
   39.810717   20.933090   11.006942    5.787620    3.043220    1.600172
    0.841395    0.442419    0.232631    0.122321    0.064318    0.033819
    0.017783    0.009350    0.004917    0.002585    0.001359    0.000715
    0.000376    0.000198    0.000104    0.000055    0.000029    0.000015
    0.000008
  1  1
          1.

  1  1
                      1.

  1  1
                                  1.

  1  1
                                              1.

  1  1
                                                          1.

  1  1
                                                                      1.

  1  1

          1.
  1  1

                      1.
  8
  8 25
                                                1.537033    0.062317    
                                                0.514314    31.485407   
                                                0.514314    2.528284    
                                                0.514314    0.864956    
                                                0.514314    0.496940    
                                                0.514314    0.062317    
                                                6.248045    9.605824    
                                                6.248045    7.783835    
   39.810717   20.933090   11.006942    5.787620    3.043220    1.600172
    0.841395    0.442419    0.232631    0.122321    0.064318    0.033819
    0.017783    0.009350    0.004917    0.002585    0.001359    0.000715
    0.000376    0.000198    0.000104    0.000055    0.000029    0.000015
    0.000008
  1  1
          1.

  1  1
                      1.

  1  1
                                  1.

  1  1
                                              1.

  1  1
                                                          1.

  1  1
                                                                      1.

  1  1

          1.
  1  1

                      1.
  8
  8 25
                                                6.248045    0.998750    
                                                6.248045    0.209846    
                                                6.248045    0.040313    
                                                3.797004    9.605824    
                                                3.797004    7.783835    
                                                3.797004    0.998750    
                                                3.797004    0.209846    
                                                3.797004    0.040313    
   39.810717   20.933090   11.006942    5.787620    3.043220    1.600172
    0.841395    0.442419    0.232631    0.122321    0.064318    0.033819
    0.017783    0.009350    0.004917    0.002585    0.001359    0.000715
    0.000376    0.000198    0.000104    0.000055    0.000029    0.000015
    0.000008
  1  1
          1.

  1  1
                      1.

  1  1
                                  1.

  1  1
                                              1.

  1  1
                                                          1.

  1  1
                                                                      1.

  1  1

          1.
  1  1

                      1.
  8
  8 25
                                                1.241278    9.605824    
                                                1.241278    7.783835    
                                                1.241278    0.998750    
                                                1.241278    0.209846    
                                                1.241278    0.040313    
                                                0.311644    9.605824    
                                                0.311644    7.783835    
                                                0.311644    0.998750    
   39.810717   20.933090   11.006942    5.787620    3.043220    1.600172
    0.841395    0.442419    0.232631    0.122321    0.064318    0.033819
    0.017783    0.009350    0.004917    0.002585    0.001359    0.000715
    0.000376    0.000198    0.000104    0.000055    0.000029    0.000015
    0.000008
  1  1
          1.

  1  1
                      1.

  1  1
                                  1.

  1  1
                                              1.

  1  1
                                                          1.

  1  1
                                                                      1.

  1  1

          1.
  1  1

                      1.
  8
  8 25
                                                0.311644    0.209846    
                                                0.311644    0.040313    
                                                0.181053    9.605824    
                                                0.181053    7.783835    
                                                0.181053    0.998750    
                                                0.181053    0.209846    
                                                0.181053    0.040313    
                                                0.026939    9.605824    
   39.810717   20.933090   11.006942    5.787620    3.043220    1.600172
    0.841395    0.442419    0.232631    0.122321    0.064318    0.033819
    0.017783    0.009350    0.004917    0.002585    0.001359    0.000715
    0.000376    0.000198    0.000104    0.000055    0.000029    0.000015
    0.000008
  1  1
          1.

  1  1
                      1.

  1  1
                                  1.

  1  1
                                              1.

  1  1
                                                          1.

  1  1
                                                                      1.

  1  1

          1.
  1  1

                      1.
  4
  4 25
                                                0.026939    7.783835    
                                                0.026939    0.998750    
                                                0.026939    0.209846    
                                                0.026939    0.040313    
   39.810717   20.933090   11.006942    5.787620    3.043220    1.600172
    0.841395    0.442419    0.232631    0.122321    0.064318    0.033819
    0.017783    0.009350    0.004917    0.002585    0.001359    0.000715
    0.000376    0.000198    0.000104    0.000055    0.000029    0.000015
    0.000008
  1  1
          1.
  1  1
                      1.
  1  1
                                  1.
  1  1
                                              1.
  8
  8 25
                                                13.246961   9.954821    
                                                13.246961   3.589319    
                                                13.246961   0.276999    
                                                13.246961   0.098875    
                                                13.246961   0.018062    
                                                6.279704    9.954821    
                                                6.279704    3.589319    
                                                6.279704    0.276999    
   39.810717   20.933090   11.006942    5.787620    3.043220    1.600172
    0.841395    0.442419    0.232631    0.122321    0.064318    0.033819
    0.017783    0.009350    0.004917    0.002585    0.001359    0.000715
    0.000376    0.000198    0.000104    0.000055    0.000029    0.000015
    0.000008
  1  1
          1.

  1  1
                      1.

  1  1
                                  1.

  1  1
                                              1.

  1  1
                                                          1.

  1  1
                                                                      1.

  1  1

          1.
  1  1

                      1.
  8
  8 25
                                                6.279704    0.098875    
                                                6.279704    0.018062    
                                                4.070189    9.954821    
                                                4.070189    3.589319    
                                                4.070189    0.276999    
                                                4.070189    0.098875    
                                                4.070189    0.018062    
                                                1.821069    9.954821    
   39.810717   20.933090   11.006942    5.787620    3.043220    1.600172
    0.841395    0.442419    0.232631    0.122321    0.064318    0.033819
    0.017783    0.009350    0.004917    0.002585    0.001359    0.000715
    0.000376    0.000198    0.000104    0.000055    0.000029    0.000015
    0.000008
  1  1
          1.

  1  1
                      1.

  1  1
                                  1.

  1  1
                                              1.

  1  1
                                                          1.

  1  1
                                                                      1.

  1  1

          1.
  1  1

                      1.
  8
  8 25
                                                1.821069    3.589319    
                                                1.821069    0.276999    
                                                1.821069    0.098875    
                                                1.821069    0.018062    
                                                0.467007    9.954821    
                                                0.467007    3.589319    
                                                0.467007    0.276999    
                                                0.467007    0.098875    
   39.810717   20.933090   11.006942    5.787620    3.043220    1.600172
    0.841395    0.442419    0.232631    0.122321    0.064318    0.033819
    0.017783    0.009350    0.004917    0.002585    0.001359    0.000715
    0.000376    0.000198    0.000104    0.000055    0.000029    0.000015
    0.000008
  1  1
          1.

  1  1
                      1.

  1  1
                                  1.

  1  1
                                              1.

  1  1
                                                          1.

  1  1
                                                                      1.

  1  1

          1.
  1  1

                      1.
  8
  8 25
                                                0.467007    0.018062    
                                                0.167424    9.954821    
                                                0.167424    3.589319    
                                                0.167424    0.276999    
                                                0.167424    0.098875    
                                                0.167424    0.018062    
                                                7.199855    7.624690    
                                                7.199855    4.861963    
   39.810717   20.933090   11.006942    5.787620    3.043220    1.600172
    0.841395    0.442419    0.232631    0.122321    0.064318    0.033819
    0.017783    0.009350    0.004917    0.002585    0.001359    0.000715
    0.000376    0.000198    0.000104    0.000055    0.000029    0.000015
    0.000008
  1  1
          1.

  1  1
                      1.

  1  1
                                  1.

  1  1
                                              1.

  1  1
                                                          1.

  1  1
                                                                      1.

  1  1

          1.
  1  1

                      1.
  8
  8 25
                                                7.199855    0.833819    
                                                7.199855    0.277033    
                                                7.199855    0.048385    
                                                1.980260    7.624690    
                                                1.980260    4.861963    
                                                1.980260    0.833819    
                                                1.980260    0.277033    
                                                1.980260    0.048385    
   39.810717   20.933090   11.006942    5.787620    3.043220    1.600172
    0.841395    0.442419    0.232631    0.122321    0.064318    0.033819
    0.017783    0.009350    0.004917    0.002585    0.001359    0.000715
    0.000376    0.000198    0.000104    0.000055    0.000029    0.000015
    0.000008
  1  1
          1.

  1  1
                      1.

  1  1
                                  1.

  1  1
                                              1.

  1  1
                                                          1.

  1  1
                                                                      1.

  1  1

          1.
  1  1

                      1.
  8
  8 25
                                                0.467097    7.624690    
                                                0.467097    4.861963    
                                                0.467097    0.833819    
                                                0.467097    0.277033    
                                                0.467097    0.048385    
                                                0.405040    7.624690    
                                                0.405040    4.861963    
                                                0.405040    0.833819    
   39.810717   20.933090   11.006942    5.787620    3.043220    1.600172
    0.841395    0.442419    0.232631    0.122321    0.064318    0.033819
    0.017783    0.009350    0.004917    0.002585    0.001359    0.000715
    0.000376    0.000198    0.000104    0.000055    0.000029    0.000015
    0.000008
  1  1
          1.

  1  1
                      1.

  1  1
                                  1.

  1  1
                                              1.

  1  1
                                                          1.

  1  1
                                                                      1.

  1  1

          1.
  1  1

                      1.
  8
  8 25
                                                0.405040    0.277033    
                                                0.405040    0.048385    
                                                0.135344    7.624690    
                                                0.135344    4.861963    
                                                0.135344    0.833819    
                                                0.135344    0.277033    
                                                0.135344    0.048385    
                                                0.030983    7.624690    
   39.810717   20.933090   11.006942    5.787620    3.043220    1.600172
    0.841395    0.442419    0.232631    0.122321    0.064318    0.033819
    0.017783    0.009350    0.004917    0.002585    0.001359    0.000715
    0.000376    0.000198    0.000104    0.000055    0.000029    0.000015
    0.000008
  1  1
          1.

  1  1
                      1.

  1  1
                                  1.

  1  1
                                              1.

  1  1
                                                          1.

  1  1
                                                                      1.

  1  1

          1.
  1  1

                      1.
  4
  4 25
                                                0.030983    4.861963    
                                                0.030983    0.833819    
                                                0.030983    0.277033    
                                                0.030983    0.048385    
   39.810717   20.933090   11.006942    5.787620    3.043220    1.600172
    0.841395    0.442419    0.232631    0.122321    0.064318    0.033819
    0.017783    0.009350    0.004917    0.002585    0.001359    0.000715
    0.000376    0.000198    0.000104    0.000055    0.000029    0.000015
    0.000008
  1  1
          1.
  1  1
                      1.
  1  1
                                  1.
  1  1
                                              1.
  8
  8 25
                                                27.998104   31.485407   
                                                27.998104   2.528284    
                                                27.998104   0.864956    
                                                27.998104   0.496940    
                                                27.998104   0.062317    
                                                11.538177   31.485407   
                                                11.538177   2.528284    
                                                11.538177   0.864956    
   39.810717   20.933090   11.006942    5.787620    3.043220    1.600172
    0.841395    0.442419    0.232631    0.122321    0.064318    0.033819
    0.017783    0.009350    0.004917    0.002585    0.001359    0.000715
    0.000376    0.000198    0.000104    0.000055    0.000029    0.000015
    0.000008
  1  1
          1.

  1  1
                      1.

  1  1
                                  1.

  1  1
                                              1.

  1  1
                                                          1.

  1  1
                                                                      1.

  1  1

          1.
  1  1

                      1.
  8
  8 25
                                                11.538177   0.496940    
                                                11.538177   0.062317    
                                                5.997605    31.485407   
                                                5.997605    2.528284    
                                                5.997605    0.864956    
                                                5.997605    0.496940    
                                                5.997605    0.062317    
                                                2.935775    31.485407   
   39.810717   20.933090   11.006942    5.787620    3.043220    1.600172
    0.841395    0.442419    0.232631    0.122321    0.064318    0.033819
    0.017783    0.009350    0.004917    0.002585    0.001359    0.000715
    0.000376    0.000198    0.000104    0.000055    0.000029    0.000015
    0.000008
  1  1
          1.

  1  1
                      1.

  1  1
                                  1.

  1  1
                                              1.

  1  1
                                                          1.

  1  1
                                                                      1.

  1  1

          1.
  1  1

                      1.
  8
  8 25
                                                2.935775    2.528284    
                                                2.935775    0.864956    
                                                2.935775    0.496940    
                                                2.935775    0.062317    
                                                1.537033    31.485407   
                                                1.537033    2.528284    
                                                1.537033    0.864956    
                                                1.537033    0.496940    
   39.810717   20.933090   11.006942    5.787620    3.043220    1.600172
    0.841395    0.442419    0.232631    0.122321    0.064318    0.033819
    0.017783    0.009350    0.004917    0.002585    0.001359    0.000715
    0.000376    0.000198    0.000104    0.000055    0.000029    0.000015
    0.000008
  1  1
          1.

  1  1
                      1.

  1  1
                                  1.

  1  1
                                              1.

  1  1
                                                          1.

  1  1
                                                                      1.

  1  1

          1.
  1  1

                      1.
  8
  8 25
                                                1.537033    0.062317    
                                                0.514314    31.485407   
                                                0.514314    2.528284    
                                                0.514314    0.864956    
                                                0.514314    0.496940    
                                                0.514314    0.062317    
                                                6.248045    9.605824    
                                                6.248045    7.783835    
   39.810717   20.933090   11.006942    5.787620    3.043220    1.600172
    0.841395    0.442419    0.232631    0.122321    0.064318    0.033819
    0.017783    0.009350    0.004917    0.002585    0.001359    0.000715
    0.000376    0.000198    0.000104    0.000055    0.000029    0.000015
    0.000008
  1  1
          1.

  1  1
                      1.

  1  1
                                  1.

  1  1
                                              1.

  1  1
                                                          1.

  1  1
                                                                      1.

  1  1

          1.
  1  1

                      1.
  8
  8 25
                                                6.248045    0.998750    
                                                6.248045    0.209846    
                                                6.248045    0.040313    
                                                3.797004    9.605824    
                                                3.797004    7.783835    
                                                3.797004    0.998750    
                                                3.797004    0.209846    
                                                3.797004    0.040313    
   39.810717   20.933090   11.006942    5.787620    3.043220    1.600172
    0.841395    0.442419    0.232631    0.122321    0.064318    0.033819
    0.017783    0.009350    0.004917    0.002585    0.001359    0.000715
    0.000376    0.000198    0.000104    0.000055    0.000029    0.000015
    0.000008
  1  1
          1.

  1  1
                      1.

  1  1
                                  1.

  1  1
                                              1.

  1  1
                                                          1.

  1  1
                                                                      1.

  1  1

          1.
  1  1

                      1.
  8
  8 25
                                                1.241278    9.605824    
                                                1.241278    7.783835    
                                                1.241278    0.998750    
                                                1.241278    0.209846    
                                                1.241278    0.040313    
                                                0.311644    9.605824    
                                                0.311644    7.783835    
                                                0.311644    0.998750    
   39.810717   20.933090   11.006942    5.787620    3.043220    1.600172
    0.841395    0.442419    0.232631    0.122321    0.064318    0.033819
    0.017783    0.009350    0.004917    0.002585    0.001359    0.000715
    0.000376    0.000198    0.000104    0.000055    0.000029    0.000015
    0.000008
  1  1
          1.

  1  1
                      1.

  1  1
                                  1.

  1  1
                                              1.

  1  1
                                                          1.

  1  1
                                                                      1.

  1  1

          1.
  1  1

                      1.
  8
  8 25
                                                0.311644    0.209846    
                                                0.311644    0.040313    
                                                0.181053    9.605824    
                                                0.181053    7.783835    
                                                0.181053    0.998750    
                                                0.181053    0.209846    
                                                0.181053    0.040313    
                                                0.026939    9.605824    
   39.810717   20.933090   11.006942    5.787620    3.043220    1.600172
    0.841395    0.442419    0.232631    0.122321    0.064318    0.033819
    0.017783    0.009350    0.004917    0.002585    0.001359    0.000715
    0.000376    0.000198    0.000104    0.000055    0.000029    0.000015
    0.000008
  1  1
          1.

  1  1
                      1.

  1  1
                                  1.

  1  1
                                              1.

  1  1
                                                          1.

  1  1
                                                                      1.

  1  1

          1.
  1  1

                      1.
  4
  4 25
                                                0.026939    7.783835    
                                                0.026939    0.998750    
                                                0.026939    0.209846    
                                                0.026939    0.040313    
   39.810717   20.933090   11.006942    5.787620    3.043220    1.600172
    0.841395    0.442419    0.232631    0.122321    0.064318    0.033819
    0.017783    0.009350    0.004917    0.002585    0.001359    0.000715
    0.000376    0.000198    0.000104    0.000055    0.000029    0.000015
    0.000008
  1  1
          1.
  1  1
                      1.
  1  1
                                  1.
  1  1
                                              1.
eob-tni/pp1s_nn1s_S0_pp1s_nn1s_S0
elu-tni/000-0_000-0
eob-tni/pp1s_nn1s_S0_pp1s_nn1s_S0
elu-tni/000-0_000-0
eob-tni/pp1s_nn1s_S0_pp1s_nn1s_S0
elu-tni/000-0_000-0
eob-tni/np1s_np1s_S0_pp1s_nn1s_S0
elu-tni/000-0_000-0
eob-tni/np1s_np1s_S0_pp1s_nn1s_S0
elu-tni/000-0_000-0
eob-tni/np1s_np1s_S0_np1s_np1s_S0
elu-tni/000-0_000-0
eob-tni/np1s_np1s_S0_pp1s_nn1s_S0
elu-tni/000-0_000-0
eob-tni/np1s_np1s_S0_pp1s_nn1s_S0
elu-tni/000-0_000-0
eob-tni/np1s_np1s_S0_np1s_np1s_S0
elu-tni/000-0_000-0
eob-tni/np1s_np1s_S0_np1s_np1s_S0
elu-tni/000-0_000-0
eob-tni/np3s_np3s_S0_pp1s_nn1s_S0
elu-tni/000-0_000-0
eob-tni/np3s_np3s_S0_pp1s_nn1s_S0
elu-tni/000-0_000-0
eob-tni/np3s_np3s_S0_np1s_np1s_S0
elu-tni/000-0_000-0
eob-tni/np3s_np3s_S0_np1s_np1s_S0
elu-tni/000-0_000-0
eob-tni/np3s_np3s_S0_np3s_np3s_S0
elu-tni/000-0_000-0
eob-tni/np3s_np3s_S0_pp1s_nn1s_S0
elu-tni/000-0_000-0
eob-tni/np3s_np3s_S0_pp1s_nn1s_S0
elu-tni/000-0_000-0
eob-tni/np3s_np3s_S0_np1s_np1s_S0
elu-tni/000-0_000-0
eob-tni/np3s_np3s_S0_np1s_np1s_S0
elu-tni/000-0_000-0
eob-tni/np3s_np3s_S0_np3s_np3s_S0
elu-tni/000-0_000-0
eob-tni/np3s_np3s_S0_np3s_np3s_S0
elu-tni/000-0_000-0
eob-tni/tp_1s0_pp1s_nn1s_S0
elu-tni/000-0_000-0
eob-tni/tp_1s0_pp1s_nn1s_S0
elu-tni/000-0_000-0
eob-tni/tp_1s0_np1s_np1s_S0
elu-tni/000-0_000-0
eob-tni/tp_1s0_np1s_np1s_S0
elu-tni/000-0_000-0
eob-tni/tp_1s0_np3s_np3s_S0
elu-tni/000-0_000-0
eob-tni/tp_1s0_np3s_np3s_S0
elu-tni/000-0_000-0
eob-tni/tp_1s0_tp_1s0
elu-tni/000-0_000-0
eob-tni/tp_1s0_pp1s_nn1s_S0
elu-tni/000-0_000-0
eob-tni/tp_1s0_pp1s_nn1s_S0
elu-tni/000-0_000-0
eob-tni/tp_1s0_np1s_np1s_S0
elu-tni/000-0_000-0
eob-tni/tp_1s0_np1s_np1s_S0
elu-tni/000-0_000-0
eob-tni/tp_1s0_np3s_np3s_S0
elu-tni/000-0_000-0
eob-tni/tp_1s0_np3s_np3s_S0
elu-tni/000-0_000-0
eob-tni/tp_1s0_tp_1s0
elu-tni/000-0_000-0
eob-tni/tp_1s0_tp_1s0
elu-tni/000-0_000-0
eob-tni/tp_1s0_pp1s_nn1s_S0
elu-tni/000-0_000-0
eob-tni/tp_1s0_pp1s_nn1s_S0
elu-tni/000-0_000-0
eob-tni/tp_1s0_np1s_np1s_S0
elu-tni/000-0_000-0
eob-tni/tp_1s0_np1s_np1s_S0
elu-tni/000-0_000-0
eob-tni/tp_1s0_np3s_np3s_S0
elu-tni/000-0_000-0
eob-tni/tp_1s0_np3s_np3s_S0
elu-tni/000-0_000-0
eob-tni/tp_1s0_tp_1s0
elu-tni/000-0_000-0
eob-tni/tp_1s0_tp_1s0
elu-tni/000-0_000-0
eob-tni/tp_1s0_tp_1s0
elu-tni/000-0_000-0
eob-tni/tp_1s0_pp1s_nn1s_S0
elu-tni/000-0_000-0
eob-tni/tp_1s0_pp1s_nn1s_S0
elu-tni/000-0_000-0
eob-tni/tp_1s0_np1s_np1s_S0
elu-tni/000-0_000-0
eob-tni/tp_1s0_np1s_np1s_S0
elu-tni/000-0_000-0
eob-tni/tp_1s0_np3s_np3s_S0
elu-tni/000-0_000-0
eob-tni/tp_1s0_np3s_np3s_S0
elu-tni/000-0_000-0
eob-tni/tp_1s0_tp_1s0
elu-tni/000-0_000-0
eob-tni/tp_1s0_tp_1s0
elu-tni/000-0_000-0
eob-tni/tp_1s0_tp_1s0
elu-tni/000-0_000-0
eob-tni/tp_1s0_tp_1s0
elu-tni/000-0_000-0
eob-tni/tp_1s0_pp1s_nn1s_S0
elu-tni/000-0_000-0
eob-tni/tp_1s0_pp1s_nn1s_S0
elu-tni/000-0_000-0
eob-tni/tp_1s0_np1s_np1s_S0
elu-tni/000-0_000-0
eob-tni/tp_1s0_np1s_np1s_S0
elu-tni/000-0_000-0
eob-tni/tp_1s0_np3s_np3s_S0
elu-tni/000-0_000-0
eob-tni/tp_1s0_np3s_np3s_S0
elu-tni/000-0_000-0
eob-tni/tp_1s0_tp_1s0
elu-tni/000-0_000-0
eob-tni/tp_1s0_tp_1s0
elu-tni/000-0_000-0
eob-tni/tp_1s0_tp_1s0
elu-tni/000-0_000-0
eob-tni/tp_1s0_tp_1s0
elu-tni/000-0_000-0
eob-tni/tp_1s0_tp_1s0
elu-tni/000-0_000-0
eob-tni/tp_1s0_pp1s_nn1s_S0
elu-tni/000-0_000-0
eob-tni/tp_1s0_pp1s_nn1s_S0
elu-tni/000-0_000-0
eob-tni/tp_1s0_np1s_np1s_S0
elu-tni/000-0_000-0
eob-tni/tp_1s0_np1s_np1s_S0
elu-tni/000-0_000-0
eob-tni/tp_1s0_np3s_np3s_S0
elu-tni/000-0_000-0
eob-tni/tp_1s0_np3s_np3s_S0
elu-tni/000-0_000-0
eob-tni/tp_1s0_tp_1s0
elu-tni/000-0_000-0
eob-tni/tp_1s0_tp_1s0
elu-tni/000-0_000-0
eob-tni/tp_1s0_tp_1s0
elu-tni/000-0_000-0
eob-tni/tp_1s0_tp_1s0
elu-tni/000-0_000-0
eob-tni/tp_1s0_tp_1s0
elu-tni/000-0_000-0
eob-tni/tp_1s0_tp_1s0
elu-tni/000-0_000-0
eob-tni/tp_1s0_pp1s_nn1s_S0
elu-tni/000-0_000-0
eob-tni/tp_1s0_pp1s_nn1s_S0
elu-tni/000-0_000-0
eob-tni/tp_1s0_np1s_np1s_S0
elu-tni/000-0_000-0
eob-tni/tp_1s0_np1s_np1s_S0
elu-tni/000-0_000-0
eob-tni/tp_1s0_np3s_np3s_S0
elu-tni/000-0_000-0
eob-tni/tp_1s0_np3s_np3s_S0
elu-tni/000-0_000-0
eob-tni/tp_1s0_tp_1s0
elu-tni/000-0_000-0
eob-tni/tp_1s0_tp_1s0
elu-tni/000-0_000-0
eob-tni/tp_1s0_tp_1s0
elu-tni/000-0_000-0
eob-tni/tp_1s0_tp_1s0
elu-tni/000-0_000-0
eob-tni/tp_1s0_tp_1s0
elu-tni/000-0_000-0
eob-tni/tp_1s0_tp_1s0
elu-tni/000-0_000-0
eob-tni/tp_1s0_tp_1s0
elu-tni/000-0_000-0
eob-tni/tp_1s0_pp1s_nn1s_S0
elu-tni/000-0_000-0
eob-tni/tp_1s0_pp1s_nn1s_S0
elu-tni/000-0_000-0
eob-tni/tp_1s0_np1s_np1s_S0
elu-tni/000-0_000-0
eob-tni/tp_1s0_np1s_np1s_S0
elu-tni/000-0_000-0
eob-tni/tp_1s0_np3s_np3s_S0
elu-tni/000-0_000-0
eob-tni/tp_1s0_np3s_np3s_S0
elu-tni/000-0_000-0
eob-tni/tp_1s0_tp_1s0
elu-tni/000-0_000-0
eob-tni/tp_1s0_tp_1s0
elu-tni/000-0_000-0
eob-tni/tp_1s0_tp_1s0
elu-tni/000-0_000-0
eob-tni/tp_1s0_tp_1s0
elu-tni/000-0_000-0
eob-tni/tp_1s0_tp_1s0
elu-tni/000-0_000-0
eob-tni/tp_1s0_tp_1s0
elu-tni/000-0_000-0
eob-tni/tp_1s0_tp_1s0
elu-tni/000-0_000-0
eob-tni/tp_1s0_tp_1s0
elu-tni/000-0_000-0
eob-tni/tp_6s0_pp1s_nn1s_S0
elu-tni/000-0_000-0
eob-tni/tp_6s0_pp1s_nn1s_S0
elu-tni/000-0_000-0
eob-tni/tp_6s0_np1s_np1s_S0
elu-tni/000-0_000-0
eob-tni/tp_6s0_np1s_np1s_S0
elu-tni/000-0_000-0
eob-tni/tp_6s0_np3s_np3s_S0
elu-tni/000-0_000-0
eob-tni/tp_6s0_np3s_np3s_S0
elu-tni/000-0_000-0
eob-tni/tp_6s0_tp_1s0
elu-tni/000-0_000-0
eob-tni/tp_6s0_tp_1s0
elu-tni/000-0_000-0
eob-tni/tp_6s0_tp_1s0
elu-tni/000-0_000-0
eob-tni/tp_6s0_tp_1s0
elu-tni/000-0_000-0
eob-tni/tp_6s0_tp_1s0
elu-tni/000-0_000-0
eob-tni/tp_6s0_tp_1s0
elu-tni/000-0_000-0
eob-tni/tp_6s0_tp_1s0
elu-tni/000-0_000-0
eob-tni/tp_6s0_tp_1s0
elu-tni/000-0_000-0
eob-tni/tp_6s0_tp_6s0
elu-tni/000-0_000-0
eob-tni/tp_6s0_pp1s_nn1s_S0
elu-tni/000-0_000-0
eob-tni/tp_6s0_pp1s_nn1s_S0
elu-tni/000-0_000-0
eob-tni/tp_6s0_np1s_np1s_S0
elu-tni/000-0_000-0
eob-tni/tp_6s0_np1s_np1s_S0
elu-tni/000-0_000-0
eob-tni/tp_6s0_np3s_np3s_S0
elu-tni/000-0_000-0
eob-tni/tp_6s0_np3s_np3s_S0
elu-tni/000-0_000-0
eob-tni/tp_6s0_tp_1s0
elu-tni/000-0_000-0
eob-tni/tp_6s0_tp_1s0
elu-tni/000-0_000-0
eob-tni/tp_6s0_tp_1s0
elu-tni/000-0_000-0
eob-tni/tp_6s0_tp_1s0
elu-tni/000-0_000-0
eob-tni/tp_6s0_tp_1s0
elu-tni/000-0_000-0
eob-tni/tp_6s0_tp_1s0
elu-tni/000-0_000-0
eob-tni/tp_6s0_tp_1s0
elu-tni/000-0_000-0
eob-tni/tp_6s0_tp_1s0
elu-tni/000-0_000-0
eob-tni/tp_6s0_tp_6s0
elu-tni/000-0_000-0
eob-tni/tp_6s0_tp_6s0
elu-tni/000-0_000-0
eob-tni/tp_6s0_pp1s_nn1s_S0
elu-tni/000-0_000-0
eob-tni/tp_6s0_pp1s_nn1s_S0
elu-tni/000-0_000-0
eob-tni/tp_6s0_np1s_np1s_S0
elu-tni/000-0_000-0
eob-tni/tp_6s0_np1s_np1s_S0
elu-tni/000-0_000-0
eob-tni/tp_6s0_np3s_np3s_S0
elu-tni/000-0_000-0
eob-tni/tp_6s0_np3s_np3s_S0
elu-tni/000-0_000-0
eob-tni/tp_6s0_tp_1s0
elu-tni/000-0_000-0
eob-tni/tp_6s0_tp_1s0
elu-tni/000-0_000-0
eob-tni/tp_6s0_tp_1s0
elu-tni/000-0_000-0
eob-tni/tp_6s0_tp_1s0
elu-tni/000-0_000-0
eob-tni/tp_6s0_tp_1s0
elu-tni/000-0_000-0
eob-tni/tp_6s0_tp_1s0
elu-tni/000-0_000-0
eob-tni/tp_6s0_tp_1s0
elu-tni/000-0_000-0
eob-tni/tp_6s0_tp_1s0
elu-tni/000-0_000-0
eob-tni/tp_6s0_tp_6s0
elu-tni/000-0_000-0
eob-tni/tp_6s0_tp_6s0
elu-tni/000-0_000-0
eob-tni/tp_6s0_tp_6s0
elu-tni/000-0_000-0
eob-tni/tp_6s0_pp1s_nn1s_S0
elu-tni/000-0_000-0
eob-tni/tp_6s0_pp1s_nn1s_S0
elu-tni/000-0_000-0
eob-tni/tp_6s0_np1s_np1s_S0
elu-tni/000-0_000-0
eob-tni/tp_6s0_np1s_np1s_S0
elu-tni/000-0_000-0
eob-tni/tp_6s0_np3s_np3s_S0
elu-tni/000-0_000-0
eob-tni/tp_6s0_np3s_np3s_S0
elu-tni/000-0_000-0
eob-tni/tp_6s0_tp_1s0
elu-tni/000-0_000-0
eob-tni/tp_6s0_tp_1s0
elu-tni/000-0_000-0
eob-tni/tp_6s0_tp_1s0
elu-tni/000-0_000-0
eob-tni/tp_6s0_tp_1s0
elu-tni/000-0_000-0
eob-tni/tp_6s0_tp_1s0
elu-tni/000-0_000-0
eob-tni/tp_6s0_tp_1s0
elu-tni/000-0_000-0
eob-tni/tp_6s0_tp_1s0
elu-tni/000-0_000-0
eob-tni/tp_6s0_tp_1s0
elu-tni/000-0_000-0
eob-tni/tp_6s0_tp_6s0
elu-tni/000-0_000-0
eob-tni/tp_6s0_tp_6s0
elu-tni/000-0_000-0
eob-tni/tp_6s0_tp_6s0
elu-tni/000-0_000-0
eob-tni/tp_6s0_tp_6s0
elu-tni/000-0_000-0
eob-tni/tp_6s0_pp1s_nn1s_S0
elu-tni/000-0_000-0
eob-tni/tp_6s0_pp1s_nn1s_S0
elu-tni/000-0_000-0
eob-tni/tp_6s0_np1s_np1s_S0
elu-tni/000-0_000-0
eob-tni/tp_6s0_np1s_np1s_S0
elu-tni/000-0_000-0
eob-tni/tp_6s0_np3s_np3s_S0
elu-tni/000-0_000-0
eob-tni/tp_6s0_np3s_np3s_S0
elu-tni/000-0_000-0
eob-tni/tp_6s0_tp_1s0
elu-tni/000-0_000-0
eob-tni/tp_6s0_tp_1s0
elu-tni/000-0_000-0
eob-tni/tp_6s0_tp_1s0
elu-tni/000-0_000-0
eob-tni/tp_6s0_tp_1s0
elu-tni/000-0_000-0
eob-tni/tp_6s0_tp_1s0
elu-tni/000-0_000-0
eob-tni/tp_6s0_tp_1s0
elu-tni/000-0_000-0
eob-tni/tp_6s0_tp_1s0
elu-tni/000-0_000-0
eob-tni/tp_6s0_tp_1s0
elu-tni/000-0_000-0
eob-tni/tp_6s0_tp_6s0
elu-tni/000-0_000-0
eob-tni/tp_6s0_tp_6s0
elu-tni/000-0_000-0
eob-tni/tp_6s0_tp_6s0
elu-tni/000-0_000-0
eob-tni/tp_6s0_tp_6s0
elu-tni/000-0_000-0
eob-tni/tp_6s0_tp_6s0
elu-tni/000-0_000-0
eob-tni/tp_6s0_pp1s_nn1s_S0
elu-tni/000-0_000-0
eob-tni/tp_6s0_pp1s_nn1s_S0
elu-tni/000-0_000-0
eob-tni/tp_6s0_np1s_np1s_S0
elu-tni/000-0_000-0
eob-tni/tp_6s0_np1s_np1s_S0
elu-tni/000-0_000-0
eob-tni/tp_6s0_np3s_np3s_S0
elu-tni/000-0_000-0
eob-tni/tp_6s0_np3s_np3s_S0
elu-tni/000-0_000-0
eob-tni/tp_6s0_tp_1s0
elu-tni/000-0_000-0
eob-tni/tp_6s0_tp_1s0
elu-tni/000-0_000-0
eob-tni/tp_6s0_tp_1s0
elu-tni/000-0_000-0
eob-tni/tp_6s0_tp_1s0
elu-tni/000-0_000-0
eob-tni/tp_6s0_tp_1s0
elu-tni/000-0_000-0
eob-tni/tp_6s0_tp_1s0
elu-tni/000-0_000-0
eob-tni/tp_6s0_tp_1s0
elu-tni/000-0_000-0
eob-tni/tp_6s0_tp_1s0
elu-tni/000-0_000-0
eob-tni/tp_6s0_tp_6s0
elu-tni/000-0_000-0
eob-tni/tp_6s0_tp_6s0
elu-tni/000-0_000-0
eob-tni/tp_6s0_tp_6s0
elu-tni/000-0_000-0
eob-tni/tp_6s0_tp_6s0
elu-tni/000-0_000-0
eob-tni/tp_6s0_tp_6s0
elu-tni/000-0_000-0
eob-tni/tp_6s0_tp_6s0
elu-tni/000-0_000-0
eob-tni/tp_6s0_pp1s_nn1s_S0
elu-tni/000-0_000-0
eob-tni/tp_6s0_pp1s_nn1s_S0
elu-tni/000-0_000-0
eob-tni/tp_6s0_np1s_np1s_S0
elu-tni/000-0_000-0
eob-tni/tp_6s0_np1s_np1s_S0
elu-tni/000-0_000-0
eob-tni/tp_6s0_np3s_np3s_S0
elu-tni/000-0_000-0
eob-tni/tp_6s0_np3s_np3s_S0
elu-tni/000-0_000-0
eob-tni/tp_6s0_tp_1s0
elu-tni/000-0_000-0
eob-tni/tp_6s0_tp_1s0
elu-tni/000-0_000-0
eob-tni/tp_6s0_tp_1s0
elu-tni/000-0_000-0
eob-tni/tp_6s0_tp_1s0
elu-tni/000-0_000-0
eob-tni/tp_6s0_tp_1s0
elu-tni/000-0_000-0
eob-tni/tp_6s0_tp_1s0
elu-tni/000-0_000-0
eob-tni/tp_6s0_tp_1s0
elu-tni/000-0_000-0
eob-tni/tp_6s0_tp_1s0
elu-tni/000-0_000-0
eob-tni/tp_6s0_tp_6s0
elu-tni/000-0_000-0
eob-tni/tp_6s0_tp_6s0
elu-tni/000-0_000-0
eob-tni/tp_6s0_tp_6s0
elu-tni/000-0_000-0
eob-tni/tp_6s0_tp_6s0
elu-tni/000-0_000-0
eob-tni/tp_6s0_tp_6s0
elu-tni/000-0_000-0
eob-tni/tp_6s0_tp_6s0
elu-tni/000-0_000-0
eob-tni/tp_6s0_tp_6s0
elu-tni/000-0_000-0
eob-tni/tp_6s0_pp1s_nn1s_S0
elu-tni/000-0_000-0
eob-tni/tp_6s0_pp1s_nn1s_S0
elu-tni/000-0_000-0
eob-tni/tp_6s0_np1s_np1s_S0
elu-tni/000-0_000-0
eob-tni/tp_6s0_np1s_np1s_S0
elu-tni/000-0_000-0
eob-tni/tp_6s0_np3s_np3s_S0
elu-tni/000-0_000-0
eob-tni/tp_6s0_np3s_np3s_S0
elu-tni/000-0_000-0
eob-tni/tp_6s0_tp_1s0
elu-tni/000-0_000-0
eob-tni/tp_6s0_tp_1s0
elu-tni/000-0_000-0
eob-tni/tp_6s0_tp_1s0
elu-tni/000-0_000-0
eob-tni/tp_6s0_tp_1s0
elu-tni/000-0_000-0
eob-tni/tp_6s0_tp_1s0
elu-tni/000-0_000-0
eob-tni/tp_6s0_tp_1s0
elu-tni/000-0_000-0
eob-tni/tp_6s0_tp_1s0
elu-tni/000-0_000-0
eob-tni/tp_6s0_tp_1s0
elu-tni/000-0_000-0
eob-tni/tp_6s0_tp_6s0
elu-tni/000-0_000-0
eob-tni/tp_6s0_tp_6s0
elu-tni/000-0_000-0
eob-tni/tp_6s0_tp_6s0
elu-tni/000-0_000-0
eob-tni/tp_6s0_tp_6s0
elu-tni/000-0_000-0
eob-tni/tp_6s0_tp_6s0
elu-tni/000-0_000-0
eob-tni/tp_6s0_tp_6s0
elu-tni/000-0_000-0
eob-tni/tp_6s0_tp_6s0
elu-tni/000-0_000-0
eob-tni/tp_6s0_tp_6s0
elu-tni/000-0_000-0
eob-tni/hen_1s0_pp1s_nn1s_S0
elu-tni/000-0_000-0
eob-tni/hen_1s0_pp1s_nn1s_S0
elu-tni/000-0_000-0
eob-tni/hen_1s0_np1s_np1s_S0
elu-tni/000-0_000-0
eob-tni/hen_1s0_np1s_np1s_S0
elu-tni/000-0_000-0
eob-tni/hen_1s0_np3s_np3s_S0
elu-tni/000-0_000-0
eob-tni/hen_1s0_np3s_np3s_S0
elu-tni/000-0_000-0
eob-tni/hen_1s0_tp_1s0
elu-tni/000-0_000-0
eob-tni/hen_1s0_tp_1s0
elu-tni/000-0_000-0
eob-tni/hen_1s0_tp_1s0
elu-tni/000-0_000-0
eob-tni/hen_1s0_tp_1s0
elu-tni/000-0_000-0
eob-tni/hen_1s0_tp_1s0
elu-tni/000-0_000-0
eob-tni/hen_1s0_tp_1s0
elu-tni/000-0_000-0
eob-tni/hen_1s0_tp_1s0
elu-tni/000-0_000-0
eob-tni/hen_1s0_tp_1s0
elu-tni/000-0_000-0
eob-tni/hen_1s0_tp_6s0
elu-tni/000-0_000-0
eob-tni/hen_1s0_tp_6s0
elu-tni/000-0_000-0
eob-tni/hen_1s0_tp_6s0
elu-tni/000-0_000-0
eob-tni/hen_1s0_tp_6s0
elu-tni/000-0_000-0
eob-tni/hen_1s0_tp_6s0
elu-tni/000-0_000-0
eob-tni/hen_1s0_tp_6s0
elu-tni/000-0_000-0
eob-tni/hen_1s0_tp_6s0
elu-tni/000-0_000-0
eob-tni/hen_1s0_tp_6s0
elu-tni/000-0_000-0
eob-tni/hen_1s0_hen_1s0
elu-tni/000-0_000-0
eob-tni/hen_1s0_pp1s_nn1s_S0
elu-tni/000-0_000-0
eob-tni/hen_1s0_pp1s_nn1s_S0
elu-tni/000-0_000-0
eob-tni/hen_1s0_np1s_np1s_S0
elu-tni/000-0_000-0
eob-tni/hen_1s0_np1s_np1s_S0
elu-tni/000-0_000-0
eob-tni/hen_1s0_np3s_np3s_S0
elu-tni/000-0_000-0
eob-tni/hen_1s0_np3s_np3s_S0
elu-tni/000-0_000-0
eob-tni/hen_1s0_tp_1s0
elu-tni/000-0_000-0
eob-tni/hen_1s0_tp_1s0
elu-tni/000-0_000-0
eob-tni/hen_1s0_tp_1s0
elu-tni/000-0_000-0
eob-tni/hen_1s0_tp_1s0
elu-tni/000-0_000-0
eob-tni/hen_1s0_tp_1s0
elu-tni/000-0_000-0
eob-tni/hen_1s0_tp_1s0
elu-tni/000-0_000-0
eob-tni/hen_1s0_tp_1s0
elu-tni/000-0_000-0
eob-tni/hen_1s0_tp_1s0
elu-tni/000-0_000-0
eob-tni/hen_1s0_tp_6s0
elu-tni/000-0_000-0
eob-tni/hen_1s0_tp_6s0
elu-tni/000-0_000-0
eob-tni/hen_1s0_tp_6s0
elu-tni/000-0_000-0
eob-tni/hen_1s0_tp_6s0
elu-tni/000-0_000-0
eob-tni/hen_1s0_tp_6s0
elu-tni/000-0_000-0
eob-tni/hen_1s0_tp_6s0
elu-tni/000-0_000-0
eob-tni/hen_1s0_tp_6s0
elu-tni/000-0_000-0
eob-tni/hen_1s0_tp_6s0
elu-tni/000-0_000-0
eob-tni/hen_1s0_hen_1s0
elu-tni/000-0_000-0
eob-tni/hen_1s0_hen_1s0
elu-tni/000-0_000-0
eob-tni/hen_1s0_pp1s_nn1s_S0
elu-tni/000-0_000-0
eob-tni/hen_1s0_pp1s_nn1s_S0
elu-tni/000-0_000-0
eob-tni/hen_1s0_np1s_np1s_S0
elu-tni/000-0_000-0
eob-tni/hen_1s0_np1s_np1s_S0
elu-tni/000-0_000-0
eob-tni/hen_1s0_np3s_np3s_S0
elu-tni/000-0_000-0
eob-tni/hen_1s0_np3s_np3s_S0
elu-tni/000-0_000-0
eob-tni/hen_1s0_tp_1s0
elu-tni/000-0_000-0
eob-tni/hen_1s0_tp_1s0
elu-tni/000-0_000-0
eob-tni/hen_1s0_tp_1s0
elu-tni/000-0_000-0
eob-tni/hen_1s0_tp_1s0
elu-tni/000-0_000-0
eob-tni/hen_1s0_tp_1s0
elu-tni/000-0_000-0
eob-tni/hen_1s0_tp_1s0
elu-tni/000-0_000-0
eob-tni/hen_1s0_tp_1s0
elu-tni/000-0_000-0
eob-tni/hen_1s0_tp_1s0
elu-tni/000-0_000-0
eob-tni/hen_1s0_tp_6s0
elu-tni/000-0_000-0
eob-tni/hen_1s0_tp_6s0
elu-tni/000-0_000-0
eob-tni/hen_1s0_tp_6s0
elu-tni/000-0_000-0
eob-tni/hen_1s0_tp_6s0
elu-tni/000-0_000-0
eob-tni/hen_1s0_tp_6s0
elu-tni/000-0_000-0
eob-tni/hen_1s0_tp_6s0
elu-tni/000-0_000-0
eob-tni/hen_1s0_tp_6s0
elu-tni/000-0_000-0
eob-tni/hen_1s0_tp_6s0
elu-tni/000-0_000-0
eob-tni/hen_1s0_hen_1s0
elu-tni/000-0_000-0
eob-tni/hen_1s0_hen_1s0
elu-tni/000-0_000-0
eob-tni/hen_1s0_hen_1s0
elu-tni/000-0_000-0
eob-tni/hen_1s0_pp1s_nn1s_S0
elu-tni/000-0_000-0
eob-tni/hen_1s0_pp1s_nn1s_S0
elu-tni/000-0_000-0
eob-tni/hen_1s0_np1s_np1s_S0
elu-tni/000-0_000-0
eob-tni/hen_1s0_np1s_np1s_S0
elu-tni/000-0_000-0
eob-tni/hen_1s0_np3s_np3s_S0
elu-tni/000-0_000-0
eob-tni/hen_1s0_np3s_np3s_S0
elu-tni/000-0_000-0
eob-tni/hen_1s0_tp_1s0
elu-tni/000-0_000-0
eob-tni/hen_1s0_tp_1s0
elu-tni/000-0_000-0
eob-tni/hen_1s0_tp_1s0
elu-tni/000-0_000-0
eob-tni/hen_1s0_tp_1s0
elu-tni/000-0_000-0
eob-tni/hen_1s0_tp_1s0
elu-tni/000-0_000-0
eob-tni/hen_1s0_tp_1s0
elu-tni/000-0_000-0
eob-tni/hen_1s0_tp_1s0
elu-tni/000-0_000-0
eob-tni/hen_1s0_tp_1s0
elu-tni/000-0_000-0
eob-tni/hen_1s0_tp_6s0
elu-tni/000-0_000-0
eob-tni/hen_1s0_tp_6s0
elu-tni/000-0_000-0
eob-tni/hen_1s0_tp_6s0
elu-tni/000-0_000-0
eob-tni/hen_1s0_tp_6s0
elu-tni/000-0_000-0
eob-tni/hen_1s0_tp_6s0
elu-tni/000-0_000-0
eob-tni/hen_1s0_tp_6s0
elu-tni/000-0_000-0
eob-tni/hen_1s0_tp_6s0
elu-tni/000-0_000-0
eob-tni/hen_1s0_tp_6s0
elu-tni/000-0_000-0
eob-tni/hen_1s0_hen_1s0
elu-tni/000-0_000-0
eob-tni/hen_1s0_hen_1s0
elu-tni/000-0_000-0
eob-tni/hen_1s0_hen_1s0
elu-tni/000-0_000-0
eob-tni/hen_1s0_hen_1s0
elu-tni/000-0_000-0
eob-tni/hen_1s0_pp1s_nn1s_S0
elu-tni/000-0_000-0
eob-tni/hen_1s0_pp1s_nn1s_S0
elu-tni/000-0_000-0
eob-tni/hen_1s0_np1s_np1s_S0
elu-tni/000-0_000-0
eob-tni/hen_1s0_np1s_np1s_S0
elu-tni/000-0_000-0
eob-tni/hen_1s0_np3s_np3s_S0
elu-tni/000-0_000-0
eob-tni/hen_1s0_np3s_np3s_S0
elu-tni/000-0_000-0
eob-tni/hen_1s0_tp_1s0
elu-tni/000-0_000-0
eob-tni/hen_1s0_tp_1s0
elu-tni/000-0_000-0
eob-tni/hen_1s0_tp_1s0
elu-tni/000-0_000-0
eob-tni/hen_1s0_tp_1s0
elu-tni/000-0_000-0
eob-tni/hen_1s0_tp_1s0
elu-tni/000-0_000-0
eob-tni/hen_1s0_tp_1s0
elu-tni/000-0_000-0
eob-tni/hen_1s0_tp_1s0
elu-tni/000-0_000-0
eob-tni/hen_1s0_tp_1s0
elu-tni/000-0_000-0
eob-tni/hen_1s0_tp_6s0
elu-tni/000-0_000-0
eob-tni/hen_1s0_tp_6s0
elu-tni/000-0_000-0
eob-tni/hen_1s0_tp_6s0
elu-tni/000-0_000-0
eob-tni/hen_1s0_tp_6s0
elu-tni/000-0_000-0
eob-tni/hen_1s0_tp_6s0
elu-tni/000-0_000-0
eob-tni/hen_1s0_tp_6s0
elu-tni/000-0_000-0
eob-tni/hen_1s0_tp_6s0
elu-tni/000-0_000-0
eob-tni/hen_1s0_tp_6s0
elu-tni/000-0_000-0
eob-tni/hen_1s0_hen_1s0
elu-tni/000-0_000-0
eob-tni/hen_1s0_hen_1s0
elu-tni/000-0_000-0
eob-tni/hen_1s0_hen_1s0
elu-tni/000-0_000-0
eob-tni/hen_1s0_hen_1s0
elu-tni/000-0_000-0
eob-tni/hen_1s0_hen_1s0
elu-tni/000-0_000-0
eob-tni/hen_1s0_pp1s_nn1s_S0
elu-tni/000-0_000-0
eob-tni/hen_1s0_pp1s_nn1s_S0
elu-tni/000-0_000-0
eob-tni/hen_1s0_np1s_np1s_S0
elu-tni/000-0_000-0
eob-tni/hen_1s0_np1s_np1s_S0
elu-tni/000-0_000-0
eob-tni/hen_1s0_np3s_np3s_S0
elu-tni/000-0_000-0
eob-tni/hen_1s0_np3s_np3s_S0
elu-tni/000-0_000-0
eob-tni/hen_1s0_tp_1s0
elu-tni/000-0_000-0
eob-tni/hen_1s0_tp_1s0
elu-tni/000-0_000-0
eob-tni/hen_1s0_tp_1s0
elu-tni/000-0_000-0
eob-tni/hen_1s0_tp_1s0
elu-tni/000-0_000-0
eob-tni/hen_1s0_tp_1s0
elu-tni/000-0_000-0
eob-tni/hen_1s0_tp_1s0
elu-tni/000-0_000-0
eob-tni/hen_1s0_tp_1s0
elu-tni/000-0_000-0
eob-tni/hen_1s0_tp_1s0
elu-tni/000-0_000-0
eob-tni/hen_1s0_tp_6s0
elu-tni/000-0_000-0
eob-tni/hen_1s0_tp_6s0
elu-tni/000-0_000-0
eob-tni/hen_1s0_tp_6s0
elu-tni/000-0_000-0
eob-tni/hen_1s0_tp_6s0
elu-tni/000-0_000-0
eob-tni/hen_1s0_tp_6s0
elu-tni/000-0_000-0
eob-tni/hen_1s0_tp_6s0
elu-tni/000-0_000-0
eob-tni/hen_1s0_tp_6s0
elu-tni/000-0_000-0
eob-tni/hen_1s0_tp_6s0
elu-tni/000-0_000-0
eob-tni/hen_1s0_hen_1s0
elu-tni/000-0_000-0
eob-tni/hen_1s0_hen_1s0
elu-tni/000-0_000-0
eob-tni/hen_1s0_hen_1s0
elu-tni/000-0_000-0
eob-tni/hen_1s0_hen_1s0
elu-tni/000-0_000-0
eob-tni/hen_1s0_hen_1s0
elu-tni/000-0_000-0
eob-tni/hen_1s0_hen_1s0
elu-tni/000-0_000-0
eob-tni/hen_1s0_pp1s_nn1s_S0
elu-tni/000-0_000-0
eob-tni/hen_1s0_pp1s_nn1s_S0
elu-tni/000-0_000-0
eob-tni/hen_1s0_np1s_np1s_S0
elu-tni/000-0_000-0
eob-tni/hen_1s0_np1s_np1s_S0
elu-tni/000-0_000-0
eob-tni/hen_1s0_np3s_np3s_S0
elu-tni/000-0_000-0
eob-tni/hen_1s0_np3s_np3s_S0
elu-tni/000-0_000-0
eob-tni/hen_1s0_tp_1s0
elu-tni/000-0_000-0
eob-tni/hen_1s0_tp_1s0
elu-tni/000-0_000-0
eob-tni/hen_1s0_tp_1s0
elu-tni/000-0_000-0
eob-tni/hen_1s0_tp_1s0
elu-tni/000-0_000-0
eob-tni/hen_1s0_tp_1s0
elu-tni/000-0_000-0
eob-tni/hen_1s0_tp_1s0
elu-tni/000-0_000-0
eob-tni/hen_1s0_tp_1s0
elu-tni/000-0_000-0
eob-tni/hen_1s0_tp_1s0
elu-tni/000-0_000-0
eob-tni/hen_1s0_tp_6s0
elu-tni/000-0_000-0
eob-tni/hen_1s0_tp_6s0
elu-tni/000-0_000-0
eob-tni/hen_1s0_tp_6s0
elu-tni/000-0_000-0
eob-tni/hen_1s0_tp_6s0
elu-tni/000-0_000-0
eob-tni/hen_1s0_tp_6s0
elu-tni/000-0_000-0
eob-tni/hen_1s0_tp_6s0
elu-tni/000-0_000-0
eob-tni/hen_1s0_tp_6s0
elu-tni/000-0_000-0
eob-tni/hen_1s0_tp_6s0
elu-tni/000-0_000-0
eob-tni/hen_1s0_hen_1s0
elu-tni/000-0_000-0
eob-tni/hen_1s0_hen_1s0
elu-tni/000-0_000-0
eob-tni/hen_1s0_hen_1s0
elu-tni/000-0_000-0
eob-tni/hen_1s0_hen_1s0
elu-tni/000-0_000-0
eob-tni/hen_1s0_hen_1s0
elu-tni/000-0_000-0
eob-tni/hen_1s0_hen_1s0
elu-tni/000-0_000-0
eob-tni/hen_1s0_hen_1s0
elu-tni/000-0_000-0
eob-tni/hen_1s0_pp1s_nn1s_S0
elu-tni/000-0_000-0
eob-tni/hen_1s0_pp1s_nn1s_S0
elu-tni/000-0_000-0
eob-tni/hen_1s0_np1s_np1s_S0
elu-tni/000-0_000-0
eob-tni/hen_1s0_np1s_np1s_S0
elu-tni/000-0_000-0
eob-tni/hen_1s0_np3s_np3s_S0
elu-tni/000-0_000-0
eob-tni/hen_1s0_np3s_np3s_S0
elu-tni/000-0_000-0
eob-tni/hen_1s0_tp_1s0
elu-tni/000-0_000-0
eob-tni/hen_1s0_tp_1s0
elu-tni/000-0_000-0
eob-tni/hen_1s0_tp_1s0
elu-tni/000-0_000-0
eob-tni/hen_1s0_tp_1s0
elu-tni/000-0_000-0
eob-tni/hen_1s0_tp_1s0
elu-tni/000-0_000-0
eob-tni/hen_1s0_tp_1s0
elu-tni/000-0_000-0
eob-tni/hen_1s0_tp_1s0
elu-tni/000-0_000-0
eob-tni/hen_1s0_tp_1s0
elu-tni/000-0_000-0
eob-tni/hen_1s0_tp_6s0
elu-tni/000-0_000-0
eob-tni/hen_1s0_tp_6s0
elu-tni/000-0_000-0
eob-tni/hen_1s0_tp_6s0
elu-tni/000-0_000-0
eob-tni/hen_1s0_tp_6s0
elu-tni/000-0_000-0
eob-tni/hen_1s0_tp_6s0
elu-tni/000-0_000-0
eob-tni/hen_1s0_tp_6s0
elu-tni/000-0_000-0
eob-tni/hen_1s0_tp_6s0
elu-tni/000-0_000-0
eob-tni/hen_1s0_tp_6s0
elu-tni/000-0_000-0
eob-tni/hen_1s0_hen_1s0
elu-tni/000-0_000-0
eob-tni/hen_1s0_hen_1s0
elu-tni/000-0_000-0
eob-tni/hen_1s0_hen_1s0
elu-tni/000-0_000-0
eob-tni/hen_1s0_hen_1s0
elu-tni/000-0_000-0
eob-tni/hen_1s0_hen_1s0
elu-tni/000-0_000-0
eob-tni/hen_1s0_hen_1s0
elu-tni/000-0_000-0
eob-tni/hen_1s0_hen_1s0
elu-tni/000-0_000-0
eob-tni/hen_1s0_hen_1s0
elu-tni/000-0_000-0
eob-tni/hen_6s0_pp1s_nn1s_S0
elu-tni/000-0_000-0
eob-tni/hen_6s0_pp1s_nn1s_S0
elu-tni/000-0_000-0
eob-tni/hen_6s0_np1s_np1s_S0
elu-tni/000-0_000-0
eob-tni/hen_6s0_np1s_np1s_S0
elu-tni/000-0_000-0
eob-tni/hen_6s0_np3s_np3s_S0
elu-tni/000-0_000-0
eob-tni/hen_6s0_np3s_np3s_S0
elu-tni/000-0_000-0
eob-tni/hen_6s0_tp_1s0
elu-tni/000-0_000-0
eob-tni/hen_6s0_tp_1s0
elu-tni/000-0_000-0
eob-tni/hen_6s0_tp_1s0
elu-tni/000-0_000-0
eob-tni/hen_6s0_tp_1s0
elu-tni/000-0_000-0
eob-tni/hen_6s0_tp_1s0
elu-tni/000-0_000-0
eob-tni/hen_6s0_tp_1s0
elu-tni/000-0_000-0
eob-tni/hen_6s0_tp_1s0
elu-tni/000-0_000-0
eob-tni/hen_6s0_tp_1s0
elu-tni/000-0_000-0
eob-tni/hen_6s0_tp_6s0
elu-tni/000-0_000-0
eob-tni/hen_6s0_tp_6s0
elu-tni/000-0_000-0
eob-tni/hen_6s0_tp_6s0
elu-tni/000-0_000-0
eob-tni/hen_6s0_tp_6s0
elu-tni/000-0_000-0
eob-tni/hen_6s0_tp_6s0
elu-tni/000-0_000-0
eob-tni/hen_6s0_tp_6s0
elu-tni/000-0_000-0
eob-tni/hen_6s0_tp_6s0
elu-tni/000-0_000-0
eob-tni/hen_6s0_tp_6s0
elu-tni/000-0_000-0
eob-tni/hen_6s0_hen_1s0
elu-tni/000-0_000-0
eob-tni/hen_6s0_hen_1s0
elu-tni/000-0_000-0
eob-tni/hen_6s0_hen_1s0
elu-tni/000-0_000-0
eob-tni/hen_6s0_hen_1s0
elu-tni/000-0_000-0
eob-tni/hen_6s0_hen_1s0
elu-tni/000-0_000-0
eob-tni/hen_6s0_hen_1s0
elu-tni/000-0_000-0
eob-tni/hen_6s0_hen_1s0
elu-tni/000-0_000-0
eob-tni/hen_6s0_hen_1s0
elu-tni/000-0_000-0
eob-tni/hen_6s0_hen_6s0
elu-tni/000-0_000-0
eob-tni/hen_6s0_pp1s_nn1s_S0
elu-tni/000-0_000-0
eob-tni/hen_6s0_pp1s_nn1s_S0
elu-tni/000-0_000-0
eob-tni/hen_6s0_np1s_np1s_S0
elu-tni/000-0_000-0
eob-tni/hen_6s0_np1s_np1s_S0
elu-tni/000-0_000-0
eob-tni/hen_6s0_np3s_np3s_S0
elu-tni/000-0_000-0
eob-tni/hen_6s0_np3s_np3s_S0
elu-tni/000-0_000-0
eob-tni/hen_6s0_tp_1s0
elu-tni/000-0_000-0
eob-tni/hen_6s0_tp_1s0
elu-tni/000-0_000-0
eob-tni/hen_6s0_tp_1s0
elu-tni/000-0_000-0
eob-tni/hen_6s0_tp_1s0
elu-tni/000-0_000-0
eob-tni/hen_6s0_tp_1s0
elu-tni/000-0_000-0
eob-tni/hen_6s0_tp_1s0
elu-tni/000-0_000-0
eob-tni/hen_6s0_tp_1s0
elu-tni/000-0_000-0
eob-tni/hen_6s0_tp_1s0
elu-tni/000-0_000-0
eob-tni/hen_6s0_tp_6s0
elu-tni/000-0_000-0
eob-tni/hen_6s0_tp_6s0
elu-tni/000-0_000-0
eob-tni/hen_6s0_tp_6s0
elu-tni/000-0_000-0
eob-tni/hen_6s0_tp_6s0
elu-tni/000-0_000-0
eob-tni/hen_6s0_tp_6s0
elu-tni/000-0_000-0
eob-tni/hen_6s0_tp_6s0
elu-tni/000-0_000-0
eob-tni/hen_6s0_tp_6s0
elu-tni/000-0_000-0
eob-tni/hen_6s0_tp_6s0
elu-tni/000-0_000-0
eob-tni/hen_6s0_hen_1s0
elu-tni/000-0_000-0
eob-tni/hen_6s0_hen_1s0
elu-tni/000-0_000-0
eob-tni/hen_6s0_hen_1s0
elu-tni/000-0_000-0
eob-tni/hen_6s0_hen_1s0
elu-tni/000-0_000-0
eob-tni/hen_6s0_hen_1s0
elu-tni/000-0_000-0
eob-tni/hen_6s0_hen_1s0
elu-tni/000-0_000-0
eob-tni/hen_6s0_hen_1s0
elu-tni/000-0_000-0
eob-tni/hen_6s0_hen_1s0
elu-tni/000-0_000-0
eob-tni/hen_6s0_hen_6s0
elu-tni/000-0_000-0
eob-tni/hen_6s0_hen_6s0
elu-tni/000-0_000-0
eob-tni/hen_6s0_pp1s_nn1s_S0
elu-tni/000-0_000-0
eob-tni/hen_6s0_pp1s_nn1s_S0
elu-tni/000-0_000-0
eob-tni/hen_6s0_np1s_np1s_S0
elu-tni/000-0_000-0
eob-tni/hen_6s0_np1s_np1s_S0
elu-tni/000-0_000-0
eob-tni/hen_6s0_np3s_np3s_S0
elu-tni/000-0_000-0
eob-tni/hen_6s0_np3s_np3s_S0
elu-tni/000-0_000-0
eob-tni/hen_6s0_tp_1s0
elu-tni/000-0_000-0
eob-tni/hen_6s0_tp_1s0
elu-tni/000-0_000-0
eob-tni/hen_6s0_tp_1s0
elu-tni/000-0_000-0
eob-tni/hen_6s0_tp_1s0
elu-tni/000-0_000-0
eob-tni/hen_6s0_tp_1s0
elu-tni/000-0_000-0
eob-tni/hen_6s0_tp_1s0
elu-tni/000-0_000-0
eob-tni/hen_6s0_tp_1s0
elu-tni/000-0_000-0
eob-tni/hen_6s0_tp_1s0
elu-tni/000-0_000-0
eob-tni/hen_6s0_tp_6s0
elu-tni/000-0_000-0
eob-tni/hen_6s0_tp_6s0
elu-tni/000-0_000-0
eob-tni/hen_6s0_tp_6s0
elu-tni/000-0_000-0
eob-tni/hen_6s0_tp_6s0
elu-tni/000-0_000-0
eob-tni/hen_6s0_tp_6s0
elu-tni/000-0_000-0
eob-tni/hen_6s0_tp_6s0
elu-tni/000-0_000-0
eob-tni/hen_6s0_tp_6s0
elu-tni/000-0_000-0
eob-tni/hen_6s0_tp_6s0
elu-tni/000-0_000-0
eob-tni/hen_6s0_hen_1s0
elu-tni/000-0_000-0
eob-tni/hen_6s0_hen_1s0
elu-tni/000-0_000-0
eob-tni/hen_6s0_hen_1s0
elu-tni/000-0_000-0
eob-tni/hen_6s0_hen_1s0
elu-tni/000-0_000-0
eob-tni/hen_6s0_hen_1s0
elu-tni/000-0_000-0
eob-tni/hen_6s0_hen_1s0
elu-tni/000-0_000-0
eob-tni/hen_6s0_hen_1s0
elu-tni/000-0_000-0
eob-tni/hen_6s0_hen_1s0
elu-tni/000-0_000-0
eob-tni/hen_6s0_hen_6s0
elu-tni/000-0_000-0
eob-tni/hen_6s0_hen_6s0
elu-tni/000-0_000-0
eob-tni/hen_6s0_hen_6s0
elu-tni/000-0_000-0
eob-tni/hen_6s0_pp1s_nn1s_S0
elu-tni/000-0_000-0
eob-tni/hen_6s0_pp1s_nn1s_S0
elu-tni/000-0_000-0
eob-tni/hen_6s0_np1s_np1s_S0
elu-tni/000-0_000-0
eob-tni/hen_6s0_np1s_np1s_S0
elu-tni/000-0_000-0
eob-tni/hen_6s0_np3s_np3s_S0
elu-tni/000-0_000-0
eob-tni/hen_6s0_np3s_np3s_S0
elu-tni/000-0_000-0
eob-tni/hen_6s0_tp_1s0
elu-tni/000-0_000-0
eob-tni/hen_6s0_tp_1s0
elu-tni/000-0_000-0
eob-tni/hen_6s0_tp_1s0
elu-tni/000-0_000-0
eob-tni/hen_6s0_tp_1s0
elu-tni/000-0_000-0
eob-tni/hen_6s0_tp_1s0
elu-tni/000-0_000-0
eob-tni/hen_6s0_tp_1s0
elu-tni/000-0_000-0
eob-tni/hen_6s0_tp_1s0
elu-tni/000-0_000-0
eob-tni/hen_6s0_tp_1s0
elu-tni/000-0_000-0
eob-tni/hen_6s0_tp_6s0
elu-tni/000-0_000-0
eob-tni/hen_6s0_tp_6s0
elu-tni/000-0_000-0
eob-tni/hen_6s0_tp_6s0
elu-tni/000-0_000-0
eob-tni/hen_6s0_tp_6s0
elu-tni/000-0_000-0
eob-tni/hen_6s0_tp_6s0
elu-tni/000-0_000-0
eob-tni/hen_6s0_tp_6s0
elu-tni/000-0_000-0
eob-tni/hen_6s0_tp_6s0
elu-tni/000-0_000-0
eob-tni/hen_6s0_tp_6s0
elu-tni/000-0_000-0
eob-tni/hen_6s0_hen_1s0
elu-tni/000-0_000-0
eob-tni/hen_6s0_hen_1s0
elu-tni/000-0_000-0
eob-tni/hen_6s0_hen_1s0
elu-tni/000-0_000-0
eob-tni/hen_6s0_hen_1s0
elu-tni/000-0_000-0
eob-tni/hen_6s0_hen_1s0
elu-tni/000-0_000-0
eob-tni/hen_6s0_hen_1s0
elu-tni/000-0_000-0
eob-tni/hen_6s0_hen_1s0
elu-tni/000-0_000-0
eob-tni/hen_6s0_hen_1s0
elu-tni/000-0_000-0
eob-tni/hen_6s0_hen_6s0
elu-tni/000-0_000-0
eob-tni/hen_6s0_hen_6s0
elu-tni/000-0_000-0
eob-tni/hen_6s0_hen_6s0
elu-tni/000-0_000-0
eob-tni/hen_6s0_hen_6s0
elu-tni/000-0_000-0
eob-tni/hen_6s0_pp1s_nn1s_S0
elu-tni/000-0_000-0
eob-tni/hen_6s0_pp1s_nn1s_S0
elu-tni/000-0_000-0
eob-tni/hen_6s0_np1s_np1s_S0
elu-tni/000-0_000-0
eob-tni/hen_6s0_np1s_np1s_S0
elu-tni/000-0_000-0
eob-tni/hen_6s0_np3s_np3s_S0
elu-tni/000-0_000-0
eob-tni/hen_6s0_np3s_np3s_S0
elu-tni/000-0_000-0
eob-tni/hen_6s0_tp_1s0
elu-tni/000-0_000-0
eob-tni/hen_6s0_tp_1s0
elu-tni/000-0_000-0
eob-tni/hen_6s0_tp_1s0
elu-tni/000-0_000-0
eob-tni/hen_6s0_tp_1s0
elu-tni/000-0_000-0
eob-tni/hen_6s0_tp_1s0
elu-tni/000-0_000-0
eob-tni/hen_6s0_tp_1s0
elu-tni/000-0_000-0
eob-tni/hen_6s0_tp_1s0
elu-tni/000-0_000-0
eob-tni/hen_6s0_tp_1s0
elu-tni/000-0_000-0
eob-tni/hen_6s0_tp_6s0
elu-tni/000-0_000-0
eob-tni/hen_6s0_tp_6s0
elu-tni/000-0_000-0
eob-tni/hen_6s0_tp_6s0
elu-tni/000-0_000-0
eob-tni/hen_6s0_tp_6s0
elu-tni/000-0_000-0
eob-tni/hen_6s0_tp_6s0
elu-tni/000-0_000-0
eob-tni/hen_6s0_tp_6s0
elu-tni/000-0_000-0
eob-tni/hen_6s0_tp_6s0
elu-tni/000-0_000-0
eob-tni/hen_6s0_tp_6s0
elu-tni/000-0_000-0
eob-tni/hen_6s0_hen_1s0
elu-tni/000-0_000-0
eob-tni/hen_6s0_hen_1s0
elu-tni/000-0_000-0
eob-tni/hen_6s0_hen_1s0
elu-tni/000-0_000-0
eob-tni/hen_6s0_hen_1s0
elu-tni/000-0_000-0
eob-tni/hen_6s0_hen_1s0
elu-tni/000-0_000-0
eob-tni/hen_6s0_hen_1s0
elu-tni/000-0_000-0
eob-tni/hen_6s0_hen_1s0
elu-tni/000-0_000-0
eob-tni/hen_6s0_hen_1s0
elu-tni/000-0_000-0
eob-tni/hen_6s0_hen_6s0
elu-tni/000-0_000-0
eob-tni/hen_6s0_hen_6s0
elu-tni/000-0_000-0
eob-tni/hen_6s0_hen_6s0
elu-tni/000-0_000-0
eob-tni/hen_6s0_hen_6s0
elu-tni/000-0_000-0
eob-tni/hen_6s0_hen_6s0
elu-tni/000-0_000-0
eob-tni/hen_6s0_pp1s_nn1s_S0
elu-tni/000-0_000-0
eob-tni/hen_6s0_pp1s_nn1s_S0
elu-tni/000-0_000-0
eob-tni/hen_6s0_np1s_np1s_S0
elu-tni/000-0_000-0
eob-tni/hen_6s0_np1s_np1s_S0
elu-tni/000-0_000-0
eob-tni/hen_6s0_np3s_np3s_S0
elu-tni/000-0_000-0
eob-tni/hen_6s0_np3s_np3s_S0
elu-tni/000-0_000-0
eob-tni/hen_6s0_tp_1s0
elu-tni/000-0_000-0
eob-tni/hen_6s0_tp_1s0
elu-tni/000-0_000-0
eob-tni/hen_6s0_tp_1s0
elu-tni/000-0_000-0
eob-tni/hen_6s0_tp_1s0
elu-tni/000-0_000-0
eob-tni/hen_6s0_tp_1s0
elu-tni/000-0_000-0
eob-tni/hen_6s0_tp_1s0
elu-tni/000-0_000-0
eob-tni/hen_6s0_tp_1s0
elu-tni/000-0_000-0
eob-tni/hen_6s0_tp_1s0
elu-tni/000-0_000-0
eob-tni/hen_6s0_tp_6s0
elu-tni/000-0_000-0
eob-tni/hen_6s0_tp_6s0
elu-tni/000-0_000-0
eob-tni/hen_6s0_tp_6s0
elu-tni/000-0_000-0
eob-tni/hen_6s0_tp_6s0
elu-tni/000-0_000-0
eob-tni/hen_6s0_tp_6s0
elu-tni/000-0_000-0
eob-tni/hen_6s0_tp_6s0
elu-tni/000-0_000-0
eob-tni/hen_6s0_tp_6s0
elu-tni/000-0_000-0
eob-tni/hen_6s0_tp_6s0
elu-tni/000-0_000-0
eob-tni/hen_6s0_hen_1s0
elu-tni/000-0_000-0
eob-tni/hen_6s0_hen_1s0
elu-tni/000-0_000-0
eob-tni/hen_6s0_hen_1s0
elu-tni/000-0_000-0
eob-tni/hen_6s0_hen_1s0
elu-tni/000-0_000-0
eob-tni/hen_6s0_hen_1s0
elu-tni/000-0_000-0
eob-tni/hen_6s0_hen_1s0
elu-tni/000-0_000-0
eob-tni/hen_6s0_hen_1s0
elu-tni/000-0_000-0
eob-tni/hen_6s0_hen_1s0
elu-tni/000-0_000-0
eob-tni/hen_6s0_hen_6s0
elu-tni/000-0_000-0
eob-tni/hen_6s0_hen_6s0
elu-tni/000-0_000-0
eob-tni/hen_6s0_hen_6s0
elu-tni/000-0_000-0
eob-tni/hen_6s0_hen_6s0
elu-tni/000-0_000-0
eob-tni/hen_6s0_hen_6s0
elu-tni/000-0_000-0
eob-tni/hen_6s0_hen_6s0
elu-tni/000-0_000-0
eob-tni/hen_6s0_pp1s_nn1s_S0
elu-tni/000-0_000-0
eob-tni/hen_6s0_pp1s_nn1s_S0
elu-tni/000-0_000-0
eob-tni/hen_6s0_np1s_np1s_S0
elu-tni/000-0_000-0
eob-tni/hen_6s0_np1s_np1s_S0
elu-tni/000-0_000-0
eob-tni/hen_6s0_np3s_np3s_S0
elu-tni/000-0_000-0
eob-tni/hen_6s0_np3s_np3s_S0
elu-tni/000-0_000-0
eob-tni/hen_6s0_tp_1s0
elu-tni/000-0_000-0
eob-tni/hen_6s0_tp_1s0
elu-tni/000-0_000-0
eob-tni/hen_6s0_tp_1s0
elu-tni/000-0_000-0
eob-tni/hen_6s0_tp_1s0
elu-tni/000-0_000-0
eob-tni/hen_6s0_tp_1s0
elu-tni/000-0_000-0
eob-tni/hen_6s0_tp_1s0
elu-tni/000-0_000-0
eob-tni/hen_6s0_tp_1s0
elu-tni/000-0_000-0
eob-tni/hen_6s0_tp_1s0
elu-tni/000-0_000-0
eob-tni/hen_6s0_tp_6s0
elu-tni/000-0_000-0
eob-tni/hen_6s0_tp_6s0
elu-tni/000-0_000-0
eob-tni/hen_6s0_tp_6s0
elu-tni/000-0_000-0
eob-tni/hen_6s0_tp_6s0
elu-tni/000-0_000-0
eob-tni/hen_6s0_tp_6s0
elu-tni/000-0_000-0
eob-tni/hen_6s0_tp_6s0
elu-tni/000-0_000-0
eob-tni/hen_6s0_tp_6s0
elu-tni/000-0_000-0
eob-tni/hen_6s0_tp_6s0
elu-tni/000-0_000-0
eob-tni/hen_6s0_hen_1s0
elu-tni/000-0_000-0
eob-tni/hen_6s0_hen_1s0
elu-tni/000-0_000-0
eob-tni/hen_6s0_hen_1s0
elu-tni/000-0_000-0
eob-tni/hen_6s0_hen_1s0
elu-tni/000-0_000-0
eob-tni/hen_6s0_hen_1s0
elu-tni/000-0_000-0
eob-tni/hen_6s0_hen_1s0
elu-tni/000-0_000-0
eob-tni/hen_6s0_hen_1s0
elu-tni/000-0_000-0
eob-tni/hen_6s0_hen_1s0
elu-tni/000-0_000-0
eob-tni/hen_6s0_hen_6s0
elu-tni/000-0_000-0
eob-tni/hen_6s0_hen_6s0
elu-tni/000-0_000-0
eob-tni/hen_6s0_hen_6s0
elu-tni/000-0_000-0
eob-tni/hen_6s0_hen_6s0
elu-tni/000-0_000-0
eob-tni/hen_6s0_hen_6s0
elu-tni/000-0_000-0
eob-tni/hen_6s0_hen_6s0
elu-tni/000-0_000-0
eob-tni/hen_6s0_hen_6s0
elu-tni/000-0_000-0
eob-tni/hen_6s0_pp1s_nn1s_S0
elu-tni/000-0_000-0
eob-tni/hen_6s0_pp1s_nn1s_S0
elu-tni/000-0_000-0
eob-tni/hen_6s0_np1s_np1s_S0
elu-tni/000-0_000-0
eob-tni/hen_6s0_np1s_np1s_S0
elu-tni/000-0_000-0
eob-tni/hen_6s0_np3s_np3s_S0
elu-tni/000-0_000-0
eob-tni/hen_6s0_np3s_np3s_S0
elu-tni/000-0_000-0
eob-tni/hen_6s0_tp_1s0
elu-tni/000-0_000-0
eob-tni/hen_6s0_tp_1s0
elu-tni/000-0_000-0
eob-tni/hen_6s0_tp_1s0
elu-tni/000-0_000-0
eob-tni/hen_6s0_tp_1s0
elu-tni/000-0_000-0
eob-tni/hen_6s0_tp_1s0
elu-tni/000-0_000-0
eob-tni/hen_6s0_tp_1s0
elu-tni/000-0_000-0
eob-tni/hen_6s0_tp_1s0
elu-tni/000-0_000-0
eob-tni/hen_6s0_tp_1s0
elu-tni/000-0_000-0
eob-tni/hen_6s0_tp_6s0
elu-tni/000-0_000-0
eob-tni/hen_6s0_tp_6s0
elu-tni/000-0_000-0
eob-tni/hen_6s0_tp_6s0
elu-tni/000-0_000-0
eob-tni/hen_6s0_tp_6s0
elu-tni/000-0_000-0
eob-tni/hen_6s0_tp_6s0
elu-tni/000-0_000-0
eob-tni/hen_6s0_tp_6s0
elu-tni/000-0_000-0
eob-tni/hen_6s0_tp_6s0
elu-tni/000-0_000-0
eob-tni/hen_6s0_tp_6s0
elu-tni/000-0_000-0
eob-tni/hen_6s0_hen_1s0
elu-tni/000-0_000-0
eob-tni/hen_6s0_hen_1s0
elu-tni/000-0_000-0
eob-tni/hen_6s0_hen_1s0
elu-tni/000-0_000-0
eob-tni/hen_6s0_hen_1s0
elu-tni/000-0_000-0
eob-tni/hen_6s0_hen_1s0
elu-tni/000-0_000-0
eob-tni/hen_6s0_hen_1s0
elu-tni/000-0_000-0
eob-tni/hen_6s0_hen_1s0
elu-tni/000-0_000-0
eob-tni/hen_6s0_hen_1s0
elu-tni/000-0_000-0
eob-tni/hen_6s0_hen_6s0
elu-tni/000-0_000-0
eob-tni/hen_6s0_hen_6s0
elu-tni/000-0_000-0
eob-tni/hen_6s0_hen_6s0
elu-tni/000-0_000-0
eob-tni/hen_6s0_hen_6s0
elu-tni/000-0_000-0
eob-tni/hen_6s0_hen_6s0
elu-tni/000-0_000-0
eob-tni/hen_6s0_hen_6s0
elu-tni/000-0_000-0
eob-tni/hen_6s0_hen_6s0
elu-tni/000-0_000-0
eob-tni/hen_6s0_hen_6s0
elu-tni/000-0_000-0
