 10  8  9  3 00  0  0  0  0
nnn_pot
  8                                                            Z1  BVs 1 - 8
  8  6
                                    255.883041  
                                    101.560432  
                                    20.554026   
                                    4.818087    
                                    1.894690    
                                    0.406147    
                                    0.099884    
                                    0.064860    
  249.223465   27.195852    7.404553    0.960134    0.308570    0.144575
  1  1
          1.

  1  1
                      1.

  1  1
                                  1.

  1  1
                                              1.

  1  1
                                                          1.

  1  1
                                                                      1.

  1  1

          1.
  1  1

                      1.
  8                                                            Z2  BVs 9 - 16
  8  6
                                    255.883041  
                                    101.560432  
                                    20.554026   
                                    4.818087    
                                    1.894690    
                                    0.406147    
                                    0.099884    
                                    0.064860    
  249.223465   27.195852    7.404553    0.960134    0.308570    0.144575
  1  1
          1.

  1  1
                      1.

  1  1
                                  1.

  1  1
                                              1.

  1  1
                                                          1.

  1  1
                                                                      1.

  1  1

          1.
  1  1

                      1.
eob-tni/123_123
elu-tni/000_000
eob-tni/123_123
elu-tni/000_000
eob-tni/123_123
elu-tni/000_000
