 10  8  9  3 00  0  0  0  0
nnn_pot
  8                                                            Z1  BVs 1 - 8
  8 10
                                                17.230883   0.394317    
                                                0.712346    1.941344    
                                                0.556811    0.046662    
                                                5.025120    3.832708    
                                                32.925419   0.141125    
                                                0.371915    1.626151    
                                                16.449869   5.060005    
                                                1.658093    0.106307    
   31.030083    5.806772    1.572473    0.243819    0.517444    0.139389
    0.118831    0.032882    0.017364    0.002743
  1  1
          1.

  1  1
                      1.

  1  1
                                  1.

  1  1
                                              1.

  1  1
                                                          1.

  1  1
                                                                      1.

  1  1

          1.
  1  1

                      1.
  4                                                            Z2  BVs 9 - 12
  4 10
                                                0.166293    14.396977   
                                                0.141139    0.124801    
                                                0.218264    3.786663    
                                                0.278650    10.653039   
   16.859180    5.669964    1.194905    0.243820    0.519016    0.217514
    1.768485    0.016476    9.056991    0.005022
  1  1
          1.
  1  1
                      1.
  1  1
                                  1.
  1  1
                                              1.
  8                                                            Z3  BVs 13 - 20
  8 10
                                                0.920819    0.734005    
                                                8.045204    3.894407    
                                                10.482858   1.789970    
                                                9.025291    1.768510    
                                                2.991933    1.753851    
                                                0.596134    12.706005   
                                                1.966353    0.404449    
                                                13.038919   1.436389    
    1.184640    6.838521   22.299618    3.801827    0.343741    1.077985
   10.682544    0.038271    0.009001    0.004455
  1  1
          1.

  1  1
                      1.

  1  1
                                  1.

  1  1
                                              1.

  1  1
                                                          1.

  1  1
                                                                      1.

  1  1

          1.
  1  1

                      1.
  4                                                            Z4  BVs 21 - 24
  4 10
                                                1.993380    0.232253    
                                                2.583949    1.488667    
                                                17.647785   10.062491   
                                                16.578318   4.998887    
    0.013338    9.653068    2.495839    0.256755    0.497953    0.126936
    0.078893    6.639392    1.654467    0.004744
  1  1
          1.
  1  1
                      1.
  1  1
                                  1.
  1  1
                                              1.
eob-tni/np3s_np3s_12-34_np3s_np3s_12-34
elu-tni/000-0_000-0
eob-tni/np3s_np3s_12-34_np3s_np3s_12-34
elu-tni/000-0_000-0
eob-tni/np3s_np3s_12-34_np3s_np3s_12-34
elu-tni/000-0_000-0
eob-tni/tp_123-4_np3s_np3s_12-34
elu-tni/000-0_000-0
eob-tni/tp_123-4_np3s_np3s_12-34
elu-tni/000-0_000-0
eob-tni/tp_123-4_tp_123-4
elu-tni/000-0_000-0
eob-tni/tp_123-4_np3s_np3s_12-34
elu-tni/000-0_000-0
eob-tni/tp_123-4_np3s_np3s_12-34
elu-tni/000-0_000-0
eob-tni/tp_123-4_tp_123-4
elu-tni/000-0_000-0
eob-tni/tp_123-4_tp_123-4
elu-tni/000-0_000-0
