 10  8  9  3 00  0  0  0  0
nnn_pot
  8                                                            Z1  BVs 1 - 8
  8  8
                                    29.828976   
                                    8.742605    
                                    8.226988    
                                    2.123767    
                                    1.292841    
                                    0.999577    
                                    0.529418    
                                    0.021411    
   47.545643    1.477652    1.100968    0.433365    0.293803    0.113247
    0.076110    0.024979
  1  1
          1.

  1  1
                      1.

  1  1
                                  1.

  1  1
                                              1.

  1  1
                                                          1.

  1  1
                                                                      1.

  1  1

          1.
  1  1

                      1.
  8                                                            Z2  BVs 9 - 16
  8  8
                                    31.935545   
                                    11.933358   
                                    4.952464    
                                    2.977491    
                                    0.982201    
                                    0.271392    
                                    0.055175    
                                    0.044237    
   66.610535   15.638457    9.128398    2.353155    1.733637    0.554310
    0.151204    0.103924
  1  1
          1.

  1  1
                      1.

  1  1
                                  1.

  1  1
                                              1.

  1  1
                                                          1.

  1  1
                                                                      1.

  1  1

          1.
  1  1

                      1.
eob-tni/t_no1_t_no1
elu-tni/000_000
eob-tni/t_no6_t_no1
elu-tni/000_000
eob-tni/t_no6_t_no6
elu-tni/000_000
