 10  8  9  3 00  0  0  0  0
nnn_pot
  8                                                            Z1  BVs 1 - 8
  8 10
                                                0.180061    25.117832   
                                                0.451127    0.147460    
                                                11.573552   0.133604    
                                                400.505371  0.267653    
                                                8.413765    0.215968    
                                                0.685206    0.615943    
                                                0.030227    2.517999    
                                                1.008139    15.568917   
   17.548599    8.937887    1.422915    0.436185    0.619948    0.175561
    0.041122    0.057858    4.935101    0.005581
  1  1
          1.

  1  1
                      1.

  1  1
                                  1.

  1  1
                                              1.

  1  1
                                                          1.

  1  1
                                                                      1.

  1  1

          1.
  1  1

                      1.
  4                                                            Z2  BVs 9 - 12
  4 10
                                                3.077092    8.496335    
                                                1.100173    23.912586   
                                                7.512812    6.332151    
                                                12.714731   0.068801    
   21.879387    8.471655    2.033330    0.467530    0.565032    0.241360
    0.107770    0.028801    0.013065    1.427037
  1  1
          1.
  1  1
                      1.
  1  1
                                  1.
  1  1
                                              1.
  8                                                            Z3  BVs 13 - 20
  8 10
                                                0.030559    0.110872    
                                                1.242080    0.226341    
                                                100.146225  22.869534   
                                                0.123533    0.192829    
                                                1.821087    6.137444    
                                                36.080479   198.708771  
                                                28.736301   0.422085    
                                                4.429783    0.405739    
   21.072292    4.705832   15.691631    1.219809    0.439321    0.034033
    0.039665    0.017872    0.009520    0.005729
  1  1
          1.

  1  1
                      1.

  1  1
                                  1.

  1  1
                                              1.

  1  1
                                                          1.

  1  1
                                                                      1.

  1  1

          1.
  1  1

                      1.
  4                                                            Z4  BVs 21 - 24
  4 10
                                                10.874056   0.940254    
                                                3.022719    8.870985    
                                                0.143822    0.210912    
                                                0.992876    4.055553    
   21.072727    5.518332    3.323535    1.282023    0.478368    0.238414
    0.110547    0.018795    0.009686    0.004499
  1  1
          1.
  1  1
                      1.
  1  1
                                  1.
  1  1
                                              1.
eob-tni/np1s_np1s_12-34_np1s_np1s_12-34
elu-tni/000-0_000-0
eob-tni/np1s_np1s_12-34_np1s_np1s_12-34
elu-tni/000-0_000-0
eob-tni/np1s_np1s_12-34_np1s_np1s_12-34
elu-tni/000-0_000-0
eob-tni/tp_123-4_np1s_np1s_12-34
elu-tni/000-0_000-0
eob-tni/tp_123-4_np1s_np1s_12-34
elu-tni/000-0_000-0
eob-tni/tp_123-4_tp_123-4
elu-tni/000-0_000-0
eob-tni/tp_123-4_np1s_np1s_12-34
elu-tni/000-0_000-0
eob-tni/tp_123-4_np1s_np1s_12-34
elu-tni/000-0_000-0
eob-tni/tp_123-4_tp_123-4
elu-tni/000-0_000-0
eob-tni/tp_123-4_tp_123-4
elu-tni/000-0_000-0
