 10  8  9  3 00  0  0  0  0
nnn_pot
  6                                                            Z1  BVs 1 - 6
  6  4
                                    11.934566   
                                    11.225265   
                                    8.987706    
                                    1.989921    
                                    0.427165    
                                    0.065305    
    8.557645    1.035516    0.120833    0.000422
  1  1
          1.
  1  1
                      1.
  1  1
                                  1.
  1  1
                                              1.
  1  1
                                                          1.
  1  1
                                                                      1.
  6                                                            Z2  BVs 7 - 12
  6  4
                                    9.928161    
                                    7.843962    
                                    2.884872    
                                    0.632298    
                                    0.100733    
                                    0.007335    
    7.934266    1.917217    1.811761    0.021869
  1  1
          1.
  1  1
                      1.
  1  1
                                  1.
  1  1
                                              1.
  1  1
                                                          1.
  1  1
                                                                      1.
eob-tni/123_123
elu-tni/000_000
eob-tni/123_123
elu-tni/000_000
eob-tni/123_123
elu-tni/000_000
