 11  2 12 31  1  1 +2  0  0 -1
  1  1  1  1  0  0  0  0  0  0  0  0  0  0  1  1
   0.0000000   1.0000000   1.0000000   1.0000000   1.0000000   1.0000000   1.0000000
   1.0000000   1.0000000   1.0000000   1.0000000   1.0000000   1.0000000   1.0000000
   1.0000000   1.0000000   1.0000000   1.0000000   1.0000000   1.0000000   1.0000000
   1.0000000   1.0000000   1.0000000   1.0000000   1.0000000   1.0000000   1.0000000
   1.0000000   1.0000000
   0  49   0   0   0   1
  35
15.328130000        
-0.339565300        
-2.169636000        
-0.799178300        
0.557726500         
-0.288825400        
-0.150147300        
0.015140990         
0.045540730         
-0.121721800        
4.929091000         
-0.134833600        
-1.081572000        
-0.143693700        
1.225670000         
-0.847575700        
-1.198302000        
0.795495800         
0.001699133         
-0.009231259        
0.707946107         
1.099149406         
0.557666922         
0.252903368         
0.075906812         
0.426631845         
0.432913791         
0.196327505         
0.058926044         
0.109822059         
0.099609166         
0.029896851         
0.022586505         
0.013558298         
0.002034704         
  1  1  0
  20  16  17  18  19  20  21  22  23  24  25  26  27  28  29  30  31  32  33  34
  35
   1   2   3   4   5   6   7   8   9  10  11  12  13  14  15  16  17  18  19  20
  1  1  1  1  1  1  1  1  1  1  1  1  1  1  1  1  1  1  1  1
  2  2  0
  15   1   2   3   4   5   6   7   8   9  10  11  12  13  14  15
  21  22  23  24  25  26  27  28  29  30  31  32  33  34  35
  1  1  1  1  1  1  1  1  1  1  1  1  1  1  1  1  1  1  1  1
  1  1  0 -1
   1  16
6   
  0  1  0  1  0  1  0  1  0  1  0  0
  1  1  0
   1  17
6   
  0  1  0  1  0  1  0  1  0  1  0  0
  1  1  0
   1  18
23  
  0  1  0  1  0  1  0  1  0  1  0  0
  1  1  0
   1  19
28  
  0  1  0  1  0  1  0  1  0  1  0  0
  1  1  0
   1  20
18  
  0  1  0  1  0  1  0  1  0  1  0  0
  1  1  0
   1  21
16  
  0  1  0  1  0  1  0  1  0  1  0  0
  1  1  0
   1  22
30  
  0  1  0  1  0  1  0  1  0  1  0  0
  1  1  0
   1  23
14  
  0  1  0  1  0  1  0  1  0  1  0  0
  1  1  0
   1  24
23  
  0  1  0  1  0  1  0  1  0  1  0  0
  1  1  0
   1  25
4   
  0  1  0  1  0  1  0  1  0  1  0  0
  1  1  0
   1  26
15  
  0  1  0  1  0  1  0  1  0  1  0  0
  1  1  0
   1  27
16  
  0  1  0  1  0  1  0  1  0  1  0  0
  1  1  0
   1  28
11  
  0  1  0  1  0  1  0  1  0  1  0  0
  1  1  0
   1  29
10  
  0  1  0  1  0  1  0  1  0  1  0  0
  1  1  0
   1  30
1   
  0  1  0  1  0  1  0  1  0  1  0  0
  1  1  0
   1  31
21  
  0  1  0  1  0  1  0  1  0  1  0  0
  2  2  0
   1   1
21  
  0  1  0  1  0  1  0  1  0  1  0  0
  2  2  0
   1   2
24  
  0  1  0  1  0  1  0  1  0  1  0  0
  2  2  0
   1   3
24  
  0  1  0  1  0  1  0  1  0  1  0  0
  2  2  0
   1   4
3   
  0  1  0  1  0  1  0  1  0  1  0  0
  2  2  0
   1   5
16  
  0  1  0  1  0  1  0  1  0  1  0  0
  2  2  0
   1   6
28  
  0  1  0  1  0  1  0  1  0  1  0  0
  2  2  0
   1   7
18  
  0  1  0  1  0  1  0  1  0  1  0  0
  2  2  0
   1   8
5   
  0  1  0  1  0  1  0  1  0  1  0  0
  2  2  0
   1   9
6   
  0  1  0  1  0  1  0  1  0  1  0  0
  2  2  0
   1  10
22  
  0  1  0  1  0  1  0  1  0  1  0  0
  2  2  0
   1  11
17  
  0  1  0  1  0  1  0  1  0  1  0  0
  2  2  0
   1  36
7   
  0  1  0  1  0  1  0  1  0  1  0  0
  2  2  0
   1  37
19  
  0  1  0  1  0  1  0  1  0  1  0  0
  2  2  0
   1  38
3   
  0  1  0  1  0  1  0  1  0  1  0  0
  2  2  0
   1  39
30  
  0  1  0  1  0  1  0  1  0  1  0  0
  2  2  0
   1  40
21  
  0  1  0  1  0  1  0  1  0  1  0  0
  2  2  0
   1  41
31  
  0  1  0  1  0  1  0  1  0  1  0  0
  2  2  0
   1  42
27  
  0  1  0  1  0  1  0  1  0  1  0  0
  2  2  0
   1  43
31  
  0  1  0  1  0  1  0  1  0  1  0  0
  2  2  0
   1  44
22  
  0  1  0  1  0  1  0  1  0  1  0  0
  2  2  0
   1  45
1   
  0  1  0  1  0  1  0  1  0  1  0  0
  2  2  0
   1  46
7   
  0  1  0  1  0  1  0  1  0  1  0  0
  2  2  0
   1  47
32  
  0  1  0  1  0  1  0  1  0  1  0  0
  1  1  0
   1  48
2   
  0  1  0  1  0  1  0  1  0  1  0  0
  1  1  0
   1  49
31  
  0  1  0  1  0  1  0  1  0  1  0  0
  1  1  0
   1  50
3   
  0  1  0  1  0  1  0  1  0  1  0  0
  1  1  0
   1  51
3   
  0  1  0  1  0  1  0  1  0  1  0  0
  1  1  0
   1  52
3   
  0  1  0  1  0  1  0  1  0  1  0  0
  1  1  0
   1  53
26  
  0  1  0  1  0  1  0  1  0  1  0  0
  1  1  0
   1  54
17  
  0  1  0  1  0  1  0  1  0  1  0  0
  1  1  0
   1  55
4   
  0  1  0  1  0  1  0  1  0  1  0  0
  1  1  0
   1  56
8   
  0  1  0  1  0  1  0  1  0  1  0  0
  1  1  0
   1  57
2   
  0  1  0  1  0  1  0  1  0  1  0  0
  1  1  0
   1  58
20  
  0  1  0  1  0  1  0  1  0  1  0  0
  1  1  0
   1  59
21  
  0  1  0  1  0  1  0  1  0  1  0  0
