 10  8  9  3 00  0  0  0
nn_pot
  8
  8 20
                                                6.881097    6.881097    
                                                6.881097    1.897680    
                                                6.881097    0.417091    
                                                6.881097    0.079933    
                                                6.881097    0.012562    
                                                1.897680    1.897680    
                                                1.897680    0.417091    
                                                1.897680    0.079933    
   11.937766    8.526469    6.198801    6.089973    4.349722    3.106760
    2.424462    2.218982    1.584893    0.948250    0.370878    0.145057
    0.056734    0.022190    0.008679    0.003394    0.001328    0.000519
    0.000203    0.000079
  1  1
          1.

  1  1
                      1.

  1  1
                                  1.

  1  1
                                              1.

  1  1
                                                          1.

  1  1
                                                                      1.

  1  1

          1.
  1  1

                      1.
  7
  7 20
                                                1.897680    0.012562    
                                                0.417091    0.417091    
                                                0.417091    0.079933    
                                                0.417091    0.012562    
                                                0.079933    0.079933    
                                                0.079933    0.012562    
                                                0.012562    0.012562    
   11.937766    8.526469    6.198801    6.089973    4.349722    3.106760
    2.424462    2.218982    1.584893    0.948250    0.370878    0.145057
    0.056734    0.022190    0.008679    0.003394    0.001328    0.000519
    0.000203    0.000079
  1  1
          1.

  1  1
                      1.

  1  1
                                  1.

  1  1
                                              1.

  1  1
                                                          1.

  1  1
                                                                      1.

  1  1

          1.
  8
  8 20
                                                13.007519   21.919798   
                                                13.007519   0.869385    
                                                5.004142    21.919798   
                                                5.004142    0.869385    
                                                1.891294    21.919798   
                                                1.891294    0.869385    
                                                0.749664    21.919798   
                                                0.749664    0.869385    
   11.937766    8.526469    6.198801    6.089973    4.349722    3.106760
    2.424462    2.218982    1.584893    0.948250    0.370878    0.145057
    0.056734    0.022190    0.008679    0.003394    0.001328    0.000519
    0.000203    0.000079
  1  1
          1.

  1  1
                      1.

  1  1
                                  1.

  1  1
                                              1.

  1  1
                                                          1.

  1  1
                                                                      1.

  1  1

          1.
  1  1

                      1.
  8
  8 20
                                                0.468677    21.919798   
                                                0.468677    0.869385    
                                                7.480269    8.871721    
                                                7.480269    0.186279    
                                                2.435292    8.871721    
                                                2.435292    0.186279    
                                                0.469844    8.871721    
                                                0.469844    0.186279    
   11.937766    8.526469    6.198801    6.089973    4.349722    3.106760
    2.424462    2.218982    1.584893    0.948250    0.370878    0.145057
    0.056734    0.022190    0.008679    0.003394    0.001328    0.000519
    0.000203    0.000079
  1  1
          1.

  1  1
                      1.

  1  1
                                  1.

  1  1
                                              1.

  1  1
                                                          1.

  1  1
                                                                      1.

  1  1

          1.
  1  1

                      1.
  4
  4 20
                                                0.463744    8.871721    
                                                0.463744    0.186279    
                                                0.109782    8.871721    
                                                0.109782    0.186279    
   11.937766    8.526469    6.198801    6.089973    4.349722    3.106760
    2.424462    2.218982    1.584893    0.948250    0.370878    0.145057
    0.056734    0.022190    0.008679    0.003394    0.001328    0.000519
    0.000203    0.000079
  1  1
          1.
  1  1
                      1.
  1  1
                                  1.
  1  1
                                              1.
  8                                                            Z1  BVs 1 - 8
  8 10
                                                0.185969    0.042194    
                                                14.402723   43.950951   
                                                9.484811    0.654021    
                                                0.380839    0.400463    
                                                1.329960    125.207024  
                                                1.441822    7.590759    
                                                0.022061    9.630988    
                                                0.047869    5.276530    
   31.726795    6.551991   42.978714    0.308781    0.150869    0.218585
    0.108872    0.022014    0.019381    0.006817
  1  1
          1.

  1  1
                      1.

  1  1
                                  1.

  1  1
                                              1.

  1  1
                                                          1.

  1  1
                                                                      1.

  1  1

          1.
  1  1

                      1.
  4                                                            Z2  BVs 9 - 12
  4 10
                                                19.432362   0.847109    
                                                0.685409    8.207473    
                                                0.751649    0.085698    
                                                7.600574    7.374806    
    5.529660    6.552711    7.336883    0.308967    0.156206    0.189302
    0.108872    0.020305    0.006237    0.799955
  1  1
          1.
  1  1
                      1.
  1  1
                                  1.
  1  1
                                              1.
  8                                                            Z3  BVs 13 - 20
  8 10
                                                12.677792   0.033114    
                                                0.733228    0.146039    
                                                0.033197    0.505123    
                                                21.256498   44.138420   
                                                0.893260    0.606581    
                                                3.865030    9.258849    
                                                0.294343    0.122282    
                                                6.131741    0.034299    
   29.623343    7.715723    1.559857    1.332912    0.241573    0.180507
    0.107376    0.033009    0.000080    1.942521
  1  1
          1.

  1  1
                      1.

  1  1
                                  1.

  1  1
                                              1.

  1  1
                                                          1.

  1  1
                                                                      1.

  1  1

          1.
  1  1

                      1.
  4                                                            Z4  BVs 21 - 24
  4 10
                                                10.587356   6.849779    
                                                0.128469    7.104933    
                                                0.195115    4.623969    
                                                12.610220   7.268697    
    9.398208    6.515445    1.895779    1.368099    0.963261    0.153869
    0.036872    0.032826    0.010178    0.004643
  1  1
          1.
  1  1
                      1.
  1  1
                                  1.
  1  1
                                              1.
