 10  8  9  3 00  0  0  0  0
nn_pot
  8                                                            Z1  BVs 1 - 8
  8  8
                                    21.228422   
                                    8.049731    
                                    7.653794    
                                    5.050733    
                                    1.849922    
                                    1.253474    
                                    0.670709    
                                    0.124987    
   14.662969   14.599261    1.749142    1.550659    0.364961    0.214568
    0.076027    0.026667
  1  1
          1.

  1  1
                      1.

  1  1
                                  1.

  1  1
                                              1.

  1  1
                                                          1.

  1  1
                                                                      1.

  1  1

          1.
  1  1

                      1.
  8                                                            Z2  BVs 9 - 16
  8  8
                                    17.929155   
                                    6.596778    
                                    5.852918    
                                    2.765086    
                                    1.437178    
                                    0.421445    
                                    0.255907    
                                    0.078076    
  238.964813   11.681149   11.533090    0.701149    0.496813    0.158764
    0.053343    0.041990
  1  1
          1.

  1  1
                      1.

  1  1
                                  1.

  1  1
                                              1.

  1  1
                                                          1.

  1  1
                                                                      1.

  1  1

          1.
  1  1

                      1.
eob/t_no1_t_no1
elu/000_000
eob/t_no6_t_no1
elu/000_000
eob/t_no6_t_no6
elu/000_000
