 11  2 12 31  1  0 +0  0  0 -1  0 +0
  1  1  0  1  0  0  0  0  0  0  0  0  0  0  0  1
   0.0000000   1.0000000   0.0000000   0.0000000   0.0000000   0.0000000   0.0000000
   0.0000000   0.0000000   0.0000000   0.0000000   0.0000000   0.0000000   1.0000000
   0.0000000   0.0000000   0.0000000   0.0000000   0.0000000   0.0000000   0.0000000
   0.0000000   0.0000000   0.0000000   0.0000000   0.0000000   0.0000000   0.0000000
   0.0000000   0.0000000
   1  24   1  -1   0
   1   1
  1  0  1  0  1  0  1
   1   2
  1  0  1  0  1  0  1
   1   3
  1  0  1  0  1  0  1
   1   4
  1  0  1  0  1  0  1
   1   5
  1  0  1  0  1  0  1
   1   6
  1  0  1  0  1  0  1
   1   7
  0  1  0  1  0  1  0  1
   1   8
  0  1  0  1  0  1  0  1
   1   9
  0  1  0  1  0  1  0  1
   1  10
  0  1  0  1  0  1  0  1
   1  11
  0  1  0  1  0  1  0  1
   1  12
  0  1  0  1  0  1  0  1
   1  13
  1  0  1  0  1  0  1
   1  14
  1  0  1  0  1  0  1
   1  15
  1  0  1  0  1  0  1
   1  16
  1  0  1  0  1  0  1
   1  17
  1  0  1  0  1  0  1
   1  18
  1  0  1  0  1  0  1
   1  19
  0  1  0  1  0  1  0  1
   1  20
  0  1  0  1  0  1  0  1
   1  21
  0  1  0  1  0  1  0  1
   1  22
  0  1  0  1  0  1  0  1
   1  23
  0  1  0  1  0  1  0  1
   1  24
  0  1  0  1  0  1  0  1
