 10  8  9  3 00  0  0  0  0
nnn_pot
  6                                                            Z1  BVs 1 - 6
  6  8
                                    9.559964    
                                    8.685518    
                                    5.671591    
                                    1.738890    
                                    0.923214    
                                    0.229658    
   23.447256    3.872081    0.848631    0.377647    0.169052    0.023412
    0.007294    0.001894
  1  1
          1.
  1  1
                      1.
  1  1
                                  1.
  1  1
                                              1.
  1  1
                                                          1.
  1  1
                                                                      1.
  6                                                            Z2  BVs 7 - 12
  6  8
                                    1.606405    
                                    0.232092    
                                    0.059295    
                                    0.026226    
                                    0.021928    
                                    0.004502    
    4.928699    4.913260    1.208981    0.375973    0.238982    0.010664
    0.007293    0.000825
  1  1
          1.
  1  1
                      1.
  1  1
                                  1.
  1  1
                                              1.
  1  1
                                                          1.
  1  1
                                                                      1.
  6                                                            Z3  BVs 13 - 18
  6  8
                                    23.154799   
                                    6.921266    
                                    3.120408    
                                    0.936741    
                                    0.473349    
                                    0.205972    
   10.615958    5.634620    4.048805    0.771155    0.082581    0.004185
    0.001304    0.000377
  1  1
          1.
  1  1
                      1.
  1  1
                                  1.
  1  1
                                              1.
  1  1
                                                          1.
  1  1
                                                                      1.
  6                                                            Z4  BVs 19 - 24
  6  8
                                    6.846476    
                                    1.299499    
                                    0.321803    
                                    0.058311    
                                    0.026300    
                                    0.012566    
   13.031005   11.832870    1.372906    0.108723    0.100186    0.047603
    0.033188    0.001340
  1  1
          1.
  1  1
                      1.
  1  1
                                  1.
  1  1
                                              1.
  1  1
                                                          1.
  1  1
                                                                      1.
eob-tni/123_123
elu-tni/000_000
eob-tni/123_123
elu-tni/000_000
eob-tni/123_123
elu-tni/000_000
eob-tni/123_123
elu-tni/000_000
eob-tni/123_123
elu-tni/000_000
eob-tni/123_123
elu-tni/000_000
eob-tni/123_123
elu-tni/000_000
eob-tni/123_123
elu-tni/000_000
eob-tni/123_123
elu-tni/000_000
eob-tni/123_123
elu-tni/000_000
