 10  8  9  3 00  0  0  0  0
nnn_pot
  8                                                            Z1  BVs 1 - 8
  8 10
                                                0.035973    0.539165    
                                                5.378350    0.852539    
                                                5.176374    0.035313    
                                                9.762872    0.205339    
                                                4.866336    0.136528    
                                                1.770574    15.312226   
                                                3.145708    5.778155    
                                                0.325477    0.463043    
   10.345136    8.640827    3.218775    0.280447    0.441104    0.135285
    0.031187    0.015010    0.008976    0.003252
  1  1
          1.

  1  1
                      1.

  1  1
                                  1.

  1  1
                                              1.

  1  1
                                                          1.

  1  1
                                                                      1.

  1  1

          1.
  1  1

                      1.
  4                                                            Z2  BVs 9 - 12
  4 10
                                                0.030332    4.271211    
                                                1.901981    0.421348    
                                                1.133842    0.433463    
                                                0.044149    0.066354    
    7.447240    5.019328    3.563501    1.302849    0.482226    0.043692
    1.495247    0.042461    0.027044    0.001623
  1  1
          1.
  1  1
                      1.
  1  1
                                  1.
  1  1
                                              1.
  8                                                            Z3  BVs 13 - 20
  8 10
                                                2.508262    0.367639    
                                                6.796623    2.142004    
                                                11.572139   10.482160   
                                                0.215584    2.682378    
                                                0.655351    2.104021    
                                                13.822002   3.262842    
                                                0.828667    306.468719  
                                                17.132488   0.832162    
   18.763994    3.674090    6.925784    1.590692    0.373684    0.207845
    0.103350    0.049531    0.016233    0.001968
  1  1
          1.

  1  1
                      1.

  1  1
                                  1.

  1  1
                                              1.

  1  1
                                                          1.

  1  1
                                                                      1.

  1  1

          1.
  1  1

                      1.
  4                                                            Z4  BVs 21 - 24
  4 10
                                                0.010778    0.144482    
                                                0.541403    3.030332    
                                                0.190625    0.020786    
                                                2.589559    2.668545    
   18.889116    9.728952   10.432940    1.112370    0.478145    0.196992
    0.043714    0.032525    0.016327    0.002526
  1  1
          1.
  1  1
                      1.
  1  1
                                  1.
  1  1
                                              1.
eob-tni/np3s_np3s_12-34_np3s_np3s_12-34
elu-tni/000-0_000-0
eob-tni/np3s_np3s_12-34_np3s_np3s_12-34
elu-tni/000-0_000-0
eob-tni/np3s_np3s_12-34_np3s_np3s_12-34
elu-tni/000-0_000-0
eob-tni/tp_123-4_np3s_np3s_12-34
elu-tni/000-0_000-0
eob-tni/tp_123-4_np3s_np3s_12-34
elu-tni/000-0_000-0
eob-tni/tp_123-4_tp_123-4
elu-tni/000-0_000-0
eob-tni/tp_123-4_np3s_np3s_12-34
elu-tni/000-0_000-0
eob-tni/tp_123-4_np3s_np3s_12-34
elu-tni/000-0_000-0
eob-tni/tp_123-4_tp_123-4
elu-tni/000-0_000-0
eob-tni/tp_123-4_tp_123-4
elu-tni/000-0_000-0
