 10  8  9  3 00  0  0  0  0
nnn_pot
  8                                                            Z1  BVs 1 - 8
  8  6
                                    22.083977   
                                    14.373703   
                                    9.114861    
                                    3.713851    
                                    0.740234    
                                    0.725799    
                                    0.491749    
                                    0.091733    
   10.062160    1.247495    1.187472    0.619357    0.052915    0.051429
  1  1
          1.

  1  1
                      1.

  1  1
                                  1.

  1  1
                                              1.

  1  1
                                                          1.

  1  1
                                                                      1.

  1  1

          1.
  1  1

                      1.
  8                                                            Z2  BVs 9 - 16
  8  6
                                    14.718421   
                                    5.361826    
                                    1.723621    
                                    0.924865    
                                    0.525318    
                                    0.122204    
                                    0.075783    
                                    0.022908    
    8.876254    3.562100    1.241912    0.262646    0.113998    0.011433
  1  1
          1.

  1  1
                      1.

  1  1
                                  1.

  1  1
                                              1.

  1  1
                                                          1.

  1  1
                                                                      1.

  1  1

          1.
  1  1

                      1.
eob-tni/123_123
elu-tni/000_000
eob-tni/123_123
elu-tni/000_000
eob-tni/123_123
elu-tni/000_000
