 10  8  9  3 00  0  0  0  0
nnn_pot
  7                                                            Z1  BVs 1 - 7
  7  7
                                    14.153562   
                                    13.260851   
                                    9.166869    
                                    7.061159    
                                    0.933435    
                                    0.061947    
                                    0.045579    
   14.065745    6.708729    4.780720    0.434063    0.413058    0.118069
    0.077801
  1  1
          1.

  1  1
                      1.

  1  1
                                  1.

  1  1
                                              1.

  1  1
                                                          1.

  1  1
                                                                      1.

  1  1

          1.
  7                                                            Z2  BVs 8 - 14
  7  7
                                    4.563307    
                                    1.241638    
                                    1.141091    
                                    0.994529    
                                    0.900290    
                                    0.184583    
                                    0.046579    
    9.749183    0.921661    0.810790    0.399775    0.394858    0.198818
    0.045527
  1  1
          1.

  1  1
                      1.

  1  1
                                  1.

  1  1
                                              1.

  1  1
                                                          1.

  1  1
                                                                      1.

  1  1

          1.
eob-tni/123_123
elu-tni/000_000
eob-tni/123_123
elu-tni/000_000
eob-tni/123_123
elu-tni/000_000
