 10  8  9  3 00  0  0  0  0
nnn_pot
  8                                                            Z1  BVs 1 - 8
  8 10
                                                9.153838    3.921107    
                                                3.811727    1.515341    
                                                1.037850    0.880564    
                                                0.194678    0.075016    
                                                0.042965    0.016109    
                                                0.007866    0.006884    
                                                0.005598    0.004686    
                                                0.002703    0.000409    
   26.799095    8.592863    1.399169    0.919331    0.485318    0.176992
    0.048272    0.017646    0.017046    0.003720
  1  1
          1.

  1  1
                      1.

  1  1
                                  1.

  1  1
                                              1.

  1  1
                                                          1.

  1  1
                                                                      1.

  1  1

          1.
  1  1

                      1.
  8                                                            Z2  BVs 9 - 16
  8 10
                                                381.253876  108.052193  
                                                5.376968    2.896252    
                                                0.887497    0.701969    
                                                0.408868    0.273077    
                                                0.174507    0.079940    
                                                0.066391    0.028065    
                                                0.021166    0.018406    
                                                0.010121    0.004305    
   18.826439    7.773269    1.399169    1.323677    0.485028    0.177001
    0.064924    0.017646    0.015942    0.003823
  1  1
          1.

  1  1
                      1.

  1  1
                                  1.

  1  1
                                              1.

  1  1
                                                          1.

  1  1
                                                                      1.

  1  1

          1.
  1  1

                      1.
  8                                                            Z3  BVs 17 - 24
  8 10
                                                5.182196    5.145764    
                                                2.800184    2.683681    
                                                1.763281    1.379460    
                                                1.313421    0.793883    
                                                0.434228    0.396303    
                                                0.303927    0.263575    
                                                0.091520    0.087441    
                                                0.018976    0.011474    
   12.602836    2.890048    2.630084    1.524213    1.061271    0.080816
    0.039281    0.021048    0.005835    0.004210
  1  1
          1.

  1  1
                      1.

  1  1
                                  1.

  1  1
                                              1.

  1  1
                                                          1.

  1  1
                                                                      1.

  1  1

          1.
  1  1

                      1.
  8                                                            Z4  BVs 25 - 32
  8 10
                                                13.486134   8.391316    
                                                4.612901    2.033721    
                                                1.952273    1.111798    
                                                0.337269    0.166348    
                                                0.056318    0.042135    
                                                0.033913    0.025686    
                                                0.020453    0.016737    
                                                0.011372    0.002803    
   12.603492    8.704425    2.888103    1.499816    0.717708    0.553947
    0.079687    0.039350    0.021445    0.003965
  1  1
          1.

  1  1
                      1.

  1  1
                                  1.

  1  1
                                              1.

  1  1
                                                          1.

  1  1
                                                                      1.

  1  1

          1.
  1  1

                      1.
