 11  2 12 31  1  1 +2  0  0 -1
  1  1  1  1  0  0  0  0  0  0  0  0  0  0  1  1
   0.0000000   1.0000000   1.0000000   1.0000000   1.0000000   1.0000000   1.0000000
   1.0000000   1.0000000   1.0000000   1.0000000   1.0000000   1.0000000   1.0000000
   1.0000000   1.0000000   1.0000000   1.0000000   1.0000000   1.0000000   1.0000000
   1.0000000   1.0000000   1.0000000   1.0000000   1.0000000   1.0000000   1.0000000
   1.0000000   1.0000000
   0   5   0   0   0   1
 174
2.305368016         
-0.595730830        
1.369254132         
0.696160745         
0.259526894         
0.047649682         
-0.595730830        
0.153942980         
-0.353829365        
-0.179895104        
-0.067064421        
-0.012313169        
1.369254132         
-0.353829365        
0.813257088         
0.413478876         
0.154143837         
0.028301132         
0.696160745         
-0.179895104        
0.413478876         
0.210222307         
0.078370323         
0.014388956         
0.259526894         
-0.067064421        
0.154143837         
0.078370323         
0.029216250         
0.005364165         
0.047649682         
-0.012313169        
0.028301132         
0.014388956         
0.005364165         
0.000984872         
2.305368016         
-1.191461660        
2.738508264         
1.392321490         
0.519053787         
0.095299365         
0.153942980         
-0.707658729        
-0.359790208        
-0.134128842        
-0.024626337        
0.813257088         
0.826957753         
0.308287674         
0.056602264         
0.210222307         
0.156740645         
0.028777912         
0.029216250         
0.010728330         
0.000984872         
2.305368057         
-1.191461681        
2.738508313         
1.392321515         
0.519053796         
0.095299367         
0.153942982         
-0.707658742        
-0.359790214        
-0.134128845        
-0.024626337        
0.813257102         
0.826957767         
0.308287679         
0.056602265         
0.210222311         
0.156740648         
0.028777912         
0.029216251         
0.010728330         
0.000984872         
22.103550000        
-2.348766000        
-4.036927000        
-9.490101000        
1.580266000         
3.859459000         
1.906793000         
-0.303542500        
-0.849896100        
-21.872230000       
16.547220000        
5.703946000         
45.537340000        
-36.345910000       
-13.873480000       
-26.255130000       
21.888210000        
9.313660000         
2.410725000         
-2.033309000        
-1.429393000        
-0.010403410        
0.015118020         
-0.106511300        
9.120742000         
1.279579000         
0.033772910         
436.137700000       
-115.610600000      
-3.128833000        
-449.805900000      
120.492300000       
3.256677000         
14.782750000        
-5.099554000        
-0.131740300        
-0.269027800        
0.684254500         
0.017065040         
0.003202296         
-0.132649500        
0.003628404         
-0.001016058        
0.007897643         
0.001703071         
0.000684526         
-0.005249061        
-0.001134209        
22.103550000        
-2.348766000        
-4.036927000        
-9.490101000        
1.580266000         
3.859459000         
1.906793000         
-0.303542500        
-0.849896100        
-21.872230000       
16.547220000        
5.703946000         
45.537340000        
-36.345910000       
-13.873480000       
-26.255130000       
21.888210000        
9.313660000         
2.410725000         
-2.033309000        
-1.429393000        
-0.010403410        
0.015118020         
-0.106511300        
9.120742000         
1.279579000         
0.033772910         
436.137700000       
-115.610600000      
-3.128833000        
-449.805900000      
120.492300000       
3.256677000         
14.782750000        
-5.099554000        
-0.131740300        
-0.269027800        
0.684254500         
0.017065040         
0.003202296         
-0.132649500        
0.003628404         
-0.001016058        
0.007897643         
0.001703071         
0.000684526         
-0.005249061        
-0.001134209        
  1  1  0
  48 127 128 129 130 131 132 133 134 135 136 137 138 139 140 141 142 143 144 145
 146 147 148 149 150 151 152 153 154 155 156 157 158 159 160 161 162 163 164 165
 166 167 168 169 170 171 172 173 174
 127 128 129 130 131 132 133 134 135 136 137 138 139 140 141 142 143 144 145 146
 147 148 149 150 151 152 153 154 155 156 157 158 159 160 161 162 163 164 165 166
 167 168 169 170 171 172 173 174
  1  1  1  1  1  1  1  1  1  1  1  1  1  1  1  1  1  1  1  1
  1  1  0
  48  79  80  81  82  83  84  85  86  87  88  89  90  91  92  93  94  95  96  97
  98  99 100 101 102 103 104 105 106 107 108 109 110 111 112 113 114 115 116 117
 118 119 120 121 122 123 124 125 126
  79  80  81  82  83  84  85  86  87  88  89  90  91  92  93  94  95  96  97  98
  99 100 101 102 103 104 105 106 107 108 109 110 111 112 113 114 115 116 117 118
 119 120 121 122 123 124 125 126
  1  1  1  1  1  1  1  1  1  1  1  1  1  1  1  1  1  1  1  1
  2  2  0
  21  58  59  60  61  62  63  64  65  66  67  68  69  70  71  72  73  74  75  76
  77  78
  58  59  60  61  62  63  64  65  66  67  68  69  70  71  72  73  74  75  76  77
  78
  1  1  1  1  1  1  1  1  1  1  1  1  1  1  1  1  1  1  1  1
  0  0  0
  21  37  38  39  40  41  42  43  44  45  46  47  48  49  50  51  52  53  54  55
  56  57
  37  38  39  40  41  42  43  44  45  46  47  48  49  50  51  52  53  54  55  56
  57
  1  1  1  1  1  1  1  1  1  1  1  1  1  1  1  1  1  1  1  1
  0  0  0
  36   1   2   3   4   5   6   7   8   9  10  11  12  13  14  15  16  17  18  19
  20  21  22  23  24  25  26  27  28  29  30  31  32  33  34  35  36
   1   2   3   4   5   6   7   8   9  10  11  12  13  14  15  16  17  18  19  20
  21  22  23  24  25  26  27  28  29  30  31  32  33  34  35  36
  1  1  1  1  1  1  1  1  1  1  1  1  1  1  1  1  1  1  1  1
  0  0  0 -1
   1   1
83  
  1  0  1  0  1  0  0  0
  0  0  0
   1   2
2   
  1  0  1  0  1  0  0  0
  0  0  0
   1   3
102 
  1  0  1  0  1  0  0  0
  0  0  0
   1   4
50  
  1  0  1  0  1  0  0  0
  0  0  0
   1   5
115 
  1  0  1  0  1  0  0  0
  0  0  0
   1   6
102 
  1  0  1  0  1  0  0  0
  0  0  0
   1   7
89  
  1  0  1  0  1  0  0  0
  0  0  0
   1   8
8   
  1  0  1  0  1  0  0  0
  0  0  0
   1   9
61  
  1  0  1  0  1  0  0  0
  0  0  0
   1  10
98  
  1  0  1  0  1  0  0  0
  0  0  0
   1  11
38  
  1  0  1  0  1  0  0  0
  0  0  0
   1  12
67  
  1  0  1  0  1  0  0  0
  0  0  0
   1  13
13  
  1  0  1  0  1  0  0  0
  0  0  0
   1  14
40  
  1  0  1  0  1  0  0  0
  0  0  0
   1  15
133 
  1  0  1  0  1  0  0  0
  0  0  0
   1  16
16  
  1  0  1  0  1  0  0  0
  0  0  0
   1  17
87  
  1  0  1  0  1  0  0  0
  0  0  0
   1  18
58  
  1  0  1  0  1  0  0  0
  0  0  0
   1  19
64  
  1  0  1  0  1  0  0  0
  0  0  0
   1  20
160 
  1  0  1  0  1  0  0  0
  0  0  0
   1  21
13  
  1  0  1  0  1  0  0  0
  0  0  0
   1  22
71  
  1  0  1  0  1  0  0  0
  0  0  0
   1  23
145 
  1  0  1  0  1  0  0  0
  0  0  0
   1  24
8   
  1  0  1  0  1  0  0  0
  0  0  0
   1  25
127 
  1  0  1  0  1  0  0  0
  0  0  0
   1  26
137 
  1  0  1  0  1  0  0  0
  0  0  0
   1  27
114 
  1  0  1  0  1  0  0  0
  0  0  0
   1  28
19  
  1  0  1  0  1  0  0  0
  0  0  0
   1  29
140 
  1  0  1  0  1  0  0  0
  0  0  0
   1  30
119 
  1  0  1  0  1  0  0  0
  0  0  0
   1  31
83  
  1  0  1  0  1  0  0  0
  0  0  0
   1  37
102 
  1  0  1  0  1  0  0  0
  0  0  0
   1  38
61  
  1  0  1  0  1  0  0  0
  0  0  0
   1  39
116 
  1  0  1  0  1  0  0  0
  0  0  0
   1  40
73  
  1  0  1  0  1  0  0  0
  0  0  0
   1  41
8   
  1  0  1  0  1  0  0  0
  0  0  0
   1  42
21  
  1  0  1  0  1  0  0  0
  0  0  0
   1  43
92  
  1  0  1  0  1  0  0  0
  0  0  0
   1  44
17  
  1  0  1  0  1  0  0  0
  0  0  0
   1  45
52  
  1  0  1  0  1  0  0  0
  0  0  0
   1  46
65  
  1  0  1  0  1  0  0  0
  0  0  0
   1  47
3   
  1  0  1  0  1  0  0  0
  0  0  0
   1  48
48  
  1  0  1  0  1  0  0  0
  0  0  0
   1  49
161 
  1  0  1  0  1  0  0  0
  0  0  0
   1  50
131 
  1  0  1  0  1  0  0  0
  0  0  0
   1  51
19  
  1  0  1  0  1  0  0  0
  0  0  0
   1  52
141 
  1  0  1  0  1  0  0  0
  2  2  0
   1  58
111 
  1  0  1  0  1  0  0  0
  2  2  0
   1  59
58  
  1  0  1  0  1  0  0  0
  2  2  0
   1  60
16  
  1  0  1  0  1  0  0  0
  2  2  0
   1  61
50  
  1  0  1  0  1  0  0  0
  2  2  0
   1  62
162 
  1  0  1  0  1  0  0  0
  2  2  0
   1  63
81  
  1  0  1  0  1  0  0  0
  2  2  0
   1  64
160 
  1  0  1  0  1  0  0  0
  2  2  0
   1  65
159 
  1  0  1  0  1  0  0  0
  2  2  0
   1  66
90  
  1  0  1  0  1  0  0  0
  2  2  0
   1  67
2   
  1  0  1  0  1  0  0  0
  2  2  0
   1  68
86  
  1  0  1  0  1  0  0  0
  2  2  0
   1  69
58  
  1  0  1  0  1  0  0  0
  2  2  0
   1  70
131 
  1  0  1  0  1  0  0  0
  2  2  0
   1  71
69  
  1  0  1  0  1  0  0  0
  2  2  0
   1  72
60  
  1  0  1  0  1  0  0  0
  2  2  0
   1  73
46  
  1  0  1  0  1  0  0  0
  1  1  0
   1  79
104 
  1  0  1  0  1  0  0  0
  1  1  0
   1  80
87  
  1  0  1  0  1  0  0  0
  1  1  0
   1  81
128 
  1  0  1  0  1  0  0  0
  1  1  0
   1  82
119 
  1  0  1  0  1  0  0  0
  1  1  0
   1  83
81  
  1  0  1  0  1  0  0  0
  1  1  0
   1  84
70  
  1  0  1  0  1  0  0  0
  1  1  0
   1  85
10  
  1  0  1  0  1  0  0  0
  1  1  0
   1  86
152 
  1  0  1  0  1  0  0  0
  1  1  0
   1  87
52  
  1  0  1  0  1  0  0  0
  1  1  0
   1  88
98  
  1  0  1  0  1  0  0  0
  1  1  0
   1  89
90  
  1  0  1  0  1  0  0  0
  1  1  0
   1  90
104 
  1  0  1  0  1  0  0  0
  1  1  0
   1  91
81  
  1  0  1  0  1  0  0  0
  1  1  0
   1  92
40  
  1  0  1  0  1  0  0  0
  1  1  0
   1  93
39  
  1  0  1  0  1  0  0  0
  1  1  0
   1  94
43  
  1  0  1  0  1  0  0  0
  1  1  0
   1  95
16  
  1  0  1  0  1  0  0  0
  1  1  0
   1  96
162 
  1  0  1  0  1  0  0  0
  1  1  0
   1  97
59  
  1  0  1  0  1  0  0  0
  1  1  0
   1  98
146 
  1  0  1  0  1  0  0  0
  1  1  0
   1  99
138 
  1  0  1  0  1  0  0  0
  1  1  0
   1 100
9   
  1  0  1  0  1  0  0  0
  1  1  0
   1 101
39  
  1  0  1  0  1  0  0  0
  1  1  0
   1 102
99  
  1  0  1  0  1  0  0  0
  1  1  0
   1 103
22  
  1  0  1  0  1  0  0  0
  1  1  0
   1 104
103 
  1  0  1  0  1  0  0  0
  1  1  0
   1 105
17  
  1  0  1  0  1  0  0  0
  1  1  0
   1 106
156 
  1  0  1  0  1  0  0  0
  1  1  0
   1 107
104 
  1  0  1  0  1  0  0  0
  1  1  0
   1 108
87  
  1  0  1  0  1  0  0  0
  1  1  0
   1 109
22  
  1  0  1  0  1  0  0  0
  1  1  0
   1 110
13  
  1  0  1  0  1  0  0  0
  1  1  0
   1 111
9   
  1  0  1  0  1  0  0  0
  1  1  0
   1 112
130 
  1  0  1  0  1  0  0  0
  1  1  0
   1 113
89  
  1  0  1  0  1  0  0  0
  1  1  0
   1 114
69  
  1  0  1  0  1  0  0  0
  1  1  0
   1 115
27  
  1  0  1  0  1  0  0  0
  1  1  0
   1 116
50  
  1  0  1  0  1  0  0  0
  1  1  0
   1 117
59  
  1  0  1  0  1  0  0  0
  1  1  0
   1 118
43  
  1  0  1  0  1  0  0  0
  1  1  0
   1 119
128 
  1  0  1  0  1  0  0  0
  1  1  0
   1 120
138 
  1  0  1  0  1  0  0  0
  1  1  0
   1 121
115 
  1  0  1  0  1  0  0  0
  1  1  0
   1 127
64  
  1  0  1  0  1  0  0  0
  1  1  0
   1 128
74  
  1  0  1  0  1  0  0  0
  1  1  0
   1 129
21  
  1  0  1  0  1  0  0  0
  1  1  0
   1 130
79  
  1  0  1  0  1  0  0  0
  1  1  0
   1 131
163 
  1  0  1  0  1  0  0  0
  1  1  0
   1 132
133 
  1  0  1  0  1  0  0  0
  1  1  0
   1 133
129 
  1  0  1  0  1  0  0  0
  1  1  0
   1 134
156 
  1  0  1  0  1  0  0  0
  1  1  0
   1 135
80  
  1  0  1  0  1  0  0  0
  1  1  0
   1 136
139 
  1  0  1  0  1  0  0  0
  1  1  0
   1 137
13  
  1  0  1  0  1  0  0  0
  1  1  0
   1 138
9   
  1  0  1  0  1  0  0  0
  1  1  0
   1 139
137 
  1  0  1  0  1  0  0  0
  1  1  0
   1 140
133 
  1  0  1  0  1  0  0  0
  1  1  0
   1 141
80  
  1  0  1  0  1  0  0  0
  1  1  0
   1 142
112 
  1  0  1  0  1  0  0  0
  1  1  0
   1 143
64  
  1  0  1  0  1  0  0  0
  1  1  0
   1 144
160 
  1  0  1  0  1  0  0  0
  1  1  0
   1 145
39  
  1  0  1  0  1  0  0  0
  1  1  0
   1 146
53  
  1  0  1  0  1  0  0  0
  1  1  0
   1 147
69  
  1  0  1  0  1  0  0  0
  1  1  0
   1 148
163 
  1  0  1  0  1  0  0  0
  1  1  0
   1 149
84  
  1  0  1  0  1  0  0  0
  1  1  0
   1 150
111 
  1  0  1  0  1  0  0  0
  1  1  0
   1 151
85  
  1  0  1  0  1  0  0  0
  1  1  0
   1 152
50  
  1  0  1  0  1  0  0  0
  1  1  0
   1 153
162 
  1  0  1  0  1  0  0  0
  1  1  0
   1 154
13  
  1  0  1  0  1  0  0  0
  1  1  0
   1 155
60  
  1  0  1  0  1  0  0  0
  1  1  0
   1 156
151 
  1  0  1  0  1  0  0  0
  1  1  0
   1 157
156 
  1  0  1  0  1  0  0  0
  1  1  0
   1 158
96  
  1  0  1  0  1  0  0  0
  1  1  0
   1 159
159 
  1  0  1  0  1  0  0  0
  1  1  0
   1 160
128 
  1  0  1  0  1  0  0  0
  1  1  0
   1 161
137 
  1  0  1  0  1  0  0  0
  1  1  0
   1 162
70  
  1  0  1  0  1  0  0  0
  1  1  0
   1 163
17  
  1  0  1  0  1  0  0  0
  1  1  0
   1 164
9   
  1  0  1  0  1  0  0  0
  1  1  0
   1 165
64  
  1  0  1  0  1  0  0  0
  1  1  0
   1 166
96  
  1  0  1  0  1  0  0  0
  1  1  0
   1 167
89  
  1  0  1  0  1  0  0  0
  1  1  0
   1 168
94  
  1  0  1  0  1  0  0  0
  1  1  0
   1 169
161 
  1  0  1  0  1  0  0  0
