 10  8  9  3 00  0  0  0
nn_pot
  8
  8 20
                                                11.808751   11.808751   
                                                11.808751   6.319780    
                                                11.808751   3.455168    
                                                11.808751   0.676395    
                                                11.808751   0.069601    
                                                11.808751   0.007653    
                                                6.319780    11.808751   
                                                6.319780    6.319780    
   12.589254    6.386504    3.239861    1.643575    0.833782    0.422976
    0.214575    0.108853    0.055221    0.028014    0.014211    0.007209
    0.003657    0.001855    0.000941    0.000477    0.000242    0.000123
    0.000062    0.000032
  1  1
          1.

  1  1
                      1.

  1  1
                                  1.

  1  1
                                              1.

  1  1
                                                          1.

  1  1
                                                                      1.

  1  1

          1.
  1  1

                      1.
  8
  8 20
                                                6.319780    3.455168    
                                                6.319780    0.676395    
                                                6.319780    0.069601    
                                                6.319780    0.007653    
                                                3.455168    11.808751   
                                                3.455168    6.319780    
                                                3.455168    3.455168    
                                                3.455168    0.676395    
   12.589254    6.386504    3.239861    1.643575    0.833782    0.422976
    0.214575    0.108853    0.055221    0.028014    0.014211    0.007209
    0.003657    0.001855    0.000941    0.000477    0.000242    0.000123
    0.000062    0.000032
  1  1
          1.

  1  1
                      1.

  1  1
                                  1.

  1  1
                                              1.

  1  1
                                                          1.

  1  1
                                                                      1.

  1  1

          1.
  1  1

                      1.
  8
  8 20
                                                3.455168    0.069601    
                                                3.455168    0.007653    
                                                0.676395    11.808751   
                                                0.676395    6.319780    
                                                0.676395    3.455168    
                                                0.676395    0.676395    
                                                0.676395    0.069601    
                                                0.676395    0.007653    
   12.589254    6.386504    3.239861    1.643575    0.833782    0.422976
    0.214575    0.108853    0.055221    0.028014    0.014211    0.007209
    0.003657    0.001855    0.000941    0.000477    0.000242    0.000123
    0.000062    0.000032
  1  1
          1.

  1  1
                      1.

  1  1
                                  1.

  1  1
                                              1.

  1  1
                                                          1.

  1  1
                                                                      1.

  1  1

          1.
  1  1

                      1.
  8
  8 20
                                                0.069601    11.808751   
                                                0.069601    6.319780    
                                                0.069601    3.455168    
                                                0.069601    0.676395    
                                                0.069601    0.069601    
                                                0.069601    0.007653    
                                                0.007653    11.808751   
                                                0.007653    6.319780    
   12.589254    6.386504    3.239861    1.643575    0.833782    0.422976
    0.214575    0.108853    0.055221    0.028014    0.014211    0.007209
    0.003657    0.001855    0.000941    0.000477    0.000242    0.000123
    0.000062    0.000032
  1  1
          1.

  1  1
                      1.

  1  1
                                  1.

  1  1
                                              1.

  1  1
                                                          1.

  1  1
                                                                      1.

  1  1

          1.
  1  1

                      1.
  4
  4 20
                                                0.007653    3.455168    
                                                0.007653    0.676395    
                                                0.007653    0.069601    
                                                0.007653    0.007653    
   12.589254    6.386504    3.239861    1.643575    0.833782    0.422976
    0.214575    0.108853    0.055221    0.028014    0.014211    0.007209
    0.003657    0.001855    0.000941    0.000477    0.000242    0.000123
    0.000062    0.000032
  1  1
          1.
  1  1
                      1.
  1  1
                                  1.
  1  1
                                              1.
  8
  8 20
                                                11.808751   11.808751   
                                                11.808751   6.319780    
                                                11.808751   3.455168    
                                                11.808751   0.676395    
                                                11.808751   0.069601    
                                                11.808751   0.007653    
                                                6.319780    6.319780    
                                                6.319780    3.455168    
   12.589254    6.386504    3.239861    1.643575    0.833782    0.422976
    0.214575    0.108853    0.055221    0.028014    0.014211    0.007209
    0.003657    0.001855    0.000941    0.000477    0.000242    0.000123
    0.000062    0.000032
  1  1
          1.

  1  1
                      1.

  1  1
                                  1.

  1  1
                                              1.

  1  1
                                                          1.

  1  1
                                                                      1.

  1  1

          1.
  1  1

                      1.
  8
  8 20
                                                6.319780    0.676395    
                                                6.319780    0.069601    
                                                6.319780    0.007653    
                                                3.455168    3.455168    
                                                3.455168    0.676395    
                                                3.455168    0.069601    
                                                3.455168    0.007653    
                                                0.676395    0.676395    
   12.589254    6.386504    3.239861    1.643575    0.833782    0.422976
    0.214575    0.108853    0.055221    0.028014    0.014211    0.007209
    0.003657    0.001855    0.000941    0.000477    0.000242    0.000123
    0.000062    0.000032
  1  1
          1.

  1  1
                      1.

  1  1
                                  1.

  1  1
                                              1.

  1  1
                                                          1.

  1  1
                                                                      1.

  1  1

          1.
  1  1

                      1.
  5
  5 20
                                                0.676395    0.069601    
                                                0.676395    0.007653    
                                                0.069601    0.069601    
                                                0.069601    0.007653    
                                                0.007653    0.007653    
   12.589254    6.386504    3.239861    1.643575    0.833782    0.422976
    0.214575    0.108853    0.055221    0.028014    0.014211    0.007209
    0.003657    0.001855    0.000941    0.000477    0.000242    0.000123
    0.000062    0.000032
  1  1
          1.
  1  1
                      1.
  1  1
                                  1.
  1  1
                                              1.
  1  1
                                                          1.
  8
  8 20
                                                11.808751   11.808751   
                                                11.808751   6.319780    
                                                11.808751   3.455168    
                                                11.808751   0.676395    
                                                11.808751   0.069601    
                                                11.808751   0.007653    
                                                6.319780    6.319780    
                                                6.319780    3.455168    
   12.589254    6.386504    3.239861    1.643575    0.833782    0.422976
    0.214575    0.108853    0.055221    0.028014    0.014211    0.007209
    0.003657    0.001855    0.000941    0.000477    0.000242    0.000123
    0.000062    0.000032
  1  1
          1.

  1  1
                      1.

  1  1
                                  1.

  1  1
                                              1.

  1  1
                                                          1.

  1  1
                                                                      1.

  1  1

          1.
  1  1

                      1.
  8
  8 20
                                                6.319780    0.676395    
                                                6.319780    0.069601    
                                                6.319780    0.007653    
                                                3.455168    3.455168    
                                                3.455168    0.676395    
                                                3.455168    0.069601    
                                                3.455168    0.007653    
                                                0.676395    0.676395    
   12.589254    6.386504    3.239861    1.643575    0.833782    0.422976
    0.214575    0.108853    0.055221    0.028014    0.014211    0.007209
    0.003657    0.001855    0.000941    0.000477    0.000242    0.000123
    0.000062    0.000032
  1  1
          1.

  1  1
                      1.

  1  1
                                  1.

  1  1
                                              1.

  1  1
                                                          1.

  1  1
                                                                      1.

  1  1

          1.
  1  1

                      1.
  5
  5 20
                                                0.676395    0.069601    
                                                0.676395    0.007653    
                                                0.069601    0.069601    
                                                0.069601    0.007653    
                                                0.007653    0.007653    
   12.589254    6.386504    3.239861    1.643575    0.833782    0.422976
    0.214575    0.108853    0.055221    0.028014    0.014211    0.007209
    0.003657    0.001855    0.000941    0.000477    0.000242    0.000123
    0.000062    0.000032
  1  1
          1.
  1  1
                      1.
  1  1
                                  1.
  1  1
                                              1.
  1  1
                                                          1.
  8
  8 20
                                                14.275817   6.662535    
                                                14.275817   1.312107    
                                                14.275817   0.183531    
                                                9.875837    6.662535    
                                                9.875837    1.312107    
                                                9.875837    0.183531    
                                                7.782806    6.662535    
                                                7.782806    1.312107    
   12.589254    6.386504    3.239861    1.643575    0.833782    0.422976
    0.214575    0.108853    0.055221    0.028014    0.014211    0.007209
    0.003657    0.001855    0.000941    0.000477    0.000242    0.000123
    0.000062    0.000032
  1  1
          1.

  1  1
                      1.

  1  1
                                  1.

  1  1
                                              1.

  1  1
                                                          1.

  1  1
                                                                      1.

  1  1

          1.
  1  1

                      1.
  8
  8 20
                                                7.782806    0.183531    
                                                6.390490    6.662535    
                                                6.390490    1.312107    
                                                6.390490    0.183531    
                                                1.417497    6.662535    
                                                1.417497    1.312107    
                                                1.417497    0.183531    
                                                1.254519    6.662535    
   12.589254    6.386504    3.239861    1.643575    0.833782    0.422976
    0.214575    0.108853    0.055221    0.028014    0.014211    0.007209
    0.003657    0.001855    0.000941    0.000477    0.000242    0.000123
    0.000062    0.000032
  1  1
          1.

  1  1
                      1.

  1  1
                                  1.

  1  1
                                              1.

  1  1
                                                          1.

  1  1
                                                                      1.

  1  1

          1.
  1  1

                      1.
  8
  8 20
                                                1.254519    1.312107    
                                                1.254519    0.183531    
                                                0.838698    6.662535    
                                                0.838698    1.312107    
                                                0.838698    0.183531    
                                                0.248040    6.662535    
                                                0.248040    1.312107    
                                                0.248040    0.183531    
   12.589254    6.386504    3.239861    1.643575    0.833782    0.422976
    0.214575    0.108853    0.055221    0.028014    0.014211    0.007209
    0.003657    0.001855    0.000941    0.000477    0.000242    0.000123
    0.000062    0.000032
  1  1
          1.

  1  1
                      1.

  1  1
                                  1.

  1  1
                                              1.

  1  1
                                                          1.

  1  1
                                                                      1.

  1  1

          1.
  1  1

                      1.
  8
  8 20
                                                47.305004   0.713715    
                                                47.305004   0.185590    
                                                47.305004   0.005998    
                                                8.806604    0.713715    
                                                8.806604    0.185590    
                                                8.806604    0.005998    
                                                1.974225    0.713715    
                                                1.974225    0.185590    
   12.589254    6.386504    3.239861    1.643575    0.833782    0.422976
    0.214575    0.108853    0.055221    0.028014    0.014211    0.007209
    0.003657    0.001855    0.000941    0.000477    0.000242    0.000123
    0.000062    0.000032
  1  1
          1.

  1  1
                      1.

  1  1
                                  1.

  1  1
                                              1.

  1  1
                                                          1.

  1  1
                                                                      1.

  1  1

          1.
  1  1

                      1.
  8
  8 20
                                                1.974225    0.005998    
                                                0.356868    0.713715    
                                                0.356868    0.185590    
                                                0.356868    0.005998    
                                                0.165796    0.713715    
                                                0.165796    0.185590    
                                                0.165796    0.005998    
                                                0.018030    0.713715    
   12.589254    6.386504    3.239861    1.643575    0.833782    0.422976
    0.214575    0.108853    0.055221    0.028014    0.014211    0.007209
    0.003657    0.001855    0.000941    0.000477    0.000242    0.000123
    0.000062    0.000032
  1  1
          1.

  1  1
                      1.

  1  1
                                  1.

  1  1
                                              1.

  1  1
                                                          1.

  1  1
                                                                      1.

  1  1

          1.
  1  1

                      1.
  8
  8 20
                                                0.018030    0.185590    
                                                0.018030    0.005998    
                                                0.016784    0.713715    
                                                0.016784    0.185590    
                                                0.016784    0.005998    
                                                0.016064    0.713715    
                                                0.016064    0.185590    
                                                0.016064    0.005998    
   12.589254    6.386504    3.239861    1.643575    0.833782    0.422976
    0.214575    0.108853    0.055221    0.028014    0.014211    0.007209
    0.003657    0.001855    0.000941    0.000477    0.000242    0.000123
    0.000062    0.000032
  1  1
          1.

  1  1
                      1.

  1  1
                                  1.

  1  1
                                              1.

  1  1
                                                          1.

  1  1
                                                                      1.

  1  1

          1.
  1  1

                      1.
  8
  8 20
                                                14.275817   6.662535    
                                                14.275817   1.312107    
                                                14.275817   0.183531    
                                                9.875837    6.662535    
                                                9.875837    1.312107    
                                                9.875837    0.183531    
                                                7.782806    6.662535    
                                                7.782806    1.312107    
   12.589254    6.386504    3.239861    1.643575    0.833782    0.422976
    0.214575    0.108853    0.055221    0.028014    0.014211    0.007209
    0.003657    0.001855    0.000941    0.000477    0.000242    0.000123
    0.000062    0.000032
  1  1
          1.

  1  1
                      1.

  1  1
                                  1.

  1  1
                                              1.

  1  1
                                                          1.

  1  1
                                                                      1.

  1  1

          1.
  1  1

                      1.
  8
  8 20
                                                7.782806    0.183531    
                                                6.390490    6.662535    
                                                6.390490    1.312107    
                                                6.390490    0.183531    
                                                1.417497    6.662535    
                                                1.417497    1.312107    
                                                1.417497    0.183531    
                                                1.254519    6.662535    
   12.589254    6.386504    3.239861    1.643575    0.833782    0.422976
    0.214575    0.108853    0.055221    0.028014    0.014211    0.007209
    0.003657    0.001855    0.000941    0.000477    0.000242    0.000123
    0.000062    0.000032
  1  1
          1.

  1  1
                      1.

  1  1
                                  1.

  1  1
                                              1.

  1  1
                                                          1.

  1  1
                                                                      1.

  1  1

          1.
  1  1

                      1.
  8
  8 20
                                                1.254519    1.312107    
                                                1.254519    0.183531    
                                                0.838698    6.662535    
                                                0.838698    1.312107    
                                                0.838698    0.183531    
                                                0.248040    6.662535    
                                                0.248040    1.312107    
                                                0.248040    0.183531    
   12.589254    6.386504    3.239861    1.643575    0.833782    0.422976
    0.214575    0.108853    0.055221    0.028014    0.014211    0.007209
    0.003657    0.001855    0.000941    0.000477    0.000242    0.000123
    0.000062    0.000032
  1  1
          1.

  1  1
                      1.

  1  1
                                  1.

  1  1
                                              1.

  1  1
                                                          1.

  1  1
                                                                      1.

  1  1

          1.
  1  1

                      1.
  8
  8 20
                                                47.305004   0.713715    
                                                47.305004   0.185590    
                                                47.305004   0.005998    
                                                8.806604    0.713715    
                                                8.806604    0.185590    
                                                8.806604    0.005998    
                                                1.974225    0.713715    
                                                1.974225    0.185590    
   12.589254    6.386504    3.239861    1.643575    0.833782    0.422976
    0.214575    0.108853    0.055221    0.028014    0.014211    0.007209
    0.003657    0.001855    0.000941    0.000477    0.000242    0.000123
    0.000062    0.000032
  1  1
          1.

  1  1
                      1.

  1  1
                                  1.

  1  1
                                              1.

  1  1
                                                          1.

  1  1
                                                                      1.

  1  1

          1.
  1  1

                      1.
  8
  8 20
                                                1.974225    0.005998    
                                                0.356868    0.713715    
                                                0.356868    0.185590    
                                                0.356868    0.005998    
                                                0.165796    0.713715    
                                                0.165796    0.185590    
                                                0.165796    0.005998    
                                                0.018030    0.713715    
   12.589254    6.386504    3.239861    1.643575    0.833782    0.422976
    0.214575    0.108853    0.055221    0.028014    0.014211    0.007209
    0.003657    0.001855    0.000941    0.000477    0.000242    0.000123
    0.000062    0.000032
  1  1
          1.

  1  1
                      1.

  1  1
                                  1.

  1  1
                                              1.

  1  1
                                                          1.

  1  1
                                                                      1.

  1  1

          1.
  1  1

                      1.
  8
  8 20
                                                0.018030    0.185590    
                                                0.018030    0.005998    
                                                0.016784    0.713715    
                                                0.016784    0.185590    
                                                0.016784    0.005998    
                                                0.016064    0.713715    
                                                0.016064    0.185590    
                                                0.016064    0.005998    
   12.589254    6.386504    3.239861    1.643575    0.833782    0.422976
    0.214575    0.108853    0.055221    0.028014    0.014211    0.007209
    0.003657    0.001855    0.000941    0.000477    0.000242    0.000123
    0.000062    0.000032
  1  1
          1.

  1  1
                      1.

  1  1
                                  1.

  1  1
                                              1.

  1  1
                                                          1.

  1  1
                                                                      1.

  1  1

          1.
  1  1

                      1.
