 10  8  9  3 00  0  0  0  0
/home/johannesk/kette_repo/limit_cycles/src_python/../systems/2np1s/4.00/nnn_pot
  5                                                            Z1  BVs 1 - 5
  5 10
                                    7.670081    
                                    5.670193    
                                    3.300755    
                                    0.998601    
                                    0.567657    
    7.335936    1.949589    1.772428    1.772412    0.620581    0.473675
    0.196074    0.096466    0.045751    0.020603
  1  1
          1.
  1  1
                      1.
  1  1
                                  1.
  1  1
                                              1.
  1  1
                                                          1.
  5                                                            Z2  BVs 6 - 10
  5 10
                                    1.584548    
                                    0.769497    
                                    0.494572    
                                    0.097245    
                                    0.016633    
    8.046811    1.874685    1.425470    1.302011    0.964103    0.435168
    0.221523    0.116349    0.046141    0.042226
  1  1
          1.
  1  1
                      1.
  1  1
                                  1.
  1  1
                                              1.
  1  1
                                                          1.
  5                                                            Z3  BVs 11 - 15
  5 10
                                    10.965742   
                                    10.344777   
                                    7.298631    
                                    1.979400    
                                    0.675093    
    5.554896    4.165266    1.654275    1.479205    1.307033    0.436032
    0.311515    0.084472    0.068847    0.011707
  1  1
          1.
  1  1
                      1.
  1  1
                                  1.
  1  1
                                              1.
  1  1
                                                          1.
  5                                                            Z4  BVs 16 - 20
  5 10
                                    3.440399    
                                    0.420620    
                                    0.124380    
                                    0.058288    
                                    0.039054    
   14.027290    8.827723    5.724349    4.862930    4.497625    3.565416
    1.778947    0.162525    0.065882    0.021721
  1  1
          1.
  1  1
                      1.
  1  1
                                  1.
  1  1
                                              1.
  1  1
                                                          1.
eob-tni/t_no1_t_no1
elu-tni/000_000
eob-tni/t_no1_t_no1
elu-tni/000_000
eob-tni/t_no1_t_no1
elu-tni/000_000
eob-tni/t_no6_t_no1
elu-tni/000_000
eob-tni/t_no6_t_no1
elu-tni/000_000
eob-tni/t_no6_t_no6
elu-tni/000_000
eob-tni/t_no6_t_no1
elu-tni/000_000
eob-tni/t_no6_t_no1
elu-tni/000_000
eob-tni/t_no6_t_no6
elu-tni/000_000
eob-tni/t_no6_t_no6
elu-tni/000_000
