 10  8  9  3 00  0  0  0  0
nnn_pot
  7                                                            Z1  BVs 1 - 7
  7  5
                                    17.218254   
                                    5.977321    
                                    2.282312    
                                    0.734072    
                                    0.161870    
                                    0.030009    
                                    0.002397    
    5.466159    0.281202    0.263869    0.195011    0.004150
  1  1
          1.

  1  1
                      1.

  1  1
                                  1.

  1  1
                                              1.

  1  1
                                                          1.

  1  1
                                                                      1.

  1  1

          1.
  7                                                            Z2  BVs 8 - 14
  7  5
                                    17.579710   
                                    6.657327    
                                    0.714808    
                                    0.336389    
                                    0.327118    
                                    0.117172    
                                    0.015503    
    3.386189    1.668871    0.392406    0.038567    0.024785
  1  1
          1.

  1  1
                      1.

  1  1
                                  1.

  1  1
                                              1.

  1  1
                                                          1.

  1  1
                                                                      1.

  1  1

          1.
eob-tni/123_123
elu-tni/000_000
eob-tni/123_123
elu-tni/000_000
eob-tni/123_123
elu-tni/000_000
