 11  2 12 31  1  1 +2  0  0 -1
  1  1  1  1  0  0  0  0  0  0  0  0  0  0  1  1
   0.0000000   1.0000000   0.0000000   0.0000000   0.0000000   0.0000000   0.0000000
   0.0000000   0.0000000   0.0000000   0.0000000   0.0000000   0.0000000   1.0000000
   0.0000000   0.0000000   0.0000000   0.0000000   0.0000000   0.0000000   0.0000000
   0.0000000   0.0000000   0.0000000   0.0000000   0.0000000   0.0000000   0.0000000
   0.0000000   0.0000000
   0  37   0   0   0   1
  78
0.000104262         
-0.000127914        
0.003408155         
0.008517925         
0.006715859         
0.003332082         
0.003920042         
0.002707047         
0.000696002         
0.000779112         
0.000307996         
0.000012930         
0.000039233         
-0.002090655        
-0.005225126        
-0.004119690        
-0.002043989        
-0.002404660        
-0.001660576        
-0.000426947        
-0.000477929        
-0.000188933        
-0.000007931        
0.027851841         
0.139218976         
0.109765586         
0.054460328         
0.064070090         
0.044244611         
0.011375625         
0.012733993         
0.005033957         
0.000211324         
0.173973445         
0.274334688         
0.136111487         
0.160128951         
0.110579572         
0.028430847         
0.031825785         
0.012581256         
0.000528157         
0.108148001         
0.107315523         
0.126251813         
0.087185180         
0.022415971         
0.025092671         
0.009919546         
0.000416419         
0.026622363         
0.062639990         
0.043257033         
0.011121711         
0.012449759         
0.004921594         
0.000206607         
0.036846544         
0.050889924         
0.013084186         
0.014646573         
0.005790031         
0.000243064         
0.017571420         
0.009035491         
0.010114422         
0.003998397         
0.000167851         
0.001161547         
0.002600495         
0.001028018         
0.000043156         
0.001455510         
0.001150774         
0.000048309         
0.000227460         
0.000019097         
0.000000401         
  0  0  0
  78   1   2   3   4   5   6   7   8   9  10  11  12  13  14  15  16  17  18  19
  20  21  22  23  24  25  26  27  28  29  30  31  32  33  34  35  36  37  38  39
  40  41  42  43  44  45  46  47  48  49  50  51  52  53  54  55  56  57  58  59
  60  61  62  63  64  65  66  67  68  69  70  71  72  73  74  75  76  77  78
   1   2   3   4   5   6   7   8   9  10  11  12  13  14  15  16  17  18  19  20
  21  22  23  24  25  26  27  28  29  30  31  32  33  34  35  36  37  38  39  40
  41  42  43  44  45  46  47  48  49  50  51  52  53  54  55  56  57  58  59  60
  61  62  63  64  65  66  67  68  69  70  71  72  73  74  75  76  77  78
  1  1  1  1  1  1  1  1  1  1  1  1  1  1  1  1  1  1  1  1
  0  0  0 -1
   1   2
35  
  0  1  0  1  0  1  0
  0  0  0
   1   3
25  
  0  1  0  1  0  1  0
  0  0  0
   1   4
45  
  0  1  0  1  0  1  0
  0  0  0
   1   5
38  
  0  1  0  1  0  1  0
  0  0  0
   1   6
45  
  0  1  0  1  0  1  0
  0  0  0
   1   7
26  
  0  1  0  1  0  1  0
  0  0  0
   1   8
35  
  0  1  0  1  0  1  0
  0  0  0
   1   9
43  
  0  1  0  1  0  1  0
  0  0  0
   1  10
25  
  0  1  0  1  0  1  0
  0  0  0
   1  11
45  
  0  1  0  1  0  1  0
  0  0  0
   1  12
34  
  0  1  0  1  0  1  0
  0  0  0
   1  13
43  
  0  1  0  1  0  1  0
  0  0  0
   1  14
25  
  0  1  0  1  0  1  0
  0  0  0
   1  15
34  
  0  1  0  1  0  1  0
  0  0  0
   1  16
43  
  0  1  0  1  0  1  0
  0  0  0
   1  17
34  
  0  1  0  1  0  1  0
  0  0  0
   1  18
34  
  0  1  0  1  0  1  0
  0  0  0
   1  19
35  
  0  1  0  1  0  1  0
  0  0  0
   1  20
37  
  0  1  0  1  0  1  0
  0  0  0
   1  21
36  
  0  1  0  1  0  1  0
  0  0  0
   1  22
44  
  0  1  0  1  0  1  0
  0  0  0
   1  23
45  
  0  1  0  1  0  1  0
  0  0  0
   1  24
26  
  0  1  0  1  0  1  0
  0  0  0
   1  25
44  
  0  1  0  1  0  1  0
  0  0  0
   1  26
45  
  0  1  0  1  0  1  0
  0  0  0
   1  27
45  
  0  1  0  1  0  1  0
  0  0  0
   1  28
34  
  0  1  0  1  0  1  0
  0  0  0
   1  29
37  
  0  1  0  1  0  1  0
  0  0  0
   1  30
35  
  0  1  0  1  0  1  0
  0  0  0
   1  31
44  
  0  1  0  1  0  1  0
  0  0  0
   1  32
26  
  0  1  0  1  0  1  0
  0  0  0
   1  33
25  
  0  1  0  1  0  1  0
  0  0  0
   1  34
37  
  0  1  0  1  0  1  0
  0  0  0
   1  35
26  
  0  1  0  1  0  1  0
  0  0  0
   1  36
35  
  0  1  0  1  0  1  0
  0  0  0
   1  37
25  
  0  1  0  1  0  1  0
  0  0  0
   1  38
36  
  0  1  0  1  0  1  0
  0  0  0
   1  39
43  
  0  1  0  1  0  1  0
  0  0  0
   1  40
34  
  0  1  0  1  0  1  0
  0  0  0
   1  41
35  
  0  1  0  1  0  1  0
  0  0  0
   1  42
34  
  0  1  0  1  0  1  0
  0  0  0
   1  43
37  
  0  1  0  1  0  1  0
  0  0  0
   1  44
25  
  0  1  0  1  0  1  0
  0  0  0
   1  45
37  
  0  1  0  1  0  1  0
  0  0  0
   1  46
36  
  0  1  0  1  0  1  0
  0  0  0
   1  47
25  
  0  1  0  1  0  1  0
  0  0  0
   1  48
35  
  0  1  0  1  0  1  0
  0  0  0
   1  49
34  
  0  1  0  1  0  1  0
  0  0  0
   1  50
38  
  0  1  0  1  0  1  0
  0  0  0
   1  51
26  
  0  1  0  1  0  1  0
  0  0  0
   1  52
43  
  0  1  0  1  0  1  0
  0  0  0
   1  53
34  
  0  1  0  1  0  1  0
  0  0  0
   1  54
38  
  0  1  0  1  0  1  0
  0  0  0
   1  55
43  
  0  1  0  1  0  1  0
  0  0  0
   1  56
25  
  0  1  0  1  0  1  0
  0  0  0
   1  57
35  
  0  1  0  1  0  1  0
  0  0  0
   1  58
26  
  0  1  0  1  0  1  0
  0  0  0
   1  59
44  
  0  1  0  1  0  1  0
  0  0  0
   1  60
37  
  0  1  0  1  0  1  0
  0  0  0
   1  61
36  
  0  1  0  1  0  1  0
  0  0  0
   1  62
36  
  0  1  0  1  0  1  0
  0  0  0
   1  63
26  
  0  1  0  1  0  1  0
  0  0  0
   1  64
35  
  0  1  0  1  0  1  0
  0  0  0
   1  65
43  
  0  1  0  1  0  1  0
  0  0  0
   1  66
36  
  0  1  0  1  0  1  0
  0  0  0
   1  67
35  
  0  1  0  1  0  1  0
  0  0  0
   1  68
37  
  0  1  0  1  0  1  0
  0  0  0
   1  69
26  
  0  1  0  1  0  1  0
  0  0  0
   1  70
26  
  0  1  0  1  0  1  0
  0  0  0
   1  71
44  
  0  1  0  1  0  1  0
  0  0  0
   1  72
34  
  0  1  0  1  0  1  0
  0  0  0
   1  73
36  
  0  1  0  1  0  1  0
  0  0  0
   1  74
37  
  0  1  0  1  0  1  0
  0  0  0
   1  75
44  
  0  1  0  1  0  1  0
