 10  8  9  3 00  0  0  0  0
/home/johannesk/kette_repo/limit_cycles/src_python/../systems/2/2.00/nnn_pot
  8
  8 20
                                                10.437236   10.437236   
                                                10.437236   2.492430    
                                                10.437236   1.644080    
                                                10.437236   0.999390    
                                                10.437236   0.436380    
                                                10.437236   0.249863    
                                                10.437236   0.077865    
                                                10.437236   0.020398    
  129.566500   51.346700   29.472870   13.423390    8.214456    4.447413
    2.939000    1.690174    1.185236    0.843000    0.500110    0.257369
    0.138520    0.071429    0.038519    0.018573    0.009726    0.005619
    0.002765    0.001010
  1  1
          1.

  1  1
                      1.

  1  1
                                  1.

  1  1
                                              1.

  1  1
                                                          1.

  1  1
                                                                      1.

  1  1

          1.
  1  1

                      1.
  8
  8 20
                                                2.492430    2.492430    
                                                2.492430    1.644080    
                                                2.492430    0.999390    
                                                2.492430    0.436380    
                                                2.492430    0.249863    
                                                2.492430    0.077865    
                                                2.492430    0.020398    
                                                1.644080    1.644080    
  129.566500   51.346700   29.472870   13.423390    8.214456    4.447413
    2.939000    1.690174    1.185236    0.843000    0.500110    0.257369
    0.138520    0.071429    0.038519    0.018573    0.009726    0.005619
    0.002765    0.001010
  1  1
          1.

  1  1
                      1.

  1  1
                                  1.

  1  1
                                              1.

  1  1
                                                          1.

  1  1
                                                                      1.

  1  1

          1.
  1  1

                      1.
  8
  8 20
                                                1.644080    0.999390    
                                                1.644080    0.436380    
                                                1.644080    0.249863    
                                                1.644080    0.077865    
                                                1.644080    0.020398    
                                                0.999390    0.999390    
                                                0.999390    0.436380    
                                                0.999390    0.249863    
  129.566500   51.346700   29.472870   13.423390    8.214456    4.447413
    2.939000    1.690174    1.185236    0.843000    0.500110    0.257369
    0.138520    0.071429    0.038519    0.018573    0.009726    0.005619
    0.002765    0.001010
  1  1
          1.

  1  1
                      1.

  1  1
                                  1.

  1  1
                                              1.

  1  1
                                                          1.

  1  1
                                                                      1.

  1  1

          1.
  1  1

                      1.
  8
  8 20
                                                0.999390    0.077865    
                                                0.999390    0.020398    
                                                0.436380    0.436380    
                                                0.436380    0.249863    
                                                0.436380    0.077865    
                                                0.436380    0.020398    
                                                0.249863    0.249863    
                                                0.249863    0.077865    
  129.566500   51.346700   29.472870   13.423390    8.214456    4.447413
    2.939000    1.690174    1.185236    0.843000    0.500110    0.257369
    0.138520    0.071429    0.038519    0.018573    0.009726    0.005619
    0.002765    0.001010
  1  1
          1.

  1  1
                      1.

  1  1
                                  1.

  1  1
                                              1.

  1  1
                                                          1.

  1  1
                                                                      1.

  1  1

          1.
  1  1

                      1.
  4
  4 20
                                                0.249863    0.020398    
                                                0.077865    0.077865    
                                                0.077865    0.020398    
                                                0.020398    0.020398    
  129.566500   51.346700   29.472870   13.423390    8.214456    4.447413
    2.939000    1.690174    1.185236    0.843000    0.500110    0.257369
    0.138520    0.071429    0.038519    0.018573    0.009726    0.005619
    0.002765    0.001010
  1  1
          1.
  1  1
                      1.
  1  1
                                  1.
  1  1
                                              1.
eob-tni/nn1s_nn1s_S0_nn1s_nn1s_S0
elu-tni/000-0_000-0
eob-tni/nn1s_nn1s_S0_nn1s_nn1s_S0
elu-tni/000-0_000-0
eob-tni/nn1s_nn1s_S0_nn1s_nn1s_S0
elu-tni/000-0_000-0
eob-tni/nn1s_nn1s_S0_nn1s_nn1s_S0
elu-tni/000-0_000-0
eob-tni/nn1s_nn1s_S0_nn1s_nn1s_S0
elu-tni/000-0_000-0
eob-tni/nn1s_nn1s_S0_nn1s_nn1s_S0
elu-tni/000-0_000-0
eob-tni/nn1s_nn1s_S0_nn1s_nn1s_S0
elu-tni/000-0_000-0
eob-tni/nn1s_nn1s_S0_nn1s_nn1s_S0
elu-tni/000-0_000-0
eob-tni/nn1s_nn1s_S0_nn1s_nn1s_S0
elu-tni/000-0_000-0
eob-tni/nn1s_nn1s_S0_nn1s_nn1s_S0
elu-tni/000-0_000-0
eob-tni/nn1s_nn1s_S0_nn1s_nn1s_S0
elu-tni/000-0_000-0
eob-tni/nn1s_nn1s_S0_nn1s_nn1s_S0
elu-tni/000-0_000-0
eob-tni/nn1s_nn1s_S0_nn1s_nn1s_S0
elu-tni/000-0_000-0
eob-tni/nn1s_nn1s_S0_nn1s_nn1s_S0
elu-tni/000-0_000-0
eob-tni/nn1s_nn1s_S0_nn1s_nn1s_S0
elu-tni/000-0_000-0
