 10  8  9  3 00  0  0  0  0
nnn_pot
  5                                                            Z1  BVs 1 - 5
  5  4
                                    7.365892    
                                    1.964031    
                                    0.132231    
                                    0.028689    
                                    0.004613    
    1.843641    0.051654    0.029443    0.002070
  1  1
          1.
  1  1
                      1.
  1  1
                                  1.
  1  1
                                              1.
  1  1
                                                          1.
  5                                                            Z2  BVs 6 - 10
  5  4
                                    9.337456    
                                    3.661773    
                                    1.006419    
                                    0.226097    
                                    0.045330    
   11.204231    0.000171    0.000159    0.000100
  1  1
          1.
  1  1
                      1.
  1  1
                                  1.
  1  1
                                              1.
  1  1
                                                          1.
eob-tni/123_123
elu-tni/000_000
eob-tni/123_123
elu-tni/000_000
eob-tni/123_123
elu-tni/000_000
