 10  8  9  3 00  0  0  0  0
nnn_pot
  6                                                            Z1  BVs 1 - 6
  6  4
                                    26.986174   
                                    9.651847    
                                    3.966697    
                                    1.496702    
                                    0.120584    
                                    0.077509    
   23.888838    1.896455    0.425781    0.003537
  1  1
          1.
  1  1
                      1.
  1  1
                                  1.
  1  1
                                              1.
  1  1
                                                          1.
  1  1
                                                                      1.
  6                                                            Z2  BVs 7 - 12
  6  4
                                    18.282030   
                                    4.721673    
                                    0.240615    
                                    0.199094    
                                    0.159748    
                                    0.004150    
    4.113171    1.496302    0.907930    0.120904
  1  1
          1.
  1  1
                      1.
  1  1
                                  1.
  1  1
                                              1.
  1  1
                                                          1.
  1  1
                                                                      1.
eob-tni/123_123
elu-tni/000_000
eob-tni/123_123
elu-tni/000_000
eob-tni/123_123
elu-tni/000_000
