 10  8  9  3 00  0  0  0  0
nnn_pot
  5                                                            Z1  BVs 1 - 5
  5  4
                                    3.845619    
                                    3.234715    
                                    1.407296    
                                    0.050857    
                                    0.036496    
    6.568584    0.301219    0.236447    0.005757
  1  1
          1.
  1  1
                      1.
  1  1
                                  1.
  1  1
                                              1.
  1  1
                                                          1.
  5                                                            Z2  BVs 6 - 10
  5  4
                                    7.486737    
                                    1.237139    
                                    0.605636    
                                    0.347167    
                                    0.007509    
    7.425677    0.455892    0.385162    0.091467
  1  1
          1.
  1  1
                      1.
  1  1
                                  1.
  1  1
                                              1.
  1  1
                                                          1.
eob-tni/123_123
elu-tni/000_000
eob-tni/123_123
elu-tni/000_000
eob-tni/123_123
elu-tni/000_000
