 10  8  9  3 00  0  0  0  0
nn_pot
  8                                                            Z1  BVs 1 - 8
  8  6
                                    14.275817   
                                    9.875837    
                                    7.782806    
                                    6.390490    
                                    1.417497    
                                    1.254519    
                                    0.838698    
                                    0.248040    
    6.662535    2.230499    1.312107    0.216407    0.183531    0.118678
  1  1
          1.

  1  1
                      1.

  1  1
                                  1.

  1  1
                                              1.

  1  1
                                                          1.

  1  1
                                                                      1.

  1  1

          1.
  1  1

                      1.
  8                                                            Z2  BVs 9 - 16
  8  6
                                    47.305004   
                                    8.806604    
                                    1.974225    
                                    0.356868    
                                    0.165796    
                                    0.018030    
                                    0.016784    
                                    0.016064    
    6.069152    0.713715    0.391344    0.185590    0.177258    0.005998
  1  1
          1.

  1  1
                      1.

  1  1
                                  1.

  1  1
                                              1.

  1  1
                                                          1.

  1  1
                                                                      1.

  1  1

          1.
  1  1

                      1.
eob/t_no1_t_no1
elu/000_000
eob/t_no6_t_no1
elu/000_000
eob/t_no6_t_no6
elu/000_000
