 10  8  9  3 00  0  0  0  0
nn_pot
  8                                                            Z1  BVs 1 - 8
  8  8
                                    79.865875   
                                    27.568474   
                                    7.299901    
                                    4.768573    
                                    1.911587    
                                    0.489955    
                                    0.109220    
                                    0.109039    
   23.647947   17.741667    3.630475    0.933318    0.310471    0.310043
    0.044493    0.039634
  1  1
          1.

  1  1
                      1.

  1  1
                                  1.

  1  1
                                              1.

  1  1
                                                          1.

  1  1
                                                                      1.

  1  1

          1.
  1  1

                      1.
  8                                                            Z2  BVs 9 - 16
  8  8
                                    54.929157   
                                    14.896049   
                                    9.901330    
                                    7.797441    
                                    1.406948    
                                    0.832030    
                                    0.209303    
                                    0.030894    
   69.015076   23.983364    7.915785    7.915540    3.233860    0.310209
    0.124832    0.046874
  1  1
          1.

  1  1
                      1.

  1  1
                                  1.

  1  1
                                              1.

  1  1
                                                          1.

  1  1
                                                                      1.

  1  1

          1.
  1  1

                      1.
eob/t_no1_t_no1
elu/000_000
eob/t_no6_t_no1
elu/000_000
eob/t_no6_t_no6
elu/000_000
