  0  2  2  1  0
  1  1  1  1  1  1  1  1  1  1  1  1  1  1  1
  4
  4  3
  3  6  1  2            No1: t=0, S=1/2, l=even
  1  1  1
  1  3  4
  1  4  3
  2  3  3
  3  1  4
  3  2  3
  4  1  3
  1  3
 -1 12
 -1 12
 -1  3
  1 12
  1 12
  3  6  1  2            No1: t=0, S=1/2, l=even
  1  1  1
  1  3  4
  1  4  3
  2  3  3
  3  1  4
  3  2  3
  4  1  3
  1  3
 -1 12
 -1 12
 -1  3
  1 12
  1 12
  3  6  1  2            No6: t=1, S=1/2, l=even
  1  1  1
  1  4  3
  2  3  3
  3  2  3
  4  1  3
  3  4  1
  4  3  1
  1 12
 -1 12
  1 12
 -1 12
 -1  3
  1  3
  3  6  1  2            No6: t=1, S=1/2, l=even
  1  1  1
  1  4  3
  2  3  3
  3  2  3
  4  1  3
  3  4  1
  4  3  1
  1 12
 -1 12
  1 12
 -1 12
 -1  3
  1  3
t_no1_t_no1
t_no1_t_no1
t_no1_t_no6
t_no1_t_no6
t_no1_t_no1
t_no1_t_no1
t_no1_t_no6
t_no1_t_no6
t_no6_t_no1
t_no6_t_no1
t_no6_t_no6
t_no6_t_no6
t_no6_t_no1
t_no6_t_no1
t_no6_t_no6
t_no6_t_no6
