 10  8  9  3 00  0  0  0  0
nnn_pot
  8                                                            Z1  BVs 1 - 8
  8  6
                                    8.574325    
                                    4.791847    
                                    0.960191    
                                    0.113729    
                                    0.109822    
                                    0.010188    
                                    0.006438    
                                    0.000269    
    4.238133    1.116066    0.491758    0.091796    0.088118    0.000017
  1  1
          1.

  1  1
                      1.

  1  1
                                  1.

  1  1
                                              1.

  1  1
                                                          1.

  1  1
                                                                      1.

  1  1

          1.
  1  1

                      1.
  8                                                            Z2  BVs 9 - 16
  8  6
                                    10.957301   
                                    4.743971    
                                    1.442879    
                                    0.352561    
                                    0.148823    
                                    0.044076    
                                    0.004004    
                                    0.000262    
    0.368847    0.211134    0.108542    0.033858    0.004393    0.000045
  1  1
          1.

  1  1
                      1.

  1  1
                                  1.

  1  1
                                              1.

  1  1
                                                          1.

  1  1
                                                                      1.

  1  1

          1.
  1  1

                      1.
eob-tni/t_no1_t_no1
elu-tni/000_000
eob-tni/t_no6_t_no1
elu-tni/000_000
eob-tni/t_no6_t_no6
elu-tni/000_000
