 10  8  9  3 00  0  0  0  0
nnn_pot
  5                                                            Z1  BVs 1 - 5
  5  4
                                    7.863402    
                                    1.462391    
                                    0.249866    
                                    0.016111    
                                    0.006339    
    6.153820    0.071737    0.031991    0.003562
  1  1
          1.
  1  1
                      1.
  1  1
                                  1.
  1  1
                                              1.
  1  1
                                                          1.
  5                                                            Z2  BVs 6 - 10
  5  4
                                    15.889483   
                                    4.246773    
                                    1.364575    
                                    0.446701    
                                    0.101926    
    3.986140    1.160720    0.024057    0.007761
  1  1
          1.
  1  1
                      1.
  1  1
                                  1.
  1  1
                                              1.
  1  1
                                                          1.
eob-tni/123_123
elu-tni/000_000
eob-tni/123_123
elu-tni/000_000
eob-tni/123_123
elu-tni/000_000
